 TITLE = "Density VS Temperature for Oxygen" 

VARIABLES =  T	rho_NIST_0.1Mpa	rho_Soave_0.1Mpa	rho_new_0.1Mpa	rho_NIST_1Mpa	rho_Soave_1Mpa	rho_new_1Mpa	rho_NIST_3Mpa	rho_Soave_3Mpa	rho_new_3Mpa	rho_NIST_5Mpa	rho_Soave_5Mpa	rho_new_5Mpa	rho_NIST_7Mpa	rho_Soave_7Mpa	rho_new_7Mpa	rho_NIST_10Mpa	rho_Soave_10Mpa	rho_new_10Mpa	
60	1282.1	1435.077686	1267.25847	1283.2	1435.969584	1271.555042	1285.6	1437.912625	1280.549853	1287.9	1439.804	1288.872479	1290.3	1441.646088	1296.613942	1293.7	1444.321618	1307.292963
65	1259.8	1414.015193	1242.374097	1261	1415.074872	1247.127172	1263.6	1417.379323	1257.039309	1266.2	1419.617212	1266.168722	1268.7	1421.791909	1274.628201	1272.4	1424.942226	1286.252011
70	1237.1	1391.728506	1218.030463	1238.4	1392.983779	1223.260953	1241.2	1395.708018	1234.123581	1244.1	1398.346464	1244.079831	1246.8	1400.903908	1253.268561	1250.9	1404.597714	1265.843244
75	1214	1368.109432	1193.546305	1215.5	1369.594091	1199.302119	1218.6	1372.808557	1211.199488	1221.7	1375.912181	1222.044588	1224.7	1378.911818	1232.00919	1229.2	1383.22977	1245.585019
80	1190.6	1343.028612	1168.436	1192.2	1344.784239	1174.791135	1195.7	1348.57492	1187.854379	1199.1	1352.221781	1199.686522	1202.4	1355.734715	1210.502598	1207.3	1360.772206	1225.16423
85	1166.7	1316.329614	1142.290061	1168.4	1318.408138	1149.348797	1172.3	1322.881402	1163.760727	1176.1	1327.166871	1176.715491	1179.7	1331.278991	1188.486985	1185.1	1337.149762	1204.350838
90	1142.1	1287.820472	1114.826585	1144.1	1290.287874	1122.727321	1148.4	1295.577347	1138.72477	1152.6	1300.619487	1152.97312	1156.7	1305.435697	1165.828475	1162.6	1312.276595	1183.035798
95	4.1642	4.1463334	4.13106653	1119	1260.203102	1095.032552	1123.9	1266.479738	1112.887065	1128.6	1272.426945	1128.614937	1133.1	1278.077013	1142.68783	1139.7	1286.054348	1161.379053
100	3.9411	3.928998687	3.917826852	1093	1227.875152	1066.695357	1098.5	1235.362496	1086.686188	1103.9	1242.404662	1104.068831	1109	1249.051478	1119.475727	1116.3	1258.369685	1139.762641
105	3.7418	3.733811543	3.725792602	1065.8	1192.942222	1037.817563	1072.2	1201.940511	1060.268607	1078.2	1210.325889	1079.494393	1084	1218.177455	1096.352595	1092.2	1229.091116	1118.339867
110	3.5625	3.557485459	3.551860407	1037.2	1154.918637	1007.292872	1044.6	1165.844844	1032.750665	1051.6	1175.906567	1054.138956	1058.2	1185.233949	1072.653509	1067.4	1198.064866	1096.536007
115	3.4001	3.39736435	3.393482186	1006.7	1113.123483	972.7953382	1015.5	1126.582289	1002.328161	1023.6	1138.782153	1026.493438	1031.2	1149.947367	1047.062794	1041.8	1165.109452	1073.23056
120	3.2524	3.251276168	3.248630482	38.246	38.40174541	37.23924718	984.3	1083.465119	967.6218628	993.94	1098.470488	995.5513061	1002.8	1111.971824	1018.780184	1015	1130.008465	1047.801484
125	3.1174	3.117425978	3.11571052	35.777	36.03922271	35.27640944	950.5	1035.478651	929.1887969	962.23	1054.308798	962.1264215	972.81	1070.858678	988.6763222	987.05	1092.500887	1021.10163
130	2.9935	2.99431651	2.993392624	33.715	34.01412665	33.54228657	913.01	981.0018705	889.1133126	927.76	1005.338672	928.3698897	940.66	1026.007229	958.7681905	957.54	1052.267971	994.9232498
135	2.8793	2.880688187	2.880449194	31.942	32.24939716	31.99617153	869.91	917.1121622	847.0822484	889.49	950.0743081	894.5255574	905.73	976.5802741	929.3760307	926.17	1008.915491	969.5695723
140	2.7736	2.775473245	2.775704787	30.39	30.69155022	30.58815854	816.97	837.3054175	793.6835892	845.54	885.9656921	854.9225793	867.04	921.3488734	896.0788726	892.47	961.9501515	941.5317552
145	2.6756	2.677760188	2.678116341	29.014	29.30190175	29.27481356	117.06	120.416616	119.5404867	791.96	807.8526075	795.9734604	822.91	858.3799342	849.4869889	855.79	910.7502607	903.902915
150	2.5845	2.58676593	2.586884006	27.779	28.05154916	28.03595957	105.75	109.0044457	108.6157818	717.26	701.2418072	688.9689601	770.16	784.3293205	777.0885482	815.2	854.5372783	849.4129377
155	2.4994	2.501813746	2.501469716	26.664	26.91832395	26.87602943	97.576	100.5254838	99.65365699	284.95	297.2185311	265.5733265	701.63	692.5983359	662.2374067	769.3	792.3800096	774.0827697
160	2.4199	2.422315654	2.421493566	25.648	25.88484997	25.80889017	91.156	93.79571562	92.43706591	207.36	217.5621979	204.1635461	595.61	568.5384318	481.0082661	716.01	723.3530009	680.6507838
165	2.3453	2.347758212	2.346591103	24.718	24.93725695	24.84049088	85.875	88.23546529	86.67883324	179.97	188.1865899	177.7618829	411.92	411.4913516	337.2899822	652.5	647.2441813	581.227578
170	2.2752	2.277690974	2.276338277	23.861	24.06429957	23.96256782	81.4	83.51449276	82.00465764	162.68	169.5567371	161.321742	305.95	317.0686308	278.3404082	577.01	566.613353	493.3641795
175	2.2093	2.211717051	2.210276664	23.069	23.25673744	23.15836351	77.526	79.42574387	78.05588643	150.06	155.9467138	149.3930318	259.04	269.7056547	245.4787873	495.45	489.2944845	425.5272724
180	2.1471	2.149485322	2.147985295	22.333	22.50688813	22.41228634	74.118	75.83045027	74.58099685	140.16	145.2750944	139.8330641	230.6	240.0296462	222.6593171	423.27	424.5682794	374.5627136
185	2.0883	2.090683981	2.089125324	21.648	21.80829821	21.71527788	71.083	72.6309093	71.45665022	132.04	136.5381836	131.7781316	210.58	218.8649976	205.1127189	369.11	374.9790768	335.743086
190	2.0328	2.035035146	2.033430214	21.007	21.15549676	21.06362845	68.351	69.75566413	68.64005252	125.18	129.1722497	124.8981598	195.29	202.6110454	191.1165003	329.85	337.54982	305.9698991
195	1.9801	1.982290346	1.98066811	20.406	20.54380761	20.4548398	65.872	67.15084554	66.10558393	119.26	122.8282606	118.9993482	183.02	189.5262935	179.7620932	300.49	308.6674273	282.9100021
200	1.9301	1.932226702	1.930615896	19.842	19.96920434	19.88505881	63.608	64.77482584	63.81377032	114.07	117.274859	113.8796097	172.82	178.6448484	170.3317653	277.64	285.6996998	264.5541583
205	1.8826	1.884643701	1.883059052	19.31	19.42819682	19.34942675	61.527	62.59476763	61.716934	109.45	112.3507245	109.3411864	164.13	169.3781443	162.2439378	259.23	266.9209904	249.335426
210	1.8374	1.839360443	1.837803856	18.808	18.91774139	18.84367714	59.604	60.58431208	59.77667186	105.3	107.9388784	105.2398094	156.6	161.3422147	155.1119924	243.97	251.2044519	236.2589683
215	1.7943	1.796213288	1.794683564	18.333	18.435169	18.36497003	57.82	58.72198211	57.97121266	101.55	103.951803	101.4975154	149.96	154.2732901	148.7332949	231.04	237.7958026	224.8155246
220	1.7532	1.755053839	1.753553387	17.883	17.9781272	17.91147616	56.158	56.99004982	56.28947313	98.123	100.3223284	98.07546412	144.04	147.9826947	143.0059002	219.88	226.1741793	214.7479783
225	1.7139	1.715747193	1.714281469	17.456	17.54453288	17.48153977	54.605	55.37371476	54.72172848	94.978	96.99779211	94.94113696	138.72	142.3310082	137.8481183	210.12	215.9688007	205.8545797
230	1.6764	1.678170441	1.676743935	17.05	17.13253346	17.0732861	53.148	53.86049588	53.25567679	92.076	93.93615518	92.05569449	133.89	137.2124202	133.1696515	201.46	206.9083392	197.923465
235	1.6405	1.642211356	1.640825367	16.664	16.74047476	16.684793	51.779	52.43977349	51.87836933	89.384	91.10333634	89.38000938	129.48	132.5448154	128.8839594	193.71	198.7893405	190.7596063
240	1.6062	1.607767252	1.60642086	16.295	16.36687424	16.31440541	50.488	51.10243901	50.57935619	86.879	88.47133234	86.88381411	125.43	128.2632493	124.9262236	186.72	191.4559436	184.2210809
245	1.5732	1.574743988	1.573436146	15.943	16.01039862	15.96082866	49.268	49.84062334	49.35148188	84.538	86.016862	84.54741142	121.68	124.3155155	121.2553398	180.36	184.7864847	178.2199575
250	1.5416	1.543055093	1.541785607	15.607	15.66984493	15.62299079	48.113	48.64748353	48.1894347	82.344	83.72036779	82.35684843	118.21	120.6590498	117.8428782	174.54	178.6844136	172.6966223
255	1.5112	1.512621	1.511390058	15.285	15.34412447	15.29987733	47.017	47.51703339	47.08812935	80.282	81.56526761	80.29895147	114.97	117.2587175	114.6624917	169.18	173.0719841	167.596702
260	1.482	1.483368365	1.482175723	14.977	15.03224918	14.99048382	45.976	46.44400762	46.04228753	78.338	79.5373851	78.36008426	111.95	114.085197	111.6873121	164.23	167.8857769	162.8655402
265	1.4539	1.455229472	1.454074222	14.681	14.73331992	14.6938668	44.985	45.42375175	45.04695945	76.501	77.62450973	76.52765774	109.11	111.1137786	108.8929446	159.64	163.0734584	158.45431
270	1.4269	1.428141697	1.427022627	14.397	14.44651638	14.40919527	44.04	44.45213225	44.09802264	74.762	75.81605275	74.79151597	106.45	108.3234563	106.2601216	155.35	158.5913943	154.3252085
275	1.4008	1.402047041	1.40096304	14.125	14.17108841	14.13574646	43.138	43.52546254	43.19214225	73.113	74.10277497	73.14375265	103.93	105.6962319	103.7741907	151.35	154.4028626	150.4501088
280	1.3757	1.376891708	1.375841845	13.863	13.90634844	13.87286536	42.276	42.64044164	42.32639713	71.545	72.47656924	71.57759907	101.56	103.2165739	101.4228098	147.59	150.4766968	146.8056781
285	1.3515	1.352625727	1.351609092	13.61	13.65166497	13.61993397	41.45	41.79410295	41.49800791	70.052	70.93028476	70.08663851	99.304	100.8709918	99.19435546	144.05	146.7862424	143.3700872
290	1.3281	1.329202624	1.328218193	13.367	13.40645675	13.3763694	40.659	40.98377119	40.70433569	68.629	69.45758417	68.6648029	97.168	98.64769895	97.07790553	140.71	143.3085436	140.1229592
295	1.3055	1.306579112	1.305625779	13.133	13.17018781	13.14163518	39.9	40.20702609	39.94300042	67.269	68.05282618	67.30670408	95.136	96.53634043	95.06387731	137.56	140.023703	137.0466278
300	1.2837	1.284714829	1.283791501	12.907	12.94236297	12.91524414	39.171	39.46167148	39.21191761	65.969	66.71096857	66.00773013	93.201	94.52777385	93.14419737	134.57	136.9143729	134.126439
305	1.2626	1.26357209	1.262677725	12.689	12.72252399	12.69674873	38.47	38.7457089	38.50921894	64.725	65.42748736	64.76381785	91.356	92.61388978	91.31184087	131.74	133.9653458	131.3497991
310	1.2421	1.24311567	1.242249245	12.479	12.51024609	12.48573043	37.796	38.05731499	37.83316551	63.532	64.19830921	63.57120979	89.592	90.78746408	89.56035059	129.04	131.1632241	128.7052025
315	1.2224	1.223312605	1.222473094	12.275	12.30513487	12.28179803	37.147	37.39482198	37.182142	62.386	63.01975431	62.42643973	87.906	89.04203557	87.88380632	126.47	128.496149	126.1821659
320	1.2032	1.204132015	1.203318429	12.078	12.10682358	12.08459156	36.521	36.75670079	36.5547008	61.286	61.88848807	61.32645617	86.29	87.37180389	86.2770619	124.02	125.9535793	123.7716939
325	1.1847	1.185544939	1.184756385	11.888	11.91497068	11.8937813	35.917	36.1415464	35.94956039	60.228	60.80147988	60.26861788	84.74	85.77154386	84.73573292	121.68	123.5261061	121.4662457
330	1.1667	1.167524188	1.166759847	11.703	11.72925772	11.70905782	35.334	35.54806502	35.3655229	59.209	59.7559679	59.25046732	83.252	84.23653307	83.25575666	119.44	121.2053007	119.2588627
335	1.1492	1.150044215	1.149303233	11.525	11.54938728	11.53012165	34.771	34.97506291	34.80138814	58.228	58.7494287	58.26949713	81.822	82.76249049	81.83294338	117.29	118.9835851	117.1422882
340	1.1323	1.133080988	1.132362399	11.352	11.37508131	11.35668446	34.227	34.42143656	34.25597176	57.282	57.77955105	57.32320411	80.447	81.34552406	80.46308425	115.23	116.8541239	115.1091869
345	1.1158	1.116611881	1.115914678	11.184	11.20607952	11.18848249	33.7	33.88616397	33.72823106	56.368	56.8442132	56.40943698	79.122	79.98208581	79.14262164	113.25	114.8107324	113.1534635
350	1.0999	1.100615573	1.099938895	11.021	11.04213796	11.02528689	33.191	33.36829703	33.21736164	55.486	55.94146311	55.52666051	77.845	78.66893314	77.8691539	111.35	112.8477984	111.2712463
355	1.0843	1.085071954	1.084415193	10.862	10.88302769	10.86689408	32.697	32.86695475	32.72271532	54.633	55.06950114	54.67372997	76.613	77.40309546	76.64099876	109.52	110.9602151	109.4600246
360	1.0693	1.069962042	1.069324685	10.709	10.72853371	10.71309853	32.219	32.38131718	32.24356197	53.809	54.22666491	53.84924251	75.424	76.18184509	75.45595078	107.76	109.1433232	107.7162179
365	1.0546	1.055267902	1.054649191	10.56	10.57845381	10.56367352	31.755	31.91062003	31.77892447	53.011	53.41141594	53.05109238	74.274	75.00267203	74.31043616	106.06	107.3928618	106.0335373
370	1.0403	1.040972576	1.040371328	10.415	10.43259766	10.418386	31.305	31.45414992	31.32771664	52.238	52.62232791	52.27685233	73.163	73.86326185	73.20024959	104.42	105.7049248	104.4044381
375	1.0264	1.027060019	1.026474889	10.273	10.29078593	10.27704055	30.868	31.01124004	30.88913527	51.488	51.85807621	51.52484196	72.088	72.76147626	72.12259756	102.84	104.0759235	102.8241072
380	1.0129	1.013515034	1.012945101	10.136	10.15284948	10.13950968	30.443	30.58126626	30.46292981	50.762	51.11742872	50.79485703	71.047	71.69533604	71.07748435	101.31	102.5025542	101.2931514
385	0.99971	1.000323223	0.999768297	10.003	10.01862864	10.00570582	30.031	30.16364372	30.04915514	50.057	50.39923757	50.08749338	70.038	70.663006	70.0664135	99.829	100.9817689	99.8150505
390	0.98688	0.987470929	0.986931002	9.8726	9.887972555	9.87549561	29.63	29.75782365	29.6474178	49.373	49.70243181	49.40210446	69.061	69.66278158	69.0884954	98.397	99.5107508	98.38858723
395	0.97437	0.974945191	0.974419046	9.746	9.76073857	9.748615707	29.241	29.36329055	29.25614149	48.709	49.02601081	48.73482169	68.112	68.69307704	68.13669074	97.01	98.08689157	97.00057294
400	0.96217	0.962733701	0.96221745	9.6226	9.636791663	9.624666118	28.861	28.97955963	28.87251707	48.063	48.36903841	48.07843517	67.191	67.75241488	67.1976063	95.666	96.70777195	95.62549655
