 TITLE = "PR density_T" 

  VARIABLES = Temperature	PR_cp_01	NIST_cp_01	PR_cp_1	NIST_cp_1	PR_cp_3	NIST_cp_3	PR_cp_5	NIST_cp_5	PR_cp_7	NIST_cp_7	PR_cp_10	NIST_cp_10
220	233.5893935	233.45	860.4496363	953.55	890.1146708	976.23	904.4784204	987.18	911.5555316	992.56	925.5152223	1003.1
230	238.4505735	238.38	789.8314585	879.82	821.3203391	906.23	836.42	918.81	843.8292678	924.97	858.390651	937.02
240	243.1850125	243.15	231.3252281	228.46	755.6485908	835.35	771.7502084	849.99	779.6055252	857.09	794.9657117	870.91
250	247.8032512	247.79	237.3802886	235.08	692.209035	762.21	709.711619	779.62	718.1772736	787.97	734.611212	804.05
260	252.3144192	252.31	243.1205295	241.19	629.8809682	684.39	649.4401965	706.11	658.7715127	716.27	676.68742	735.5
270	256.7264857	256.72	248.5947874	246.91	566.9462042	597.75	589.7941446	627.14	600.4303922	640.22	620.4851726	664.15
280	261.0464554	261.03	253.8405631	252.33	499.8657491	495.52	528.9202743	539.49	541.7438675	557.45	565.1215957	588.67
290	265.2805247	265.25	258.8873817	257.48	237.00999	207.56	462.7018031	435.61	480.0627999	462.96	509.3199457	506.63
300	269.4342061	269.39	263.7589703	262.43	245.0723174	223.25	371.5133933	281.1	407.8022051	343.66	450.8540539	414.28
310	273.5124297	273.46	268.4747252	267.2	252.5056124	234.66	256.0480441	212.29	276.7471549	194.28	385.0198169	307.04
320	277.5196254	277.45	273.0507348	271.8	259.3972626	244.08	260.6927527	228.16	266.8672246	219.8	313.7936865	219.14
330	281.4597919	281.37	277.5005113	276.28	265.8417681	252.3	266.4751434	239.8	270.0054874	233.83	289.5505784	225.91
340	285.3365529	285.24	281.8355275	280.62	271.9131985	259.68	272.363804	249.45	274.8339579	244.79	286.6654752	238.14
350	289.1532051	289.04	286.0656186	284.86	277.6684765	266.45	278.1301544	257.89	280.0729058	254.1	288.5655448	248.62
360	292.9127579	292.79	290.1992873	289	283.1519572	272.74	283.7124809	265.47	285.3667012	262.32	292.0746465	257.77
370	296.6179676	296.49	294.2439411	293.05	288.3988496	278.64	289.0989481	272.42	290.5889239	269.78	296.2296098	265.97
380	300.2713665	300.13	298.2060771	297.02	293.4376015	284.23	294.2948705	278.88	295.6913784	276.65	300.6491063	273.47
390	303.8752877	303.73	302.0914298	300.91	298.2915621	289.55	299.3114887	284.94	300.6572695	283.05	305.1583998	280.4
400	307.4318864	307.28	305.9050888	304.72	302.980161	294.63	304.1616742	290.66	305.4835585	289.07	309.6704287	286.88
410	310.9431591	310.79	309.6515953	308.47	307.5197614	299.52	308.8582049	296.11	310.173454	294.76	314.1398992	292.99
420	314.410959	314.25	313.3350199	312.16	311.9242894	304.24	313.4130877	301.31	314.7329477	300.19	318.5430505	298.77
430	317.8370107	317.68	316.959028	315.79	316.205707	308.79	317.8373286	306.3	319.1691352	305.37	322.8678495	304.28
440	321.2229224	321.06	320.5269333	319.37	320.3743741	313.21	322.1408987	311.11	323.489378	310.36	327.1088937	309.55
450	324.5701968	324.41	324.0417431	322.89	324.439329	317.5	326.3327854	315.75	327.7008865	315.15	331.2646161	314.6
460	327.8802409	327.72	327.5061962	326.37	328.4085088	321.68	330.4210747	320.24	331.8105187	319.79	335.3356877	319.48
470	331.1543744	330.99	330.9227952	329.79	332.2889254	325.75	334.4130436	324.61	335.8246935	324.28	339.3240763	324.18
480	334.3938374	334.24	334.293834	333.18	336.0868068	329.73	338.3152489	328.85	339.7493645	328.64	343.2324778	328.74
490	337.5997972	337.44	337.6214214	336.52	339.807712	333.62	342.1336094	332.98	343.5900264	332.88	347.0639678	333.16
500	340.7733544	340.62	340.9075017	339.81	343.4566257	337.43	345.8734808	337.01	347.3517365	337	350.8217862	337.45
510	343.9155481	343.77	344.1538716	343.07	347.0380358	341.16	349.5397199	340.94	351.039145	341.03	354.5092033	341.63
520	347.0273614	346.88	347.3621963	346.3	350.5559992	344.82	353.136743	344.79	354.6565268	344.97	358.1294381	345.71
530	350.109725	349.97	350.5340223	349.48	354.0141957	348.42	356.6685751	348.56	358.2078143	348.81	361.6856091	349.69
540	353.1635221	353.03	353.6707892	352.64	357.4159747	351.95	360.1388941	352.26	361.6966276	352.58	365.1807065	353.58
550	356.1895912	356.06	356.7738404	355.76	360.7643943	355.43	363.5510687	355.89	365.1263038	356.28	368.6175772	357.39
560	359.1887299	359.06	359.8444314	358.84	364.0622548	358.85	366.9081918	359.45	368.4999231	359.9	371.99892	361.12
570	362.1616978	362.04	362.8837386	361.9	367.3121276	362.22	370.2131093	362.95	371.8203329	363.46	375.3272848	364.78
580	365.1092192	364.99	365.892866	364.93	370.5163802	365.54	373.4684459	366.39	375.0901694	366.96	378.605076	368.37
590	368.0319855	367.92	368.8728517	367.93	373.6771976	368.81	376.6766273	369.78	378.3118775	370.4	381.8345586	371.9
600	370.9306578	370.83	371.8246737	370.9	376.7966011	372.04	379.8398998	373.12	381.4877279	373.78	385.0178645	375.37
610	373.8058685	373.71	374.7492547	373.84	379.8764652	375.23	382.9603479	376.41	384.6198329	377.12	388.1569998	378.78
620	376.6582236	376.57	377.6474668	376.76	382.9185313	378.38	386.0399097	379.65	387.7101611	380.4	391.2538527	382.13
630	379.4883047	379.4	380.5201358	379.65	385.9244213	381.48	389.0803904	382.85	390.7605496	383.64	394.3102007	385.44
640	382.2966698	382.22	383.3680448	382.51	388.895648	384.56	392.0834743	386	393.7727156	386.83	397.3277181	388.7
650	385.0838557	385.01	386.1919373	385.36	391.8336258	387.59	395.0507362	389.12	396.7482666	389.98	400.3079829	391.91
660	387.8503791	387.79	388.9925206	388.18	394.739679	390.6	397.9836504	392.2	399.6887099	393.1	403.2524834	395.08
670	390.5967374	390.54	391.7704686	390.98	397.6150502	393.57	400.8835996	395.24	402.5954607	396.17	406.1626247	398.21
680	393.3234109	393.27	394.5264239	393.75	400.4609069	396.51	403.7518828	398.25	405.46985	399.21	409.0397342	401.3
690	396.030863	395.99	397.2610005	396.51	403.2783484	399.42	406.5897222	401.22	408.3131308	402.21	411.8850672	404.35
700	398.7195417	398.68	399.9747858	399.24	406.0684109	402.3	409.3982696	404.16	411.1264851	405.18	414.699812	407.36
710	401.3898805	401.36	402.6683425	401.95	408.8320732	405.15	412.1786117	407.07	413.9110289	408.11	417.4850945	410.34
720	404.0422993	404.02	405.3422103	404.65	411.5702611	407.98	414.9317758	409.95	416.6678176	411.01	420.2419827	413.28
730	406.6772051	406.66	407.9969076	407.32	414.2838514	410.78	417.6587342	412.8	419.3978506	413.89	422.9714907	416.2
740	409.294993	409.28	410.6329331	409.97	416.9736762	413.55	420.3604084	415.63	422.1020756	416.73	425.6745824	419.08
750	411.896047	411.89	413.2507669	412.61	419.6405258	416.31	423.037673	418.43	424.7813921	419.55	428.3521748	421.93
760	414.4807404	414.48	415.850872	415.23	422.2851526	419.03	425.6913594	421.2	427.4366556	422.34	431.0051415	424.76
770	417.0494366	417.05	418.4336955	417.83	424.9082731	421.74	428.3222588	423.94	430.0686802	425.11	433.6343156	427.55
780	419.60249	419.61	420.9996696	420.42	427.5105713	424.42	430.9311253	426.67	432.678242	427.85	436.2404925	430.32
790	422.140246	422.16	423.5492125	422.99	430.0927006	427.08	433.5186785	429.37	435.2660817	430.56	438.824432	433.07
800	424.6630422	424.68	426.0827298	425.54	432.6552863	429.72	436.0856062	432.04	437.8329071	433.26	441.3868613	435.79
