 TITLE = "Density VS Temperature for Oxygen" 

  VARIABLES = T	rho_NIST_0.1Mpa	rho_PR_0.1Mpa	rho_NIST_1Mpa	rho_PR_1Mpa	rho_NIST_5Mpa	rho_PR_5Mpa	rho_NIST_7Mpa	rho_PR_7Mpa	rho_NIST_8Mpa	rho_PR_8Mpa	rho_NIST_10Mpa	rho_PR_10Mpa
220	2.4394	2.437912151	1167	1113.546777	1175.6	1135.781142	1179.7	1145.663031	1181.7	1150.348552	1185.6	1159.266426
230	2.3288	2.32936478	1129	1067.03476	1139.3	1094.511257	1144.2	1106.42262	1146.5	1112.016456	1151.2	1122.576761
240	2.2282	2.230185063	24.857	24.4480676	1100.7	1049.343469	1106.6	1063.944658	1109.4	1070.712534	1114.9	1083.353023
250	2.1363	2.139197524	23.435	23.22672257	1058.9	999.1051869	1066.2	1017.44066	1069.7	1025.781073	1076.4	1041.131784
260	2.0519	2.055417357	22.215	22.13492252	1012.6	941.8235657	1022.1	965.709923	1026.5	976.262948	1035	995.279531
270	1.9741	1.97801294	21.147	21.15139267	959.39	873.6399752	972.5	906.7510832	978.46	920.6515472	989.46	944.8907275
280	1.9021	1.906276924	20.199	20.25954741	893.9	784.472657	914.25	836.7216317	922.92	856.3202576	938.22	888.5931939
290	1.8352	1.839603681	19.349	19.44621343	148.41	145.4476983	839.25	746.044478	854.2	777.8470607	878.06	824.1365732
300	1.773	1.777471525	18.579	18.70076042	128.4	130.7552665	706.06	580.186831	753.17	669.5732082	801.62	747.397515
310	1.715	1.719428558	17.878	18.01449201	116.13	120.0798868	210.63	223.1376594	327.71	381.8193657	685.77	649.5786354
320	1.6606	1.665081304	17.234	17.38020869	107.22	111.7080698	178.74	192.001432	231.91	257.2706622	448.28	511.7589493
330	1.6097	1.614085508	16.641	16.79188736	100.22	104.843589	160.11	172.6361776	198.87	219.6019188	310.26	370.6715104
340	1.5618	1.566138627	16.092	16.24444203	94.478	99.04619066	146.95	158.5616301	178.65	196.5972249	258.62	300.747929
350	1.5167	1.520973669	15.581	15.7335422	89.619	94.04514826	136.82	147.5437839	164.16	180.077616	228.8	261.9915218
360	1.4742	1.478354092	15.105	15.25547298	85.418	89.66146528	128.61	138.52748	152.93	167.25323	208.25	236.0379362
370	1.434	1.438069561	14.659	14.80702599	81.726	85.77036569	121.75	130.9261392	143.82	156.8227393	192.74	216.7992648
380	1.396	1.399932402	14.241	14.3854132	78.44	82.28128248	115.86	124.3785976	136.18	148.070382	180.38	201.6516734
390	1.3599	1.363774616	13.848	13.98819825	75.484	79.12634479	110.73	118.6461925	129.63	140.5593526	170.18	189.243338
400	1.3257	1.329445356	13.477	13.61324111	72.804	76.25335464	106.18	113.5627842	123.9	134.0031501	161.53	178.7907499
410	1.2931	1.296808785	13.127	13.25865306	70.355	73.62129634	102.11	109.0079928	118.84	128.2035962	154.05	169.8007543
420	1.2622	1.265742245	12.796	12.92275992	68.104	71.19735262	98.436	104.8917768	114.31	123.0178808	147.48	161.9434999
430	1.2327	1.236134695	12.482	12.60407159	66.024	68.95485678	95.09	101.1450194	110.21	118.3396926	141.63	154.9878376
440	1.2045	1.207885356	12.183	12.30125681	64.094	66.87184837	92.025	97.71351243	106.49	114.0877676	136.39	148.7657065
450	1.1776	1.180902557	11.899	12.01312205	62.295	64.93003014	89.2	94.55396068	103.07	110.1986065	131.63	143.1512115
460	1.1519	1.155102719	11.629	11.73859368	60.613	63.11399928	86.584	91.63124306	99.928	106.6216616	127.3	138.0476876
470	1.1273	1.130409481	11.371	11.476703	59.035	61.41067044	84.151	88.91648289	97.016	103.3160502	123.32	133.3793573
480	1.1037	1.106752934	11.125	11.22657339	57.55	59.80883575	81.88	86.38565627	94.307	100.2482489	119.65	129.0857581
490	1.0811	1.084068954	10.889	10.98740943	56.15	58.29882455	79.752	84.01856765	91.778	97.39043593	116.24	125.1179061
500	1.0594	1.062298612	10.664	10.75848748	54.826	56.87223681	77.754	81.79808217	89.41	94.71927493	113.07	121.4355859
510	1.0386	1.041387659	10.448	10.53914763	53.571	55.52173185	75.87	79.70954099	87.185	92.21500656	110.11	118.0053936
520	1.0185	1.021286067	10.241	10.3287867	52.38	54.24085921	74.092	77.74030977	85.089	89.86075827	107.33	114.7992944
530	0.99926	1.001947626	10.042	10.12685213	51.248	53.02392181	72.408	75.87942538	83.109	87.64201272	104.72	111.7935416
540	0.98071	0.983329588	9.8512	9.932836691	50.169	51.86586449	70.812	74.11731632	81.235	85.54619284	102.26	108.9678533
550	0.96283	0.965392344	9.6675	9.746273875	49.14	50.76218222	69.294	72.4455791	79.458	83.56233418	99.93	106.3047768
560	0.94559	0.948099144	9.4907	9.566733783	48.157	49.70884422	67.849	70.85679769	77.769	81.68082338	97.725	103.7891919
570	0.92897	0.931415842	9.3203	9.393819562	47.216	48.7022306	66.472	69.3443964	76.16	79.89318745	95.633	101.4079177
580	0.91292	0.915310668	9.1562	9.227164233	46.315	47.73907921	65.156	67.90251916	74.627	78.19192238	93.644	99.1493988
590	0.89741	0.899754025	8.9978	9.066427888	45.451	46.81644074	63.898	66.52592956	73.162	76.5703527	91.749	97.0034521
600	0.88242	0.884718307	8.8449	8.911295201	44.621	45.93164071	62.694	65.20992762	71.762	75.02251544	89.941	94.96106061
610	0.86793	0.870177732	8.6972	8.761473213	43.824	45.08224689	61.539	63.95027999	70.42	73.54306364	88.214	93.01420452
620	0.85391	0.856108196	8.5545	8.616689352	43.057	44.26604149	60.43	62.74316115	69.135	72.12718554	86.561	91.15572154
630	0.84033	0.842487136	8.4164	8.476689669	42.319	43.48099714	59.365	61.58510344	67.9	70.7705366	84.977	89.37919072
640	0.82718	0.829293411	8.2829	8.341237248	41.607	42.72525616	58.341	60.47295456	66.714	69.46918182	83.458	87.67883516
650	0.81444	0.81650719	8.1535	8.210110786	40.921	41.9971125	57.354	59.4038411	65.573	68.21954671	81.999	86.04944004
660	0.80208	0.804109851	8.0282	8.083103308	40.259	41.29499605	56.404	58.37513717	64.475	67.01837532	80.597	84.48628326
670	0.79009	0.792083892	7.9068	7.960021014	39.619	40.61745891	55.488	57.38443731	63.416	65.86269413	79.248	82.98507629
680	0.77846	0.780412848	7.789	7.840682232	39	39.96316329	54.603	56.42953299	62.395	64.74978095	77.948	81.54191367
690	0.76716	0.769081214	7.6747	7.724916475	38.402	39.33087089	53.748	55.50839205	61.409	63.67713786	76.695	80.15322948
700	0.75619	0.758074377	7.5638	7.61256358	37.823	38.71943353	52.922	54.61914084	60.457	62.64246774	75.486	78.81575989
710	0.74552	0.74737855	7.4561	7.50347293	37.262	38.12778482	52.123	53.7600485	59.537	61.64365374	74.318	77.5265106
720	0.73516	0.736980719	7.3514	7.397502749	36.718	37.55493276	51.35	52.92951312	58.646	60.6787413	73.189	76.28272854
730	0.72508	0.726868585	7.2497	7.294519451	36.191	36.99995317	50.601	52.12604951	57.784	59.74592229	72.098	75.08187719
740	0.71527	0.717030519	7.1508	7.194397052	35.68	36.46198383	49.875	51.34827841	56.949	58.84352111	71.042	73.92161491
750	0.70572	0.707455515	7.0546	7.097016632	35.184	35.94021918	49.171	50.59491688	56.139	57.9699823	70.019	72.79977588
760	0.69643	0.698133148	6.9609	7.002265842	34.702	35.43390561	48.487	49.86476976	55.354	57.12385959	69.027	71.71435335
770	0.68738	0.68905354	6.8698	6.910038452	34.233	34.94233723	47.824	49.15672201	54.592	56.30380616	68.066	70.66348473
780	0.67856	0.680207318	6.781	6.820233933	33.778	34.46485203	47.18	48.46973192	53.852	55.50856594	67.134	69.64543848
790	0.66996	0.671585589	6.6945	6.732757081	33.335	34.00082841	46.554	47.80282495	53.134	54.73696585	66.228	68.65860231
800	0.66158	0.663179906	6.6102	6.647517661	32.904	33.54968208	45.945	47.15508826	52.435	53.9879088	65.349	67.70147278
