 TITLE = "PR density_T" 

  VARIABLES = Temperature	PR_cp_01	NIST_cp_01	PR_cp_1	NIST_cp_1	PR_cp_3	NIST_cp_3	PR_cp_5	NIST_cp_5	PR_cp_7	NIST_cp_7	PR_cp_10	NIST_cp_10
220	0.769030114	0.78067	1.404375317	1.9589	1.363837888	1.9321	1.346032556	1.9202	1.337651105	1.9145	1.321822315	1.9039
230	0.77980237	0.78795	1.487813761	1.9959	1.434215309	1.9586	1.411309264	1.9425	1.400650892	1.9349	1.380728361	1.9208
240	0.790460663	0.79617	0.880191086	0.99915	1.515257705	2.0011	1.485058841	1.9785	1.471224311	1.9681	1.445712258	1.9488
250	0.800988528	0.80501	0.878735732	0.96579	1.611558374	2.0663	1.57037305	2.033	1.551915352	2.0181	1.518498568	1.991
260	0.811374032	0.81424	0.879528254	0.94495	1.731333506	2.1678	1.672318376	2.1152	1.646729893	2.0925	1.601606195	2.0524
270	0.821608647	0.82371	0.881924883	0.93235	1.891524292	2.3377	1.800038556	2.2439	1.762493042	2.206	1.6988994	2.1425
280	0.831686427	0.8333	0.885491289	0.92518	2.136867797	2.6797	1.972645636	2.4674	1.912225078	2.3931	1.816679595	2.2798
290	0.841603407	0.84293	0.889923796	0.92172	1.639079374	2.5783	2.241953642	2.9683	2.125637513	2.7633	1.96601382	2.5108
300	0.851357155	0.85253	0.895003856	0.92089	1.397013251	1.8025	2.89639523	5.9775	2.498356025	3.932	2.167734668	2.9906
310	0.860946432	0.86207	0.900570409	0.92192	1.278252509	1.5246	1.897362734	3.0512	2.723787324	9.5864	2.452679416	4.446
320	0.870370935	0.87151	0.906502392	0.92433	1.207692459	1.3786	1.56269127	2.0539	1.863941995	2.875	2.52705465	7.6175
330	0.879631095	0.88083	0.912707293	0.92777	1.161711842	1.289	1.403556962	1.6992	1.576265247	2.0594	2.015921827	3.5312
340	0.888727921	0.89001	0.91911343	0.932	1.130147147	1.2294	1.309713206	1.5144	1.426198279	1.7274	1.707221666	2.4017
350	0.897662878	0.89903	0.925664606	0.93681	1.107813992	1.1875	1.248398718	1.4012	1.334101999	1.5463	1.531561071	1.948
360	0.906437792	0.9079	0.93231633	0.94206	1.091761573	1.1573	1.205892601	1.3254	1.272495116	1.4326	1.42081587	1.7065
370	0.915054767	0.91661	0.93903309	0.94763	1.080175574	1.1349	1.175315599	1.2718	1.229064545	1.3552	1.34575146	1.5574
380	0.923516126	0.92515	0.945786349	0.95345	1.071874325	1.1182	1.1528008	1.2325	1.19739122	1.2998	1.292316829	1.457
390	0.931824362	0.93352	0.952553052	0.95944	1.066053025	1.1058	1.135993408	1.203	1.173773986	1.2588	1.252968461	1.3856
400	0.93998209	0.94173	0.959314495	0.96555	1.062143604	1.0965	1.123371535	1.1805	1.155918442	1.2277	1.223297362	1.3327
410	0.947992018	0.94978	0.966055457	0.97174	1.059733209	1.0898	1.113905195	1.1632	1.142322102	1.2038	1.200552971	1.2927
420	0.95585692	0.95767	0.972763534	0.97798	1.058514408	1.085	1.106871184	1.1499	1.131957818	1.1852	1.182929292	1.2616
430	0.963579608	0.9654	0.979428607	0.98423	1.058253523	1.0818	1.101746197	1.1396	1.124098617	1.1708	1.169190835	1.2373
440	0.971162915	0.97298	0.98604243	0.99049	1.058769796	1.0798	1.098141973	1.1317	1.11821507	1.1594	1.158463507	1.2181
450	0.97860968	0.98041	0.992598296	0.99673	1.059921273	1.0788	1.095764286	1.1258	1.113912276	1.1506	1.150111354	1.2028
460	0.985922732	0.9877	0.999090771	1.0029	1.061594995	1.0787	1.094386098	1.1214	1.110889631	1.1438	1.143660611	1.1906
470	0.99310488	0.99484	1.005515477	1.0091	1.063700032	1.0792	1.093829451	1.1183	1.108914277	1.1386	1.138751138	1.1809
480	1.000158902	1.0018	1.011868913	1.0152	1.066162443	1.0804	1.093952945	1.1162	1.107803082	1.1348	1.135104346	1.1732
490	1.007087537	1.0087	1.018148313	1.0213	1.068921551	1.082	1.094642869	1.115	1.107410095	1.1321	1.132501427	1.1671
500	1.01389348	1.0154	1.024351524	1.0273	1.071927168	1.084	1.095806806	1.1145	1.10761763	1.1302	1.130768208	1.1624
510	1.02057937	1.022	1.030476904	1.0332	1.075137478	1.0863	1.097368933	1.1147	1.108329802	1.1292	1.1297644	1.1588
520	1.027147792	1.0285	1.036523243	1.0391	1.078517415	1.0889	1.099266509	1.1153	1.109467758	1.1288	1.129375805	1.1562
530	1.033601269	1.0349	1.042489686	1.0449	1.082037403	1.0917	1.10144723	1.1164	1.110966112	1.129	1.129508583	1.1544
540	1.039942255	1.0411	1.048375682	1.0506	1.085672362	1.0948	1.103867182	1.1178	1.112770235	1.1296	1.130084965	1.1533
550	1.046173139	1.0472	1.054180925	1.0563	1.089400923	1.0979	1.106489273	1.1196	1.114834174	1.1306	1.131040001	1.1527
560	1.052296235	1.0533	1.059905315	1.0618	1.093204796	1.1012	1.109281985	1.1216	1.117119029	1.1319	1.132319066	1.1527
570	1.058313781	1.0592	1.065548924	1.0673	1.097068263	1.1046	1.112218403	1.1239	1.119591687	1.1335	1.133875923	1.153
580	1.064227941	1.065	1.071111958	1.0727	1.100977764	1.1081	1.115275425	1.1263	1.122223808	1.1354	1.135671206	1.1538
590	1.070040798	1.0706	1.076594736	1.078	1.104921559	1.1117	1.118433135	1.1289	1.124991021	1.1375	1.137671211	1.1548
600	1.075754354	1.0762	1.081997661	1.0833	1.108889449	1.1153	1.121674287	1.1316	1.127872271	1.1398	1.13984694	1.1561
610	1.081370529	1.0817	1.087321204	1.0885	1.11287254	1.119	1.124983891	1.1344	1.130849287	1.1422	1.14217332	1.1576
620	1.086891159	1.0871	1.092565883	1.0936	1.116863058	1.1227	1.128348863	1.1373	1.133906153	1.1447	1.14462858	1.1594
630	1.092317995	1.0924	1.097732251	1.0986	1.120854178	1.1264	1.131757744	1.1403	1.137028946	1.1473	1.147193732	1.1613
640	1.097652702	1.0976	1.102820879	1.1035	1.124839894	1.1301	1.135200458	1.1434	1.140205443	1.1501	1.149852147	1.1633
650	1.102896857	1.1027	1.107832344	1.1084	1.128814898	1.1338	1.138668114	1.1465	1.143424869	1.1529	1.152589208	1.1655
660	1.108051949	1.1077	1.112767221	1.1132	1.132774484	1.1375	1.142152838	1.1497	1.146677695	1.1557	1.155392013	1.1678
670	1.113119381	1.1126	1.117626074	1.1179	1.136714465	1.1412	1.145647632	1.1529	1.149955459	1.1587	1.158249135	1.1702
680	1.118100463	1.1175	1.122409443	1.1225	1.140631097	1.1449	1.149146249	1.1561	1.153250619	1.1616	1.16115041	1.1726
690	1.122996417	1.1222	1.127117844	1.1271	1.144521018	1.1486	1.152643095	1.1593	1.156556428	1.1646	1.164086767	1.1751
700	1.127808374	1.1269	1.131751754	1.1315	1.148381196	1.1523	1.156133136	1.1625	1.159866825	1.1676	1.16705008	1.1777
710	1.132537374	1.1314	1.136311614	1.136	1.15220888	1.1559	1.159611825	1.1657	1.163176343	1.1706	1.170033035	1.1803
720	1.137184366	1.136	1.140797817	1.1403	1.156001559	1.1595	1.163075035	1.169	1.166480029	1.1737	1.173029031	1.1829
730	1.141750206	1.1404	1.145210708	1.1446	1.159756928	1.1631	1.166518999	1.1722	1.169773376	1.1767	1.176032079	1.1856
740	1.146235658	1.1447	1.149550576	1.1488	1.163472856	1.1666	1.169940265	1.1754	1.173052261	1.1797	1.179036725	1.1883
750	1.150641395	1.149	1.153817653	1.1529	1.167147359	1.1701	1.173335652	1.1786	1.176312896	1.1828	1.182037977	1.191
760	1.154967995	1.1532	1.15801211	1.157	1.170778574	1.1736	1.176702206	1.1817	1.179551782	1.1858	1.185031248	1.1937
770	1.159215945	1.1573	1.162134056	1.161	1.174364741	1.177	1.180037175	1.1849	1.182765667	1.1888	1.188012302	1.1965
780	1.163385636	1.1613	1.16618353	1.1649	1.177904181	1.1804	1.183337974	1.188	1.185951512	1.1918	1.190977204	1.1992
790	1.167477367	1.1653	1.170160503	1.1687	1.181395281	1.1838	1.186602161	1.1911	1.189106463	1.1947	1.193922284	1.2019
800	1.171491345	1.1692	1.174064876	1.1725	1.184836477	1.1871	1.189827416	1.1942	1.192227819	1.1977	1.196844098	1.2046
