TITLE = "Decane T rho" 

  VARIABLES = T	Soave_error_01Mpa	new_error_01Mpa	Soave_error_1Mpa	new_error_1Mpa	Soave_error_2Mpa	new_error_2Mpa	Soave_error_3Mpa	new_error_3Mpa	Soave_error_5Mpa	new_error_5Mpa	Soave_error_10Mpa	new_error_10Mpa
350	5.997039508	0.11611871	5.969142144	0.033057981	5.942115066	0.058429981	5.917809716	0.147847769	5.877539131	0.321860817	5.820225436	0.734731196
360	5.747353623	0.329124076	5.712103295	0.246412538	5.676818832	0.156145499	5.645200527	0.067646565	5.592849991	0.105393805	5.509218498	0.5116781
370	5.52015307	0.500069337	5.476841366	0.41821277	5.433940095	0.32832417	5.393031746	0.242777084	5.326559278	0.072974425	5.214189476	0.323089198
380	5.320336798	0.631784293	5.266504909	0.552993529	5.212096966	0.4672994	5.162450953	0.383922781	5.07934036	0.219907426	4.935096346	0.161946456
390	5.146148288	0.736144108	5.080334645	0.661303186	5.014372941	0.57928536	4.954833711	0.498888249	4.852005342	0.343422729	4.671914792	0.020079948
400	5.002000544	0.81999866	4.923716999	0.748576058	4.842806855	0.672890358	4.770360169	0.597913267	4.645528342	0.452349917	4.424641325	0.111287804
410	4.89005116	0.893502017	4.795272163	0.828178542	4.698358397	0.758479484	4.612419566	0.688338809	4.462553903	0.554055106	4.194765351	0.23932855
420	4.811655836	0.967811418	4.698537972	0.908247234	4.583904664	0.844219962	4.480342234	0.781498051	4.301523479	0.659842617	3.983884157	0.370338333
430	4.772061453	1.049342627	4.637828639	0.995295003	4.501384798	0.938304352	4.378327653	0.882492662	4.167061831	0.773245787	3.789177638	0.513778572
440	4.774642312	1.145219043	4.613748864	1.098267442	4.453372447	1.046585193	4.308100889	0.997246023	4.058082107	0.901874463	3.615347849	0.669240069
450	1.002839531	0.015692491	4.632572774	1.218114761	4.441658231	1.173561545	4.270376295	1.130443895	3.978375549	1.045789217	3.461173854	0.840129098
460	0.794221898	0.105105562	4.698883154	1.355353297	4.472140717	1.316933124	4.271265784	1.278485839	3.929048112	1.205193522	3.326959009	1.025730144
470	0.623623189	0.180853067	4.815762933	1.509945385	4.548830903	1.473927564	4.311450629	1.440880031	3.911590448	1.377168495	3.214635983	1.221144226
480	0.484122743	0.24295891	4.991741703	1.674274608	4.673969863	1.641430019	4.395797023	1.610255047	3.929593092	1.554009566	3.126256267	1.419073056
490	0.368698547	0.293170697	5.233474798	1.841596099	4.85662483	1.807268208	4.52719278	1.779217118	3.983972422	1.72854408	3.060702429	1.613585077
500	0.273462934	0.331415434	5.551671437	2.000690665	5.100119598	1.964207426	4.713445432	1.933451803	4.079586573	1.887492122	3.018443672	1.795533232
510	0.195548223	0.357694009	5.955969519	2.142790297	5.416122865	2.095658236	4.9559637	2.064300132	4.217048863	2.020512247	3.003325061	1.951080794
520	0.130560809	0.374436484	6.464261276	2.253629899	5.810586772	2.191726396	5.265496671	2.152480789	4.401193654	2.111587809	3.014216604	2.070889496
530	0.075620896	0.383266294	7.096653676	2.323427806	6.297400477	2.235824317	5.645787348	2.186200866	4.63621588	2.1445098	3.051574066	2.143666193
540	0.032789062	0.381407182	7.881095691	2.347153049	6.894396648	2.210814853	6.110270177	2.143860804	4.923946191	2.105045931	3.119286508	2.154640078
550	0.002768705	0.373436479	8.862875213	2.327153061	7.616943914	2.109230841	6.667786814	2.010317113	5.272933432	1.971477917	3.215921146	2.095251399
560	0.030640207	0.358970864	10.11003062	2.298587162	8.498671166	1.91631167	7.331900489	1.767989757	5.6824224	1.732073561	3.343355865	1.954564786
570	0.054271038	0.341706105	2.279589491	6.79253318	9.577480484	1.637271289	8.12100419	1.398454723	6.162492363	1.363696299	3.501414147	1.725485062
580	0.071314098	0.319649223	1.153330142	5.440948269	10.91882773	1.299669472	9.058681193	0.884882534	6.71775915	0.849613541	3.693245755	1.399698476
590	0.086506693	0.297963674	0.429300292	4.492881901	12.64025239	1.005916292	10.1761672	0.214316209	7.352697645	0.174051331	3.917848982	0.976197978
600	0.095074669	0.272275283	0.058248561	3.767072004	14.99506979	1.146701627	11.52107388	0.622665672	8.077300719	0.683667757	4.175423507	0.456246662
610	0.102814063	0.248756669	0.393700774	3.187247451	18.85262534	4.156077009	13.16065588	1.616881426	8.89438674	1.735150098	4.465353682	0.154009142
620	0.109183808	0.227153309	0.624748279	2.714113424	3.981780406	176.0858272	15.18611076	2.707597169	9.813565645	2.997713445	4.789996773	0.847241806
630	0.113934629	0.20740887	0.787158594	2.330988486	1.03330522	13.54840398	17.60355527	3.611978442	10.8328497	4.47395189	5.146616971	1.606630708
640	0.113415156	0.185958385	0.89328505	2.015439793	0.156005609	6.845828187	19.11358274	2.8310548	11.94084262	6.152659556	5.535099087	2.414540345
650	0.115259966	0.170425646	0.961248971	1.761081489	0.788437866	4.589022418	12.2760677	4.026102796	13.09878574	7.98605873	5.953839352	3.249401635
660	0.112627332	0.153846406	1.003591583	1.561879214	1.15616387	3.459213297	4.851424002	4.563916631	14.22008033	9.861350368	6.397396215	4.085007305
670	0.113945931	0.14444495	1.019208088	1.40187405	1.373271531	2.808864017	2.017383892	2.789203054	15.1472228	11.56866416	6.860549469	4.896730738
680	0.10874147	0.131459421	1.024205868	1.284935357	1.498220908	2.41481226	0.690678926	1.983462169	15.63985411	12.78981982	7.336229303	5.661436244
690	0.106039548	0.123575721	1.012718398	1.194660133	1.563471941	2.174894792	0.050283486	1.683782829	15.43777966	13.18498801	7.820185186	6.363949884
700	0.10345595	0.118026489	0.989769273	1.126947096	1.586606099	2.031244413	0.494493665	1.610059145	14.38212987	12.54777361	8.295389793	6.982292926
710	0.098626129	0.112043523	0.964143622	1.082581505	1.580535612	1.949606376	0.777835084	1.65220196	12.60550107	11.01078552	8.755050666	7.51134849
720	0.093376085	0.107046993	0.928811752	1.047515643	1.553600083	1.906467643	0.956459514	1.743647519	10.52463043	9.024467221	9.187329752	7.946764742
730	0.089788441	0.104727686	0.894008253	1.025927475	1.513142673	1.88655738	1.072457314	1.857953345	8.545462143	7.039839117	9.575430616	8.283829442
740	0.085908479	0.102767125	0.852607679	1.005523245	1.460773186	1.874973938	1.136291016	1.963880044	6.870661967	5.302213051	9.910360959	8.528748346
750	0.079795049	0.098900799	0.810649174	0.988082826	1.403133067	1.866274335	1.16550649	2.052522992	5.526903539	3.872762012	10.17928785	8.685040966
760	0.073931126	0.095338556	0.767614709	0.969694299	1.337508093	1.849011801	1.169321901	2.116047264	4.460449936	2.722796192	10.37340002	8.759818961
770	0.071049792	0.094595905	0.719810306	0.94410584	1.271798297	1.825137043	1.155573308	2.151644541	3.624402658	1.822215831	10.48856641	8.763057065
780	0.065071865	0.09043199	0.677087347	0.919438944	1.201930212	1.786825258	1.128864408	2.157874417	2.966974645	1.128603022	10.52309581	8.704293765
790	0.058869689	0.085617044	0.633331189	0.888549074	1.131803539	1.736137709	1.090512678	2.133430093	2.444551726	0.60192661	10.47199869	8.5861628
800	0.055562329	0.083222822	0.587138528	0.849664296	1.06066099	1.671981953	1.045947413	2.083751769	2.021392069	0.20565742	10.34129038	8.418789967
810	0.049097104	0.077195978	0.546630067	0.811117654	0.990429317	1.597174281	0.995679257	2.01121544	1.686890748	0.07437538	10.13999325	8.211801159
820	0.047495529	0.07560317	0.502699273	0.764417856	0.921081724	1.513470007	0.94233306	1.921656264	1.414206954	0.27103493	9.873696992	7.968173162
830	0.039950996	0.067711031	0.460057104	0.715261226	0.852233769	1.422881599	0.885184503	1.818349571	1.199668189	0.394834557	9.553553995	7.694052206
840	0.039622265	0.066782222	0.419419422	0.665557477	0.785036171	1.32931647	0.827365376	1.708854764	1.022222318	0.474430255	9.196798205	7.400012897
850	0.035655385	0.062074339	0.377144663	0.612956898	0.719742451	1.235891395	0.768064287	1.596777699	0.875579037	0.523321495	8.805758802	7.080419118
860	0.026738182	0.052394373	0.339390841	0.564939439	0.657743122	1.146771064	0.708997894	1.488003441	0.763897432	0.543820281	8.401961038	6.748940496
870	0.026756315	0.051747034	0.303154658	0.519718312	0.596728958	1.062136548	0.651096431	1.387117885	0.669860935	0.559069978	7.986840281	6.399161602
880	0.019569663	0.044091851	0.265531232	0.475448081	0.535067221	0.982450803	0.592457639	1.295177242	0.588207149	0.57880541	7.569649449	6.033568458
890	0.019427497	0.043767202	0.233772583	0.440244379	0.479092962	0.9156824	0.534141187	1.215429668	0.528199033	0.596765163	7.16039216	5.656747296
900	0.015084565	0.039587489	0.20043552	0.407237863	0.42372986	0.857778054	0.478567997	1.151635173	0.48809068	0.616469717	6.765489714	5.271264939
910	0.010728433	0.035777226	0.168214995	0.379434767	0.369184546	0.809402639	0.422833631	1.10131553	0.444774768	0.661667526	6.382699042	4.872673688
920	0.005426701	0.031411513	0.134900875	0.354633568	0.316164068	0.771135174	0.36812464	1.065253494	0.419627893	0.70982319	6.017624872	4.466338488
930	0.003668521	0.030960194	0.103633757	0.335709253	0.268438828	0.746071868	0.316522183	1.044329092	0.394815619	0.776845893	5.671114886	4.054587897
940	0.000772885	0.028147521	0.077863014	0.325582502	0.219855212	0.726828273	0.265770866	1.034333715	0.384865478	0.844842267	5.343283359	3.64068204
950	0.003284767	0.027516087	0.050499171	0.316376142	0.174912399	0.716281536	0.21759421	1.034450826	0.37561015	0.924046357	5.03828797	3.233493937
960	0.004611287	0.028229841	0.025208443	0.310801591	0.130563637	0.709369006	0.169036818	1.038658082	0.370587086	1.006067742	4.750042991	2.832720605
970	0.005494252	0.029439352	0.000402506	0.306157831	0.08933834	0.706374362	0.122853792	1.046341429	0.368485143	1.086924651	4.481263014	2.447992017
980	0.012386611	0.024571363	0.025471782	0.299685939	0.048609832	0.702239875	0.078734168	1.053599414	0.369287723	1.161052432	4.229077941	2.083893355
990	0.014658483	0.024136541	0.048261144	0.294314766	0.011441486	0.697585401	0.036726517	1.056851518	0.373396785	1.222425384	3.995024317	1.749814624
1000	0.01869972	0.021620134	0.069267863	0.287518187	0.027252504	0.684885947	0.00278118	1.052972825	0.378423234	1.268055259	3.774796506	1.449115817
