 TITLE = "Density VS Temperature for Oxygen" 

  VARIABLES =  T	rho_NIST_0.1Mpa	rho_new_0.1Mpa	rho_NIST_1Mpa	rho_RKPR_1Mpa	rho_NIST_3Mpa	rho_RKPR_3Mpa	rho_NIST_5Mpa	rho_RKPR_5Mpa	rho_NIST_7Mpa	rho_RKPR_7Mpa	rho_NIST_10Mpa	rho_RKPR_10Mpa
60	1282.1	1260.602088	1283.2	1261.586271	1285.6	1263.724949	1287.9	1265.799723	1290.3	1267.813854	1293.7	1270.727884
65	1259.8	1241.026074	1261	1242.184717	1263.6	1244.697947	1266.2	1247.130269	1268.7	1249.486189	1272.4	1252.885776
70	1237.1	1220.371414	1238.4	1221.731487	1241.2	1224.675517	1244.1	1227.517022	1246.8	1230.262258	1250.9	1234.211934
75	1214	1198.551673	1215.5	1200.145684	1218.6	1203.587805	1221.7	1206.899663	1224.7	1210.090009	1229.2	1214.664733
80	1190.6	1175.46367	1192.2	1177.331318	1195.7	1181.352997	1199.1	1185.208421	1202.4	1188.90995	1207.3	1194.197433
85	1166.7	1150.982362	1168.4	1153.172878	1172.3	1157.874097	1176.1	1162.361747	1179.7	1166.653494	1185.1	1172.75721
90	1142.1	1124.95352	1144.1	1127.529066	1148.4	1133.034521	1152.6	1138.263223	1156.7	1143.240811	1162.6	1150.283951
95	4.1642	4.15679484	1119	1100.223703	1123.9	1106.691887	1128.6	1112.797342	1133.1	1118.577981	1139.7	1126.708733
100	3.9411	3.936141489	1093	1071.032026	1098.5	1078.669038	1103.9	1085.823628	1109	1092.553176	1116.3	1101.951895
105	3.7418	3.738495641	1065.8	1039.659167	1072.2	1048.74059	1078.2	1057.16821	1084	1065.031409	1092.2	1075.92055
110	3.5625	3.560335254	1037.2	1005.704545	1044.6	1016.611966	1051.6	1026.611366	1058.2	1035.847157	1067.4	1048.505348
115	3.4001	3.398839272	1006.7	968.5988845	1015.5	981.8850016	1023.6	993.8684085	1031.2	1004.793708	1041.8	1019.576208
120	3.2524	3.251718114	38.246	37.9545247	984.3	943.9978433	993.94	958.5589602	1002.8	971.6072669	1015	988.9766182
125	3.1174	3.117091863	35.777	35.63418403	950.5	902.110803	962.23	920.1546699	972.81	935.9423399	987.05	956.5159264
130	2.9935	2.993400984	33.715	33.64574391	913.01	854.8633467	927.76	877.8834471	940.66	897.3318295	957.54	921.9588171
135	2.8793	2.879339753	31.942	31.91304859	869.91	799.7615332	889.49	830.5359279	905.73	855.1185941	926.17	885.0108754
140	2.7736	2.773805855	30.39	30.3833694	816.97	731.1258465	845.54	776.0157676	867.04	808.3295346	892.47	845.2989608
145	2.6756	2.675861682	29.014	29.01863586	117.06	116.114588	791.96	710.0402879	822.91	755.4220763	855.79	802.3456587
150	2.5845	2.584704256	27.779	27.79044168	105.75	105.4344355	717.26	620.468013	770.16	693.7100654	815.2	755.5407708
155	2.4994	2.49964159	26.664	26.67702122	97.576	97.46376897	284.95	276.263705	701.63	617.858129	769.3	704.1284899
160	2.4199	2.420073915	25.648	25.66132781	91.156	91.11609148	207.36	205.4242003	595.61	515.7261665	716.01	647.2877453
165	2.3453	2.345478634	24.718	24.72976274	85.875	85.85714757	179.97	178.8433087	411.92	381.7901108	652.5	584.5760355
170	2.2752	2.27539816	23.861	23.87130645	81.4	81.38159044	162.68	161.8476267	305.95	296.5226764	577.01	517.389953
175	2.2093	2.209430003	23.069	23.07690771	77.526	77.49747691	150.06	149.3597039	259.04	253.6644834	495.45	451.3194858
180	2.1471	2.147218639	22.333	22.33904377	74.118	74.07588571	140.16	139.5235624	230.6	226.7937118	423.27	394.411878
185	2.0883	2.088448786	21.648	21.65139694	71.083	71.02587625	132.04	131.4404187	210.58	207.5810375	369.11	350.0516265
190	2.0328	2.032839819	21.007	21.00861245	68.351	68.28082696	125.18	124.6036897	195.29	192.7817189	329.85	316.3340934
195	1.9801	1.980141088	20.406	20.40611412	65.872	65.79043925	119.26	118.698778	183.02	180.8320424	300.49	290.2431061
200	1.9301	1.930127992	19.842	19.83996205	63.608	63.51579262	114.07	113.5165966	172.82	170.865912	277.64	269.4601328
205	1.8826	1.88259865	19.31	19.30674139	61.527	61.42614758	109.45	108.9110078	164.13	162.3556845	259.23	252.4414565
210	1.8374	1.837371079	18.808	18.80347423	59.604	59.4968016	105.3	104.775815	156.6	154.9569942	243.97	238.1748217
215	1.7943	1.794280784	18.333	18.32754928	57.82	57.70760613	101.55	101.0314123	149.96	148.4330944	231.04	225.9822562
220	1.7532	1.753178691	17.883	17.87666495	56.158	56.04191375	98.123	97.61659221	144.04	142.6144757	219.88	215.395815
225	1.7139	1.713929369	17.456	17.44878314	54.605	54.48581341	94.978	94.48328793	138.72	137.3757473	210.12	206.0826114
230	1.6764	1.676409494	17.05	17.0420912	53.148	53.02756397	92.076	91.59307006	133.89	132.6216397	201.46	197.7991888
235	1.6405	1.640506521	16.664	16.65497051	51.779	51.65716719	89.384	88.9147389	129.48	128.2781342	193.71	190.3630652
240	1.6062	1.606117517	16.295	16.28597029	50.488	50.36604086	86.879	86.42262453	125.43	124.2866232	186.72	183.6344763
245	1.5732	1.573148159	15.943	15.9337857	49.268	49.1467651	84.538	84.09535863	121.68	120.5999414	180.36	177.5043292
250	1.5416	1.54151184	15.607	15.5972393	48.113	47.99288304	82.344	81.91496913	118.21	117.1795926	174.54	171.8860419
255	1.5112	1.511128896	15.285	15.2752654	47.017	46.89874232	80.282	79.86620089	114.97	113.9937657	169.18	166.709881
260	1.482	1.481925921	14.977	14.96689666	45.976	45.85936798	78.338	77.93599795	111.95	111.0158848	164.23	161.9189469
265	1.4539	1.453835157	14.681	14.6712527	44.985	44.87035937	76.501	76.11310318	109.11	108.2235312	159.64	157.4662686
270	1.4269	1.426793962	14.397	14.38753021	44.04	43.9278059	74.762	74.38774496	106.45	105.5976279	155.35	153.3126664
275	1.4008	1.400744332	14.125	14.11499445	43.138	43.02821772	73.113	72.75138897	103.93	103.121813	151.35	149.4251515
280	1.3757	1.375632481	13.863	13.85297192	42.276	42.1684681	71.545	71.19653969	101.56	100.7819542	147.59	145.7757118
285	1.3515	1.351408458	13.61	13.60084386	41.45	41.34574539	70.052	69.71657998	99.304	98.56576495	144.05	142.3403773
290	1.3281	1.328025813	13.367	13.35804073	40.659	40.5575126	68.629	68.30564033	97.168	96.46250057	140.71	139.0984927
295	1.3055	1.305441294	13.133	13.1240372	39.9	39.80147325	67.269	66.95849159	95.136	94.46271354	137.56	136.0321445
300	1.2837	1.283614573	12.907	12.89834788	39.171	39.07554232	65.969	65.67045607	93.201	92.55805532	134.57	133.1257048
305	1.2626	1.262508007	12.689	12.68052349	38.47	38.37782146	64.725	64.43733357	91.356	90.74111439	131.74	130.3654659
310	1.2421	1.242086411	12.479	12.47014747	37.796	37.70657769	63.532	63.2553393	89.592	89.00528288	129.04	127.7393437
315	1.2224	1.222316866	12.275	12.26683298	37.147	37.06022505	62.386	62.12105151	87.906	87.34464599	126.47	125.236636
320	1.2032	1.203168535	12.078	12.07022023	36.521	36.43730871	61.286	61.03136717	86.29	85.75388965	124.02	122.8478227
325	1.1847	1.184612501	11.888	11.87997412	35.917	35.83649115	60.228	59.98346406	84.74	84.22822293	121.68	120.564402
330	1.1667	1.166621621	11.703	11.69578208	35.334	35.25654009	59.209	58.97476834	83.252	82.76331256	119.44	118.3787521
335	1.1492	1.14917039	11.525	11.51735222	34.771	34.69631796	58.228	58.00292672	81.822	81.35522726	117.29	116.2840166
340	1.1323	1.132234819	11.352	11.34441152	34.227	34.15477261	57.282	57.06578226	80.447	80.00039024	115.23	114.2740068
345	1.1158	1.115792325	11.184	11.17670438	33.7	33.63092913	56.368	56.1613535	79.122	78.69553848	113.25	112.3431196
350	1.0999	1.099821627	11.021	11.01399118	33.191	33.12388263	55.486	55.28781619	77.845	77.43768762	111.35	110.4862672
355	1.0843	1.084302657	10.862	10.85604705	32.697	32.63279183	54.633	54.4434874	76.613	76.2241016	109.52	108.6988168
360	1.0693	1.06921647	10.709	10.70266071	32.219	32.15687337	53.809	53.62681148	75.424	75.05226631	107.76	106.9765392
365	1.0546	1.054545168	10.56	10.55363342	31.755	31.69539672	53.011	52.83634778	74.274	73.9198666	106.06	105.3155641
370	1.0403	1.040271831	10.415	10.40877811	31.305	31.24767963	52.238	52.07075979	73.163	72.82476615	104.42	103.712341
375	1.0264	1.026380448	10.273	10.26791845	30.868	30.81308409	51.488	51.32880552	72.088	71.76498985	102.84	102.1636061
380	1.0129	1.012855856	10.136	10.13088812	30.443	30.39101265	50.762	50.60932891	71.047	70.73870823	101.31	100.6663525
385	0.99971	0.999683688	10.003	9.997530064	30.031	29.98090517	50.057	49.91125229	70.038	69.74422375	99.829	99.21780442
390	0.98688	0.986850318	9.8726	9.867695881	29.63	29.5822358	49.373	49.23356955	69.061	68.77995861	98.397	97.81539481
395	0.97437	0.974342815	9.746	9.741245194	29.241	29.19451037	48.709	48.57534006	68.112	67.84444398	97.01	96.45674512
400	0.96217	0.962148901	9.6226	9.61804512	28.861	28.81726392	48.063	47.93568323	67.191	66.93631033	95.666	95.13964771



