 TITLE = "Density VS Temperature for Oxygen" 

  VARIABLES =  T	rho_NIST_0.1Mpa	rho_Soave_0.1Mpa	rho_new_0.1Mpa	rho_NIST_1Mpa	rho_Soave_1Mpa	rho_NIST_3Mpa	rho_Soave_3Mpa	rho_NIST_5Mpa	rho_Soave_5Mpa	rho_NIST_7Mpa	rho_Soave_7Mpa	rho_NIST_10Mpa	rho_Soave_10Mpa

60	1282.1	1385.147114	1260.940801	1283.2	1386.712309	1285.6	1390.091676	1287.9	1393.342451	1290.3	1396.473288	1293.7	1400.961514
65	1259.8	1361.14798	1234.260443	1261	1362.975642	1263.6	1366.911756	1266.2	1370.68576	1268.7	1374.30959	1272.4	1379.486746
70	1237.1	1336.113655	1208.145514	1238.4	1338.243062	1241.2	1342.815757	1244.1	1347.183828	1246.8	1351.363822	1250.9	1357.312597
75	1214	1309.940112	1182.358439	1215.5	1312.419055	1218.6	1317.724478	1221.7	1322.770816	1224.7	1327.581158	1229.2	1334.397373
80	1190.6	1282.501568	1156.589838	1192.2	1285.389036	1195.7	1291.544445	1199.1	1297.37018	1202.4	1302.898755	1207.3	1310.694208
85	1166.7	1253.643606	1130.456407	1168.4	1257.013635	1172.3	1264.164142	1176.1	1270.892195	1179.7	1277.244135	1185.1	1286.150262
90	1142.1	1223.173107	1103.491411	1144.1	1227.120501	1148.4	1235.448778	1152.6	1243.230626	1156.7	1250.533088	1162.6	1260.70571
95	4.1642	4.1463334	4.129864937	1119	1195.492113	1123.9	1205.232852	1128.6	1214.258174	1133.1	1222.666902	1139.7	1234.292493
100	3.9411	3.928998687	3.916802159	1093	1161.847011	1098.5	1173.309265	1103.9	1183.820108	1109	1193.528655	1116.3	1206.832736
105	3.7418	3.733811543	3.724769961	1065.8	1125.809452	1072.2	1139.412821	1078.2	1151.725149	1084	1162.978174	1092.2	1178.23676
110	3.5625	3.557485459	3.55076952	1037.2	1086.857377	1044.6	1103.19409	1051.6	1117.731971	1058.2	1130.844995	1067.4	1148.400543
115	3.4001	3.39736435	3.392353692	1006.7	1044.226001	1015.5	1064.175756	1023.6	1081.52847	1031.2	1096.91834	1041.8	1117.202475
120	3.2524	3.251276168	3.24750448	38.246	37.69582624	984.3	1021.674449	993.94	1042.698431	1002.8	1060.932367	1015	1084.499141
125	3.1174	3.117425978	3.114541998	35.777	35.55538181	950.5	974.6474296	962.23	1000.664762	972.81	1022.543732	987.05	1050.119863
130	2.9935	2.99431651	2.992055816	33.715	33.68532135	913.01	921.350676	927.76	954.5854269	940.66	981.2960142	957.54	1013.85957
135	2.8793	2.880688187	2.878852478	31.942	32.03167832	869.91	858.4113892	889.49	903.1428747	905.73	936.5603816	926.17	975.4695801
140	2.7736	2.775473245	2.773914895	30.39	30.5549767	816.97	777.245696	845.54	844.0538705	867.04	887.4303909	892.47	934.6459491
145	2.6756	2.677760188	2.676370584	29.014	29.22545404	117.06	118.0132873	791.96	772.6491021	822.91	832.5205308	855.79	891.0157653
150	2.5845	2.58676593	2.585466563	27.779	28.02011297	105.75	108.2263605	717.26	675.6339377	770.16	769.541599	815.2	844.1242141
155	2.4994	2.501813746	2.500549332	26.664	26.9208173	97.576	100.577781	284.95	300.2673415	701.63	694.2998767	769.3	793.4331181
160	2.4199	2.422315654	2.421048779	25.648	25.91301607	91.156	94.31797978	207.36	223.8369125	595.61	598.2358055	716.01	738.3651583
165	2.3453	2.347758212	2.346465125	24.718	24.98486152	85.875	89.03736069	179.97	194.4633548	411.92	469.7464283	652.5	678.4924924
170	2.2752	2.277690974	2.276358273	23.861	24.126583	81.4	84.48576042	162.68	175.5801895	305.95	356.4527341	577.01	614.1029995
175	2.2093	2.211717051	2.21033905	23.069	23.33003234	77.526	80.49847978	150.06	161.66654	259.04	296.3377069	495.45	547.3941168
180	2.1471	2.149485322	2.148061967	22.333	22.58834709	74.118	76.96102827	140.16	150.6898449	230.6	260.5611266	423.27	483.3982417
185	2.0883	2.090683981	2.089219193	21.648	21.8956968	71.083	73.79046043	132.04	141.6613847	210.58	235.8670063	369.11	427.7789649
190	2.0328	2.035035146	2.033535513	21.007	21.2470887	68.351	70.92469745	125.18	134.0219808	195.29	217.2733242	329.85	382.8054466
195	1.9801	1.982290346	1.980764089	20.406	20.638217	65.872	68.31603904	119.26	127.4233912	183.02	202.4945171	300.49	347.2953235
200	1.9301	1.932226702	1.930682879	19.842	20.06534447	63.608	65.92702761	114.07	121.6336023	172.82	190.3113848	277.64	319.0338665
205	1.8826	1.884643701	1.883091589	19.31	19.52520834	61.527	63.72770627	109.45	116.4901003	164.13	180.0016964	259.23	296.0965398
210	1.8374	1.839360443	1.83780908	18.808	19.01494481	59.604	61.6937404	105.3	111.8745574	156.6	171.1040441	243.97	277.0824473
215	1.7943	1.796213288	1.794671141	18.333	18.53202788	57.82	59.80509458	101.55	107.6981167	149.96	163.3064598	231.04	261.0143696
220	1.7532	1.755053839	1.753528568	17.883	18.07421943	56.158	58.04507817	98.123	103.8923466	144.04	156.3885299	219.88	247.2090091
225	1.7139	1.715747193	1.714245515	17.456	17.63952805	54.605	56.3996424	94.978	100.4034267	138.72	150.1889653	210.12	235.1800736
230	1.6764	1.678170441	1.676698049	17.05	17.22617496	53.148	54.85685318	92.076	97.18826918	133.89	144.5863158	201.46	224.5737908
235	1.6405	1.642211356	1.640772897	16.664	16.83256555	51.779	53.40648934	89.384	94.21184785	129.48	139.4869296	193.71	215.1270468
240	1.6062	1.607767252	1.60636635	16.295	16.45726547	50.488	52.03973194	86.879	91.44531135	125.43	134.8171266	186.72	206.6400635
245	1.5732	1.574743988	1.573383296	15.943	16.09898045	49.268	50.74892106	84.538	88.86461757	121.68	130.5179372	180.36	198.9582718
250	1.5416	1.543055093	1.541736374	15.607	15.75653916	48.113	49.52736298	82.344	86.44952603	118.21	126.5414596	174.54	191.9600422
255	1.5112	1.512621	1.511345216	15.285	15.42887856	47.017	48.36917592	80.282	84.18284099	114.97	122.8482756	169.18	185.5482055
260	1.482	1.483368365	1.482135783	14.977	15.11503136	45.976	47.26916522	78.338	82.04983381	111.95	119.4055761	164.23	179.6440762
265	1.4539	1.455229472	1.454039769	14.681	14.81411521	44.985	46.22272168	76.501	80.03779605	109.11	116.1857749	159.64	174.1831584
270	1.4269	1.428141697	1.426994069	14.397	14.52532338	44.04	45.22573785	74.762	78.13568909	106.45	113.1654671	155.35	169.1120069
275	1.4008	1.402047041	1.400940305	14.125	14.24791661	43.138	44.27453884	73.113	76.33386657	103.93	110.3246327	151.35	164.3858961
280	1.3757	1.376891708	1.375824397	13.863	13.98121607	42.276	43.36582451	71.545	74.62385192	101.56	107.6460216	147.59	159.9670627
285	1.3515	1.352625727	1.351596181	13.61	13.72459716	41.45	42.49662103	70.052	72.99815864	99.304	105.1146702	144.05	155.8233626
290	1.3281	1.329202624	1.328209064	13.367	13.4774841	40.659	41.66423994	68.629	71.45014359	97.168	102.7175197	140.71	151.9272324
295	1.3055	1.306579112	1.30561971	13.133	13.23934512	39.9	40.86624344	67.269	69.97388648	95.136	100.4431097	137.56	148.2548768
300	1.2837	1.284714829	1.283787761	12.907	13.00968829	39.171	40.10041471	65.969	68.56408999	93.201	98.2813311	134.57	144.7856258
305	1.2626	1.26357209	1.262675583	12.689	12.78805778	38.47	39.36473254	64.725	67.21599655	91.356	96.22322433	131.74	141.5014215
310	1.2421	1.24311567	1.242248033	12.479	12.5740305	37.796	38.65734942	63.532	65.92531847	89.592	94.26081412	129.04	138.3864052
315	1.2224	1.223312605	1.222472256	12.275	12.36721321	37.147	37.97657263	62.386	64.68817896	87.906	92.3869724	126.47	135.4265811
320	1.2032	1.204132015	1.203317495	12.078	12.16723988	36.521	37.32084776	61.286	63.50106211	86.29	90.59530424	124.02	132.6095422
325	1.1847	1.185544939	1.184754918	11.888	11.9737693	35.917	36.68874443	60.228	62.36077016	84.74	88.88005221	121.68	129.9242428
330	1.1667	1.167524188	1.166757469	11.703	11.78648301	35.334	36.07894368	59.209	61.26438691	83.252	87.23601577	119.44	127.3608111
335	1.1492	1.150044215	1.149299727	11.525	11.60508337	34.771	35.49022705	58.228	60.2092462	81.822	85.65848288	117.29	124.9103919
340	1.1323	1.133080988	1.132357777	11.352	11.4292919	34.227	34.9214668	57.282	59.19290465	80.447	84.14317172	115.23	122.5650146
345	1.1158	1.116611881	1.115909102	11.184	11.25884771	33.7	34.37161739	56.368	58.213118	79.122	82.68618084	113.25	120.3174815
350	1.0999	1.100615573	1.099932472	11.021	11.09350612	33.191	33.83970789	55.486	57.26782044	77.845	81.28394617	111.35	118.1612735
355	1.0843	1.085071954	1.084407856	10.862	10.93303739	32.697	33.32483522	54.633	56.3551066	76.613	79.933204	109.52	116.090469
360	1.0693	1.069962042	1.069316335	10.709	10.7772256	32.219	32.82615815	53.809	55.4732157	75.424	78.63095875	107.76	114.0996748
365	1.0546	1.055267902	1.054640024	10.56	10.62586758	31.755	32.34289196	53.011	54.62051759	74.274	77.37445501	106.06	112.1839662
370	1.0403	1.040972576	1.040362002	10.415	10.47877202	31.305	31.87430359	52.238	53.79550043	73.163	76.16115304	104.42	110.338836
375	1.0264	1.027060019	1.026466247	10.273	10.33575855	30.868	31.41970737	51.488	52.99675976	72.088	74.98870727	102.84	108.560149
380	1.0129	1.013515034	1.012937578	10.136	10.19665698	30.443	30.97846113	50.762	52.22298884	71.047	73.85494749	101.31	106.8441037
385	0.99971	1.000323223	0.999761604	10.003	10.0613066	30.031	30.54996271	50.057	51.47296997	70.038	72.75786212	99.829	105.1871978
390	0.98688	0.987470929	0.986924666	9.8726	9.929555507	29.63	30.13364681	49.373	50.74556679	69.061	71.69558346	98.397	103.5861984
395	0.97437	0.974945191	0.974413803	9.746	9.801259986	29.241	29.72898213	48.709	50.03971739	68.112	70.66637464	97.01	102.0381158
400	0.96217	0.962733701	0.962216699	9.6226	9.676283981	28.861	29.33546878	48.063	49.3544281	67.191	69.66861794	95.666	100.5401805



