TITLE = "decane alpha" 

VARIABLES = temp	PR_liq_alpha_01MPa	PR_liq_alpha_1MPa	PR_liq_alpha_2MPa	PR_liq_alpha_4MPa	PR_liq_alpha_5MPa	PR_liq_alpha_7MPa	PR_liq_alpha_8MPa	PR_liq_alpha_10MPa
350	2.31191276	2.329304466	2.349446202	2.391862032	2.413777154	2.460816144	2.485216416	2.536971442
351	2.294665588	2.311716501	2.331121665	2.37232826	2.394152176	2.439543881	2.463472207	2.51384245
352	2.277528678	2.294237284	2.313230127	2.353262306	2.374646527	2.41878878	2.442257127	2.49128481
353	2.261079649	2.277166694	2.295756975	2.334975089	2.355603334	2.398532634	2.421552489	2.469277956
354	2.244725831	2.260781196	2.278688248	2.316790709	2.33700681	2.379112176	2.400974449	2.447802296
355	2.229023158	2.244482133	2.2620106	2.299342557	2.318841874	2.359795567	2.381245391	2.426839156
356	2.213402205	2.228552869	2.245711268	2.281981801	2.30109412	2.340928395	2.361975501	2.40637073
357	2.198398497	2.212981508	2.229778039	2.265015647	2.283749778	2.322495543	2.343149294	2.386380025
358	2.183464401	2.197756659	2.214199221	2.248431252	2.266489063	2.304809792	2.324751976	2.366490181
359	2.168860068	2.182867411	2.198690861	2.232507548	2.249918326	2.28719666	2.30643784	2.347413966
360	2.154826747	2.168303308	2.183792686	2.216644946	2.233712987	2.269976574	2.288862722	2.328768721
361	2.140847099	2.154054327	2.169216565	2.201128929	2.217861497	2.253136883	2.271675685	2.310540295
362	2.127167827	2.14011085	2.154694356	2.185948685	2.20235279	2.236665473	2.254864342	2.29271515
363	2.113779878	2.12621808	2.140737693	2.17109385	2.186896698	2.22055074	2.238109182	2.275280325
364	2.100674558	2.112862555	2.12682526	2.156554483	2.17204709	2.204781561	2.222019645	2.258223411
365	2.087843518	2.099548697	2.113451212	2.142321044	2.157509576	2.189347274	2.206271506	2.241532519
366	2.075052406	2.08674661	2.100112676	2.128127593	2.143009665	2.174237649	2.190562821	2.224885947
367	2.062749969	2.073978042	2.087050559	2.114483273	2.129073132	2.15944287	2.175471601	2.208898843
368	2.050698562	2.061697542	2.074256794	2.101118357	2.115165416	2.144953515	2.16041007	2.193244798
369	2.038675863	2.049443206	2.061723631	2.088024728	2.101794788	2.130492388	2.145936684	2.177913758
370	2.026897253	2.037436901	2.049668696	2.074954642	2.088445068	2.11659157	2.131484212	2.162606767
371	2.015564041	2.025671619	2.037409564	2.062384381	2.07536439	2.102969945	2.117325199	2.147898021
372	2.004249856	2.014140616	2.025614583	2.049830607	2.062545046	2.08961948	2.103714044	2.133484307
373	1.993159962	2.002837399	2.014052024	2.037754393	2.050215307	2.076281605	2.090112239	2.119082033
374	1.982288209	1.991755714	2.002715485	2.025688298	2.037892877	2.06345459	2.077033771	2.105237505
375	1.971628676	1.980889534	1.991598799	2.014078966	2.025810454	2.050876307	2.063957917	2.091663176
376	1.961175652	1.970233052	1.980491615	2.002474003	2.013961414	2.038300833	2.051136036	2.07808953
377	1.950923631	1.959585777	1.96980015	1.991091945	2.002339377	2.026203308	2.038561057	2.065037155
378	1.940867304	1.949335047	1.95911309	1.979926767	1.990938195	2.014102851	2.026226164	2.051979164
379	1.930817971	1.93908873	1.948824423	1.968972661	1.979751939	2.002232049	2.014359902	2.039420052
380	1.921140581	1.92922261	1.938535547	1.958224024	1.968774891	1.990809263	2.002482132	2.026849653
381	1.911465855	1.919356561	1.928439449	1.947675453	1.958001536	1.979375953	1.990825545	2.014757177
382	1.901972564	1.90967469	1.918531132	1.937321731	1.947221592	1.968154402	1.979384256	2.002648307
383	1.892828958	1.90017228	1.908805768	1.927157822	1.936842839	1.957353705	1.968152584	1.990762798
384	1.883682253	1.890844771	1.899258696	1.917178863	1.926652283	1.946535977	1.957125048	1.979326147
385	1.874703591	1.88168776	1.88988541	1.907190034	1.916449008	1.935913928	1.946296356	1.967866358
386	1.865888783	1.87269699	1.88068156	1.89756975	1.906623425	1.925482535	1.935449645	1.95661283
387	1.857070633	1.863868346	1.871642937	1.888120728	1.896781514	1.915236949	1.925006503	1.945781727
388	1.848573822	1.85519785	1.862594452	1.878656583	1.887114879	1.905172482	1.914747317	1.934921722
389	1.840229064	1.846518338	1.853876588	1.869360445	1.877804379	1.895284603	1.904667478	1.924252582
390	1.831876311	1.837993937	1.845145797	1.860405257	1.868472762	1.885568933	1.894562479	1.913769489
391	1.823672723	1.829779686	1.836733246	1.851430399	1.859303805	1.876021235	1.884830862	1.903467791
392	1.815766813	1.821552171	1.82830499	1.842611581	1.850293555	1.866637411	1.875071015	1.893342987
393	1.807848863	1.813468903	1.820023719	1.833945049	1.841438186	1.857227206	1.865670692	1.883390723
394	1.800069735	1.80552647	1.811885946	1.82542717	1.832733993	1.84816185	1.85623937	1.873606789
395	1.792426184	1.797721573	1.803888296	1.817054428	1.824177392	1.839067467	1.847154497	1.863987109
396	1.78477101	1.790051014	1.796027499	1.808823415	1.815764909	1.830305491	1.838036126	1.854527739
397	1.777391174	1.782365282	1.788300387	1.800730831	1.807327013	1.821688679	1.829251852	1.845224858
398	1.769997463	1.774956108	1.780554644	1.792773479	1.799194929	1.813039351	1.82043183	1.836074769
399	1.762869364	1.767529614	1.773087715	1.784791312	1.791197135	1.804533033	1.811756951	1.827073888
400	1.755725344	1.760370016	1.765600094	1.777097219	1.783170748	1.796336237	1.803223846	1.818033156
401	1.748702863	1.75319115	1.758381642	1.76937634	1.775434456	1.788103925	1.794829248	1.809322731
402	1.7417992	1.746132853	1.75114063	1.76193368	1.7676677	1.780005024	1.78656999	1.800751362
403	1.735011719	1.73919244	1.744019718	1.754462451	1.760027382	1.77203651	1.778443001	1.792137241
404	1.72833786	1.732367306	1.737016242	1.747112833	1.752510671	1.764195452	1.770445302	1.783836798
405	1.721647014	1.725522892	1.730127619	1.739882129	1.745114822	1.756479006	1.762574003	1.775666163
406	1.715194615	1.718922448	1.723216602	1.732767727	1.737837168	1.748884412	1.754826302	1.767450305
407	1.708723626	1.712301119	1.716551882	1.725767086	1.730675123	1.741408992	1.747199475	1.759362736
408	1.702359803	1.70578853	1.709994672	1.718877743	1.723626175	1.734050144	1.739532468	1.751568593
409	1.696100848	1.699507957	1.703412823	1.711958832	1.716687887	1.726805344	1.732141423	1.743727126
410	1.68994453	1.693204366	1.696937092	1.705286623	1.709857888	1.719522034	1.724863517	1.736005694
411	1.683769777	1.687002726	1.69056522	1.698718702	1.702994369	1.7124998	1.717543476	1.728563782
412	1.677813722	1.680779778	1.684295012	1.692119279	1.696375742	1.705437833	1.710486427	1.721072776
413	1.671837907	1.67477711	1.678124336	1.68562295	1.689722407	1.698628766	1.703386107	1.713694243
414	1.665959165	1.668751871	1.67205112	1.679227551	1.683171666	1.691778869	1.696393044	1.706425791
415	1.660175481	1.662939961	1.666073348	1.673059939	1.67685448	1.685032516	1.689650882	1.699265098
416	1.6544849	1.657104337	1.660069642	1.666858663	1.670501023	1.678527507	1.682863964	1.692209903
417	1.648885518	1.651361302	1.654278313	1.660626194	1.664243933	1.671980235	1.676177749	1.685258011
418	1.643375487	1.645708969	1.648460009	1.65461406	1.658081237	1.665530234	1.669590161	1.678407286
419	1.637844962	1.640034029	1.642732273	1.648692908	1.652011017	1.659175517	1.66309918	1.67165565
420	1.632402742	1.634558927	1.637093276	1.642739121	1.645905663	1.652914149	1.656702842	1.665001082
421	1.627047056	1.629060223	1.631541242	1.636995841	1.640016237	1.646744249	1.650399235	1.658296893
422	1.621776179	1.623755315	1.626074441	1.631219086	1.634090842	1.6405331	1.644051581	1.651832175
423	1.616588434	1.618425907	1.620580992	1.62552888	1.628375036	1.634542107	1.637929358	1.645458755
424	1.611380231	1.61317926	1.615280872	1.619923509	1.622622516	1.628637208	1.631894406	1.639034711
425	1.606355043	1.607909677	1.609953286	1.614401306	1.616954548	1.622690015	1.625814391	1.632839969
426	1.601308531	1.60282489	1.604706813	1.608960647	1.611487176	1.616828281	1.619950252	1.626594038
427	1.596341085	1.597716341	1.599539876	1.603599948	1.605982121	1.611174333	1.614040473	1.62057099
428	1.591353752	1.592787181	1.594450941	1.598317672	1.600441595	1.605477222	1.608340536	1.614496262
429	1.58654098	1.587833517	1.589335419	1.593001996	1.595095685	1.599860695	1.602594454	1.608505353
430	1.581707528	1.582955633	1.58439915	1.587873261	1.589826458	1.594323204	1.596928522	1.60259664
431	1.576949354	1.578054735	1.579435617	1.582710539	1.584520866	1.58886324	1.591341205	1.596898765
432	1.572265032	1.573325185	1.574546474	1.577622703	1.579401835	1.583479331	1.585831008	1.591148426
433	1.567653169	1.568571935	1.569730315	1.572608338	1.574245924	1.578170044	1.580396473	1.585475685
434	1.563112409	1.563890956	1.564985774	1.56766607	1.569163321	1.572933982	1.575036178	1.57987908
435	1.558551284	1.559280896	1.560311518	1.562691005	1.564259706	1.567655626	1.569748738	1.574357181
436	1.554060604	1.554740439	1.555610634	1.557889998	1.559318551	1.562563094	1.564416216	1.568784746
437	1.549639064	1.550268303	1.551074079	1.553157142	1.554341828	1.557427896	1.559271612	1.56340933
438	1.545285392	1.545772973	1.546510366	1.548390788	1.549539089	1.552473631	1.554081595	1.558104526
439	1.540912037	1.541345397	1.542013853	1.543692158	1.544803138	1.547476378	1.549074604	1.552748773
440	1.536605946	1.536984334	1.537583317	1.539060018	1.540031004	1.542546762	1.544021921	1.547582499
441	1.532365892	1.532688581	1.53312683	1.534493163	1.53542603	1.537683555	1.539147575	1.542483036
442	1.528190681	1.528456958	1.528825626	1.529990419	1.530784528	1.532885558	1.534227302	1.537332318
443	1.524079149	1.524202699	1.524498006	1.525455185	1.526207084	1.528151603	1.529371986	1.53224824
444	1.519948343	1.520012076	1.520233554	1.52107819	1.521692553	1.523480549	1.524580467	1.52734427
445	1.515880686	1.515883951	1.516031143	1.516668353	1.517239818	1.518767809	1.51985161	1.522388831
446	1.511875056	1.511817218	1.511803483	1.512320018	1.512847788	1.514220213	1.515078496	1.517496539
447	1.572159994	1.507728663	1.507722754	1.508032101	1.508420409	1.509630715	1.510472651	1.512666276
448	1.566072491	1.503701041	1.50361637	1.503803541	1.504147525	1.505202265	1.505926208	1.507896953
449	1.560092115	1.499733281	1.499569462	1.499633304	1.499839031	1.500731733	1.501335244	1.503187506
450	1.554226369	1.495824339	1.495580993	1.495431273	1.49558888	1.496319606	1.49690547	1.498536895
451	1.5479719	1.491973194	1.491649952	1.491375527	1.491396063	1.491964875	1.492431045	1.493944102
452	1.54235373	1.488100821	1.487694201	1.48728772	1.487259592	1.487666551	1.488013852	1.489301575
453	1.536353054	1.484285845	1.483875869	1.483255979	1.483178503	1.483423671	1.483752092	1.484822406
454	1.530488754	1.48052728	1.480032492	1.479279347	1.479062989	1.479140156	1.479445543	1.480398131
455	1.524768856	1.476824164	1.476165489	1.475356887	1.47509068	1.475006211	1.475193358	1.475924055
456	1.519201494	1.473100616	1.472432241	1.47140354	1.471083752	1.470831508	1.470898071	1.471504849
457	1.513794908	1.469432147	1.468675038	1.467587486	1.467130154	1.466802845	1.466752732	1.467241541
458	1.508013493	1.465817826	1.465048217	1.463740329	1.463228989	1.462733328	1.46265905	1.462928427
459	1.502400119	1.462184024	1.46139715	1.459945326	1.459379383	1.458715503	1.458522152	1.458667473
460	1.496963324	1.458676006	1.457723175	1.456201607	1.455580478	1.45474851	1.454530047	1.454457812
461	1.491711749	1.455148165	1.454176185	1.452508324	1.451831438	1.45083151	1.45049468	1.450298594
462	1.486090936	1.451672342	1.450606	1.448785078	1.448048882	1.446875112	1.44650923	1.44618899
463	1.480663259	1.448177783	1.447086781	1.44511208	1.444316052	1.443056416	1.442572876	1.442128186
464	1.475437651	1.444734909	1.443617688	1.441566618	1.440632132	1.439198256	1.438684816	1.438115388
465	1.470423145	1.441342866	1.440126409	1.437913541	1.436996324	1.435474673	1.434844265	1.434054567
466	1.465046155	1.438000821	1.436684991	1.434386402	1.433407848	1.431711581	1.431050454	1.430136247
467	1.459888832	1.434640768	1.43329262	1.430906313	1.429787001	1.427995246	1.427302633	1.426169951
468	1.45436787	1.431330407	1.4299485	1.427397191	1.426291608	1.424324914	1.423513042	1.422343082
469	1.449075402	1.428068931	1.426651852	1.423934972	1.422763736	1.420699849	1.419855728	1.418468304
470	1.444020941	1.424790302	1.423333741	1.420518901	1.419281581	1.417119331	1.416156651	1.41463857
471	1.439214092	1.421560259	1.420062871	1.417148243	1.415844414	1.413500676	1.412502112	1.410943843
472	1.434051941	1.418378021	1.416771588	1.413822278	1.412451523	1.410007832	1.408891405	1.407201336
473	1.429146876	1.415179454	1.413593574	1.41046827	1.409027317	1.406476835	1.405323839	1.403501779
474	1.42388604	1.412091156	1.410394919	1.407158827	1.40572154	1.402988974	1.401798738	1.399755972
475	1.41889203	1.4089241	1.407241788	1.403893246	1.402384367	1.399543573	1.398315439	1.396141007
476	1.414174919	1.405865818	1.404069026	1.40067084	1.399090011	1.39613997	1.394873294	1.392567006
477	1.409106811	1.402791864	1.400941563	1.397490936	1.395837804	1.392777516	1.391390854	1.389033336
478	1.404325796	1.399763657	1.397858687	1.39428395	1.392555353	1.389378222	1.387949602	1.385453585
479	1.399842216	1.396720683	1.394819701	1.391119358	1.389386104	1.386096799	1.384628421	1.381914264
480	1.395012995	1.39372318	1.391761842	1.387996503	1.386186543	1.382778543	1.381267014	1.378499218
481	1.390491851	1.390770439	1.388747664	1.384847599	1.383027773	1.379500188	1.377944932	1.375038254
482	1.385625478	1.387803669	1.385776492	1.38180688	1.379909169	1.376261121	1.374661576	1.371615899
483	1.381078091	1.384881393	1.382787281	1.378740009	1.376761352	1.373060747	1.371339316	1.368231568
484	1.376186059	1.381945935	1.37984087	1.375713504	1.373721827	1.369898481	1.36813226	1.364884686
485	1.371624193	1.379111136	1.376936602	1.37272675	1.370653033	1.366773747	1.364962196	1.36157469
486	1.367403464	1.376206992	1.374073834	1.369714835	1.36762314	1.363613447	1.361753306	1.358301028
487	1.362844646	1.37340216	1.371193735	1.366742574	1.364631561	1.360490705	1.35858147	1.354983051
488	1.357942936	1.370584704	1.368297278	1.363809369	1.36161176	1.357476361	1.355446134	1.351781035
489	1.35339455	1.367755549	1.365499698	1.360914633	1.358695638	1.354355659	1.352346753	1.348534824
490	1.349210818	1.3649694	1.362685563	1.358057793	1.355751248	1.35134226	1.349282797	1.345402342
491	1.344691376	1.362225605	1.359855817	1.355176651	1.352843991	1.348364235	1.346253742	1.342225793
492	1.340548742	1.359470748	1.357122567	1.352333322	1.349973317	1.345351854	1.343187192	1.339083594
493	1.336071889	1.356757982	1.354373511	1.349527245	1.347075376	1.342443554	1.340226951	1.335975243
494	1.331984262	1.354034903	1.351609565	1.346697777	1.34427677	1.339500937	1.337229285	1.332900244
495	1.327564092	1.351353647	1.348885715	1.343905476	1.341450861	1.336592702	1.334265575	1.329858115
496	1.322806771	1.348662805	1.346201363	1.341149794	1.338660431	1.333718348	1.331335328	1.326773357
497	1.318452302	1.346013515	1.343555925	1.338430194	1.335843671	1.330810777	1.328438057	1.323796077
498	1.314512715	1.343355345	1.340843568	1.335688037	1.333123147	1.328003222	1.325504556	1.320850259
499	1.310244434	1.340738451	1.338223043	1.332981883	1.330376258	1.325162488	1.322672325	1.317862008
500	1.306404248	1.338162223	1.335588993	1.330311206	1.327663789	1.322354701	1.319803934	1.314905354
501	1.302237604	1.335529275	1.332993472	1.327675493	1.324925889	1.319579387	1.317034885	1.311979845
502	1.297740069	1.332985581	1.330385172	1.325018027	1.32228125	1.316836081	1.314229758	1.309085037
503	1.293685329	1.330434222	1.327815203	1.322395449	1.319611146	1.314124328	1.311455833	1.306220495
504	1.290085916	1.327875985	1.325283006	1.31975197	1.316974445	1.311380482	1.308646877	1.303385789
505	1.286165032	1.325311642	1.322738657	1.317198126	1.314313175	1.308668233	1.305934505	1.300580501
506	1.281918365	1.322834149	1.320182961	1.314623302	1.31174231	1.306049402	1.303187176	1.297804217
507	1.278142436	1.320304614	1.317665188	1.312028357	1.309146843	1.30333674	1.300534629	1.294987041
508	1.27404354	1.31781554	1.315184788	1.309521128	1.306583803	1.300716625	1.297847205	1.292199005
509	1.270429748	1.315321568	1.312693623	1.306993699	1.304052732	1.298126363	1.295189335	1.289508255
510	1.266496001	1.312867758	1.310239629	1.304446902	1.3014979	1.295505064	1.292560605	1.286776821
511	1.262238067	1.310409631	1.307775534	1.301985948	1.298975006	1.292913666	1.289898021	1.28407333
512	1.258481479	1.307991367	1.305302091	1.299505544	1.2964836	1.290351753	1.2873268	1.281397394
513	1.254403918	1.30552631	1.302865928	1.29705785	1.293969245	1.287818914	1.284721801	1.278748635
514	1.250842707	1.303101665	1.300466513	1.29459147	1.29153992	1.285255999	1.282145215	1.276060368
515	1.246963934	1.300716848	1.29805827	1.292157716	1.289087614	1.282780529	1.279596649	1.273465281
516	1.243616759	1.298287735	1.295686561	1.28975613	1.28661314	1.280275029	1.277075718	1.270830818
517	1.239955632	1.295898969	1.293262407	1.287336559	1.284221989	1.277797853	1.274582043	1.26828794
518	1.235976486	1.293549969	1.290919202	1.28494907	1.281808633	1.275348613	1.272115254	1.265705824
519	1.232546355	1.291159093	1.288568376	1.282593219	1.279425407	1.272870234	1.269615768	1.263149559
520	1.228802026	1.288808474	1.286210621	1.280220056	1.277020742	1.270476123	1.267143246	1.260618793
521	1.22473946	1.286457811	1.283889241	1.277878444	1.274646167	1.268052918	1.26469732	1.258113184
522	1.221243811	1.284107742	1.281561496	1.275567947	1.272301267	1.265656937	1.262277631	1.255569428
523	1.217433963	1.281758892	1.279228055	1.27324079	1.269985637	1.263232691	1.259826197	1.253113516
524	1.214207275	1.279450403	1.276931023	1.270897698	1.267649271	1.260890437	1.257458308	1.250619586
525	1.210670625	1.277105441	1.274628829	1.268632547	1.265342137	1.258519958	1.255058748	1.248212042
526	1.206820083	1.274801263	1.272322122	1.266351365	1.263063837	1.256176009	1.252684794	1.245766613
527	1.203571424	1.272499942	1.27005183	1.264054854	1.260765496	1.253858234	1.250336103	1.243345143
528	1.20001333	1.270202068	1.267777529	1.261789172	1.258495946	1.251566282	1.248012337	1.240947313
529	1.197073963	1.267908222	1.265539386	1.259553901	1.2562548	1.249246935	1.245713163	1.238572808
530	1.192891575	1.265618977	1.26325856	1.257303886	1.253994281	1.246953448	1.243383254	1.236161436
531	1.189332594	1.263334898	1.261014371	1.255084179	1.25176212	1.244685477	1.241078009	1.233833026
532	1.186411915	1.261056541	1.258806309	1.252894369	1.249511257	1.242442681	1.238797101	1.231467873
533	1.183187467	1.258749412	1.25655775	1.250690382	1.247335024	1.240173284	1.236540207	1.229184348
534	1.179655486	1.256484514	1.254345772	1.248472872	1.245140039	1.23798019	1.234307011	1.226864204
535	1.176781808	1.254226959	1.252132535	1.246285452	1.242926977	1.235760531	1.232043967	1.224566302
536	1.172629728	1.251943357	1.249918615	1.244127716	1.240741785	1.233565421	1.229804686	1.222290348
537	1.170123442	1.249702428	1.247704579	1.241956985	1.238584093	1.231344467	1.227588857	1.220036057
538	1.166331272	1.247437221	1.245490989	1.239815825	1.236453534	1.229148091	1.225396171	1.217746091
539	1.16322058	1.24514935	1.243314304	1.237662237	1.234305469	1.227025371	1.223226326	1.215534618
540	1.159805336	1.242905273	1.241138459	1.235538101	1.232140537	1.224827784	1.221027474	1.213287589
541	1.157089873	1.240640239	1.23892879	1.233402089	1.230046599	1.222703221	1.218851524	1.211061776
542	1.153060914	1.238387517	1.236756592	1.231295407	1.227935733	1.220553549	1.216698177	1.208856905
543	1.150758344	1.23611624	1.234586836	1.229177386	1.225808559	1.218427528	1.214567139	1.206672704
544	1.147134997	1.233858923	1.232420045	1.227088566	1.223708335	1.216324847	1.212458121	1.204508905
545	1.144235778	1.231616009	1.230256729	1.22498893	1.221634705	1.214245204	1.210320893	1.202365245
546	1.141036104	1.22932745	1.228097396	1.222918362	1.219545306	1.212141141	1.208255372	1.200187026
547	1.137532368	1.227055604	1.225942545	1.220837487	1.217482431	1.210060138	1.206161702	1.198083183
548	1.134774818	1.224800884	1.223759862	1.218746868	1.215445732	1.208001897	1.204040527	1.195944891
549	1.131719257	1.222534536	1.221615777	1.216685424	1.213393784	1.205966122	1.201989906	1.193826333
550	1.128362139	1.220258035	1.219445495	1.21465277	1.211367939	1.203906585	1.199911831	1.191727257
551	1.125773723	1.217972841	1.217314082	1.21257304	1.209327384	1.201869533	1.19785504	1.189647411
552	1.122890033	1.215680406	1.215158072	1.210560001	1.207312855	1.199854677	1.195819259	1.187586551
553	1.119707579	1.213382164	1.213010049	1.208500967	1.205284138	1.197816679	1.193804218	1.185492115
554	1.116222834	1.21107954	1.21087046	1.206507856	1.203281364	1.195800888	1.191809651	1.183468794
555	1.113533067	1.208746945	1.208709269	1.204469806	1.201264911	1.193807018	1.189788346	1.181412
556	1.110547565	1.206440135	1.20655804	1.20246069	1.199274311	1.191834787	1.187787564	1.179373812
557	1.107262863	1.204106854	1.204417194	1.200444197	1.197309228	1.189840014	1.185807041	1.177353993
558	1.104796748	1.201749554	1.202257654	1.198456468	1.195330915	1.187910512	1.183846519	1.175352309
559	1.102038222	1.199396231	1.200109971	1.196461781	1.193339899	1.185915133	1.181859914	1.173368531
560	1.098983887	1.197023031	1.1979457	1.194460634	1.191374544	1.183984474	1.179893352	1.171352092
561	1.095630309	1.194632368	1.195794721	1.192453518	1.189434516	1.182031845	1.177946576	1.169353653
562	1.093122928	1.192226642	1.193629218	1.190475387	1.187482202	1.180100316	1.176019335	1.167422779
563	1.090323367	1.189808243	1.191478405	1.188525861	1.185555115	1.178189619	1.174066634	1.165459387
564	1.087228263	1.187379543	1.189287539	1.186536753	1.183616192	1.176257495	1.172177982	1.16351332
565	1.085004033	1.184919538	1.187113364	1.184576624	1.18166593	1.174346202	1.170263908	1.16158436
566	1.082491554	1.135639564	1.18495622	1.182611752	1.179741005	1.172455472	1.168324953	1.159623547
567	1.079687535	1.132352825	1.182763262	1.180642593	1.177841087	1.170585044	1.166449047	1.15772841
568	1.076588647	1.129102159	1.180563003	1.178702385	1.175930198	1.168693709	1.164548289	1.155801506
569	1.073191525	1.125849947	1.178382661	1.176758235	1.174008814	1.166822671	1.162666394	1.153891363
570	1.07069804	1.12264029	1.176171279	1.174810583	1.172112524	1.164931229	1.160803122	1.151997769
571	1.067913944	1.119460738	1.173956373	1.172859867	1.170241006	1.163060071	1.158958236	1.150120514
572	1.066055446	1.116295757	1.171739176	1.170906513	1.168324726	1.161208939	1.157089057	1.148259392
573	1.062687514	1.113158791	1.169520911	1.168982372	1.166467954	1.159377576	1.155280494	1.146414202
574	1.060253032	1.110030694	1.167278438	1.167055898	1.164567323	1.15752628	1.1534057	1.144537986
575	1.057529297	1.10692302	1.165013913	1.165127505	1.162691715	1.155733947	1.151591056	1.142724294
576	1.054513064	1.103847677	1.16275319	1.1631976	1.160840805	1.153882697	1.149794134	1.140879656
577	1.052456816	1.100781215	1.160497439	1.161266585	1.158980937	1.152089911	1.147973455	1.139050625
578	1.050116202	1.097733492	1.15820168	1.159364962	1.157112541	1.150277637	1.146170517	1.137237005
579	1.047488062	1.094714657	1.155891731	1.157432645	1.155268877	1.148446336	1.144344307	1.135393014
580	1.044569203	1.091735135	1.153569685	1.155500388	1.153417028	1.146672517	1.142576405	1.13360986
581	1.041356392	1.088766303	1.151237621	1.153597897	1.151557409	1.144879644	1.140785244	1.131796405
582	1.039139005	1.085816377	1.148897606	1.151695701	1.149722531	1.143105732	1.139011387	1.130042953
583	1.036636137	1.082852672	1.146508803	1.149765347	1.147880207	1.141313195	1.137254614	1.128259266
584	1.033844644	1.079923149	1.144117444	1.147865095	1.14606246	1.139539588	1.135475047	1.126490293
585	1.032076309	1.077036671	1.141704765	1.145966226	1.144237579	1.137784667	1.133712571	1.124735847
586	1.028705627	1.074158432	1.139273764	1.144041022	1.14240595	1.136048195	1.131966968	1.122951698
587	1.026366853	1.071294933	1.136807306	1.142146215	1.14059888	1.134293476	1.130238023	1.121225968
588	1.02374194	1.06845285	1.134329148	1.140226254	1.138754665	1.132557169	1.128525524	1.119470594
589	1.022172919	1.065592396	1.131803365	1.138336861	1.136965749	1.13080301	1.126790674	1.117772855
590	1.018974043	1.062812899	1.12925404	1.136423466	1.135140427	1.12906722	1.125072272	1.116045531
591	1.016840087	1.059978857	1.12666638	1.134513958	1.133339754	1.127349563	1.123331936	1.114332069
592	1.014422874	1.057240218	1.124045374	1.132635242	1.131533628	1.125614412	1.121646006	1.112589487
593	1.011719342	1.054456203	1.121396015	1.130734197	1.129751954	1.123897346	1.119938136	1.110903418
594	1.010109844	1.051731331	1.118687903	1.128811847	1.127935746	1.122198131	1.11824629	1.109230686
595	1.006832222	1.0489689	1.115945517	1.126920951	1.126144232	1.120516537	1.11657026	1.107528908
596	1.004658002	1.046277403	1.113157975	1.12500981	1.124348196	1.118817761	1.114872682	1.105840516
597	1.002200745	1.043556629	1.110299286	1.123104815	1.122576639	1.11710218	1.113190909	1.104165338
598	1.000871923	1.040864022	1.10739515	1.121206241	1.12080078	1.115438513	1.111524737	1.102503203
599	0.997847408	1.038204936	1.104406493	1.119314355	1.119020944	1.113757981	1.109873964	1.100853944
600	0.99596097	1.035584824	1.10136072	1.117404724	1.117237445	1.112060947	1.108202003	1.099217395
601	0.993795184	1.032951379	1.098223653	1.115502763	1.115450595	1.110414947	1.106545423	1.097552317
602	0.991347092	1.030307406	1.094995361	1.113608719	1.113688299	1.108718982	1.104904023	1.09589999
603	0.988613704	1.027715558	1.091663632	1.11169883	1.111922835	1.107073596	1.103277606	1.094300956
604	0.987053879	1.025120946	1.088206252	1.109774018	1.110154498	1.105411958	1.101630333	1.092673452
605	0.983748932	1.022526619	1.084620069	1.107882279	1.108383577	1.10376724	1.10003348	1.091058209
606	0.981627599	1.019998353	1.080867819	1.105976513	1.106610357	1.102139219	1.098380465	1.089414888
607	0.979225083	1.01741502	1.076910482	1.104057609	1.104861685	1.100495208	1.09677748	1.087823859
608	0.97803242	1.014906157	1.072722697	1.10214931	1.103084489	1.098867819	1.095153944	1.086244613
609	0.975066855	1.012346923	1.068238286	1.100229166	1.101331975	1.097224726	1.093544945	1.084637334
610	0.973321462	1.009870861	1.063377875	1.098320451	1.099577837	1.095598171	1.091950287	1.083041867
611	0.971299417	1.007349391	1.057968232	1.096401141	1.097848101	1.093987933	1.090369783	1.081458055
612	0.96899785	1.004920075	1.051786585	1.094472067	1.096091279	1.092362219	1.088769006	1.079885744
613	0.966413861	1.002450569	1.044264108	1.092555804	1.094333585	1.090752734	1.087182343	1.07832478
614	0.963544518	0.999941612	1.033580978	1.090630961	1.092600443	1.089159257	1.085609603	1.076775011
615	0.961938113	0.997536815	1.01432595	1.088719654	1.09084152	1.087550514	1.0840506	1.075197611
616	0.960057084	0.99509813	1.013881502	1.086779799	1.089107223	1.085957685	1.082471575	1.073669943
617	0.957898612	0.992699838	1.012815812	1.084854594	1.08737259	1.08434983	1.080906241	1.072114662
618	0.955459848	0.990271469	1.011417691	1.082923469	1.085637837	1.082788343	1.07935441	1.070570293
619	0.952737914	0.987889383	1.009818398	1.080987166	1.083903175	1.081181336	1.077815897	1.069036688
620	0.95132276	0.985557596	1.008059501	1.079046408	1.082168806	1.079620264	1.076257585	1.0675137
621	0.949635501	0.983125443	1.006211095	1.077101906	1.080434928	1.078044285	1.074712539	1.066001182
622	0.947673374	0.980826159	1.004282723	1.075154355	1.078701731	1.076483577	1.073180573	1.064461388
623	0.945433586	0.978428789	1.002283559	1.073224057	1.076992909	1.074908169	1.071661506	1.062969527
624	0.942913316	0.976172678	1.00024193	1.071272221	1.075261438	1.073347916	1.070122832	1.061450394
625	0.941744719	0.973820936	0.998156296	1.069319327	1.07353118	1.071802603	1.068596996	1.059978616
626	0.938663589	0.971536628	0.996053259	1.067366004	1.071825276	1.070242724	1.067083815	1.058479572
627	0.936945606	0.969240695	0.993945448	1.065394067	1.07009775	1.068697662	1.065583109	1.05699043
628	0.934953035	0.966934496	0.991794427	1.06344191	1.068371905	1.067167204	1.064062961	1.05551105
629	0.932683118	0.964704888	0.989630462	1.061472714	1.066670344	1.065622292	1.062555217	1.054041292
630	0.930133066	0.962383397	0.987457637	1.059505831	1.064948109	1.064091854	1.061059699	1.052544543
631	0.928986744	0.960143441	0.985280197	1.057523803	1.063227959	1.062575676	1.059576228	1.05109375
632	0.927572089	0.957901058	0.983095427	1.055545532	1.061531971	1.061045136	1.058073448	1.049615958
633	0.924182476	0.955747357	0.980907918	1.05355391	1.059816176	1.059528719	1.056613678	1.048183579
634	0.92221439	0.953505792	0.978712579	1.051567392	1.058102802	1.057998081	1.055134521	1.046724192
635	0.921691336	0.951266499	0.976520193	1.04956921	1.056413411	1.056509414	1.053636201	1.045273869
636	0.919176424	0.949123796	0.974328345	1.047577372	1.054704996	1.054978522	1.052180229	1.043832473
637	0.91637958	0.946895012	0.972136457	1.045575441	1.052999266	1.053489176	1.050705005	1.042399871
638	0.915046107	0.944768256	0.969946984	1.043564345	1.05129629	1.051985582	1.049241131	1.040975928
639	0.913442989	0.942556745	0.967753578	1.041544976	1.049596131	1.050495384	1.047788429	1.039560512
640	0.911567579	0.940452831	0.965573634	1.039534446	1.047898842	1.048991043	1.046346726	1.038118289
641	0.909417201	0.938265596	0.963389936	1.037500863	1.046204465	1.047527134	1.044885839	1.036719654
642	0.906989153	0.936191652	0.961209917	1.035461441	1.044513036	1.046048918	1.04346574	1.035294187
643	0.906073392	0.934035923	0.959040571	1.033432614	1.042804344	1.044556562	1.042026356	1.033911811
644	0.90309097	0.9319993	0.956864596	1.031367921	1.041119021	1.043077052	1.040597525	1.032502575
645	0.901633525	0.929882532	0.954701806	1.02931512	1.039436688	1.041610175	1.03914954	1.031101317
646	0.899905772	0.927787574	0.95254817	1.027243884	1.037737537	1.040155719	1.037741416	1.029707908
647	0.897905087	0.925716369	0.950397865	1.025170251	1.036041635	1.038687008	1.036314026	1.028322219
648	0.89562882	0.923670884	0.948252287	1.02307982	1.034348949	1.037230532	1.034896733	1.026944121
649	0.894921469	0.921546664	0.946112089	1.020988139	1.032659434	1.035759846	1.033489363	1.025573489
650	0.892095308	0.919557557	0.943977143	1.018880993	1.030973034	1.034327317	1.032091747	1.024210197
651	0.89085115	0.917491622	0.941846514	1.016759084	1.02928968	1.03288038	1.03067485	1.022854119
652	0.889339273	0.915457373	0.93972865	1.01462301	1.027590298	1.031445054	1.029267581	1.02147125
653	0.88755711	0.913456903	0.937611266	1.012473259	1.025912905	1.029995337	1.027898422	1.020129329
654	0.885502067	0.91138045	0.935512451	1.010310202	1.024219533	1.028557021	1.026481238	1.01876057
655	0.883171524	0.909452815	0.93340731	1.008120342	1.022529044	1.027129889	1.025101823	1.01743231
656	0.882474809	0.907451313	0.931313258	1.00593139	1.020841295	1.025688255	1.023731353	1.016077162
657	0.879594848	0.905489999	0.929237424	1.003715955	1.019156125	1.024282952	1.022341408	1.014728682
658	0.87836228	0.903454819	0.927151175	1.001474214	1.0174551	1.022837651	1.020960266	1.013420042
659	0.876862625	0.901462053	0.925083966	0.999232513	1.015756515	1.021428245	1.019615816	1.012084433
660	0.875093351	0.899513951	0.923017464	0.996950631	1.014060152	1.02002915	1.018223706	1.010755122
661	0.873051901	0.89761278	0.920969799	0.994654324	1.012365775	1.018615169	1.016867947	1.009431988
662	0.870735695	0.895640136	0.91892089	0.992342463	1.01067313	1.017186368	1.01552031	1.00811491
663	0.870120302	0.893716803	0.916875395	0.990000894	1.008964227	1.015792392	1.014152932	1.006803766
664	0.867256485	0.891845111	0.914851925	0.987628188	1.007256685	1.014383339	1.012821122	1.005498436
665	0.86610752	0.889903364	0.912814025	0.985235108	1.005550179	1.012983872	1.011469407	1.004166117
666	0.864692767	0.888015743	0.910808194	0.982819195	1.003826936	1.011593768	1.010125311	1.002872139
667	0.863009737	0.886058336	0.908796412	0.980377577	1.002121518	1.010212804	1.008788664	1.001583616
668	0.861055919	0.884285037	0.906797211	0.977906925	1.000398767	1.008816396	1.007432018	1.000300431
669	0.858828776	0.882315976	0.904799798	0.975415771	0.998658512	1.007428846	1.006109836	0.998990101
670	0.856325749	0.880535903	0.902807901	0.972899652	0.996934682	1.006025725	1.004767473	0.997717313
671	0.855599907	0.878558179	0.900825355	0.970365915	0.995192545	1.004655291	1.003459073	0.996417298
672	0.854612688	0.876774401	0.898856097	0.967796644	0.99344872	1.003268982	1.002130302	0.995154435
673	0.851286571	0.874924247	0.896887573	0.965222813	0.991685785	1.001890771	1.000808107	0.993896322
674	0.849759494	0.873141083	0.894939875	0.962625501	0.989936902	1.000520426	0.999492314	0.992610848
675	0.847963651	0.871292033	0.892982787	0.960010095	0.988167786	0.999157714	0.998155996	0.991330032
676	0.848001368	0.869376202	0.891036258	0.957394362	0.986394591	0.997778633	0.996852558	0.990085612
677	0.845670561	0.867668178	0.88910373	0.954758269	0.984599971	0.996406853	0.995555004	0.988813687
678	0.843063537	0.865757345	0.887188726	0.952132418	0.982799851	0.995042132	0.994236603	0.987577791
679	0.842312579	0.864059531	0.885257861	0.949496755	0.981009904	0.993660657	0.992923866	0.986314288
680	0.841300468	0.862157189	0.883350514	0.946870109	0.97917969	0.992309397	0.991643048	0.985054852
681	0.840024819	0.86047315	0.881451294	0.944245919	0.977357808	0.990941018	0.990341048	0.983830904
682	0.838483229	0.858726461	0.879543593	0.941645103	0.975526738	0.989578847	0.989044181	0.982579188
683	0.836673269	0.856916298	0.877649133	0.939048925	0.97366903	0.988222635	0.98775227	0.981331187
684	0.834592491	0.855187748	0.87577089	0.936466408	0.97179998	0.98684884	0.986465136	0.980118148
685	0.832238423	0.85339644	0.873891465	0.933908136	0.969934732	0.985503848	0.98515645	0.978877169
686	0.831814084	0.85168984	0.872033733	0.931371604	0.968039279	0.984140865	0.983878387	0.977639553
687	0.828916366	0.849921241	0.870158671	0.928870231	0.966144984	0.982782927	0.982604564	0.976436387
688	0.827963994	0.848240499	0.868310349	0.926372602	0.964217701	0.981406667	0.981308798	0.975205095
689	0.826749109	0.846498563	0.866470281	0.923925294	0.962288629	0.980058075	0.980042962	0.973976817
690	0.825269347	0.84469465	0.864618711	0.921481468	0.960339812	0.978690714	0.978754911	0.972782489
691	0.823522324	0.842982227	0.862801836	0.919074728	0.958385982	0.977350403	0.977470462	0.971559839
692	0.821505633	0.841364127	0.860977585	0.916690686	0.956408979	0.97599086	0.976189429	0.970339852
693	0.819216843	0.839686557	0.859147421	0.914331786	0.954423432	0.974611914	0.974911623	0.969153327
694	0.818941742	0.837948772	0.85733626	0.912001211	0.952410929	0.973259153	0.973636855	0.967938271
695	0.818410597	0.836309087	0.855546654	0.909702886	0.950386005	0.971909346	0.972364938	0.966725526
696	0.815312216	0.834610128	0.853733025	0.907421892	0.948363361	0.970539377	0.971095679	0.965545768
697	0.81425169	0.832851159	0.85194483	0.905161916	0.946307564	0.969171839	0.969828888	0.964337256
698	0.812928163	0.831194171	0.850159981	0.902927275	0.944249966	0.967806437	0.968564373	0.963130702
699	0.811339299	0.829642106	0.848380174	0.900701567	0.942171616	0.966442872	0.96730194	0.96195667
700	0.809482739	0.828032761	0.84660714	0.898510464	0.940070182	0.965080842	0.966015825	0.960753646
701	0.807356107	0.82636544	0.844842645	0.896337499	0.937977694	0.963697306	0.964756996	0.95958284
702	0.80732971	0.824639438	0.843088489	0.894187462	0.935857694	0.962337439	0.963499659	0.958382875
703	0.804666604	0.823022919	0.841346505	0.892065656	0.933742627	0.960955464	0.962218114	0.95721483
704	0.804120422	0.821518897	0.839618559	0.889953294	0.931595401	0.959573793	0.960963185	0.956017452
705	0.803316213	0.819787744	0.837879385	0.887854607	0.929448955	0.958192098	0.95968368	0.954851699
706	0.799836156	0.818170211	0.836129871	0.885774235	0.927301515	0.956810048	0.958430344	0.953686903
707	0.798498295	0.816669364	0.834426652	0.883717217	0.925133099	0.955427307	0.95715205	0.952492502
708	0.796895495	0.815113202	0.832688135	0.881661572	0.922978203	0.954043533	0.955899481	0.951329293
709	0.797473619	0.813501075	0.830999914	0.879610909	0.920798432	0.952658382	0.954621559	0.950166687
710	0.795344979	0.811832323	0.82927836	0.877598055	0.918610263	0.95124878	0.953343504	0.948974188
711	0.792944451	0.81028514	0.827581959	0.875599854	0.916431092	0.949859804	0.952090507	0.947812455
712	0.792750733	0.808682552	0.825912809	0.873620866	0.91425998	0.948445631	0.950811531	0.946650969
713	0.789810512	0.807205297	0.824213105	0.871634737	0.91207644	0.947051374	0.949531765	0.94548961
714	0.789094522	0.805673895	0.822543517	0.869676239	0.909878887	0.94563114	0.948276389	0.944328258
715	0.788119463	0.804087722	0.820875547	0.867717968	0.907706182	0.94420729	0.946994371	0.943166793
716	0.786883099	0.802446146	0.819210332	0.865763166	0.905517583	0.942802269	0.945710884	0.942005093
717	0.785383173	0.80093502	0.817549028	0.863849713	0.903332492	0.941370029	0.944451118	0.940843035
718	0.78361741	0.799369807	0.815892815	0.861913255	0.901150494	0.939932974	0.943164005	0.939680497
719	0.781583514	0.79793894	0.814242892	0.860027353	0.898992785	0.938490689	0.941874724	0.938517356
720	0.781849069	0.796455338	0.81260048	0.858124753	0.896816523	0.937042753	0.940608488	0.937383743
721	0.779283384	0.794918407	0.810966819	0.856244969	0.894665	0.935611757	0.939314161	0.936219017
722	0.779035069	0.793327546	0.809343171	0.854353819	0.892494202	0.934151266	0.938016937	0.935053315
723	0.775928481	0.791876368	0.807697258	0.852492854	0.890349104	0.932683812	0.936742081	0.933916755
724	0.775157408	0.790372669	0.806097133	0.850626491	0.888207804	0.931232113	0.935438338	0.932748718
725	0.774127232	0.788815864	0.804476633	0.84875706	0.886070733	0.929749418	0.934156506	0.931609572
726	0.772835747	0.787403493	0.802870651	0.846929196	0.883962639	0.928281662	0.932845233	0.930468945
727	0.771280732	0.78593947	0.801280544	0.845105117	0.881836258	0.926781848	0.931555409	0.929296455
728	0.769459943	0.784423224	0.799672293	0.843287561	0.879716174	0.925296132	0.930235564	0.928152482
729	0.770043274	0.783056245	0.798117704	0.841479386	0.877628833	0.923800735	0.928936703	0.927006647
730	0.76769583	0.781435166	0.796510904	0.839637754	0.875524769	0.922295155	0.927632942	0.925858822
731	0.765075849	0.779964862	0.794960599	0.837856467	0.873456666	0.920778878	0.926324009	0.924708877
732	0.76488803	0.778648752	0.793358726	0.836046154	0.871400396	0.919251382	0.925009632	0.923556681
733	0.764446412	0.777075539	0.791816247	0.834255938	0.869330082	0.917735947	0.923689532	0.922402103
734	0.761018841	0.775658073	0.790260517	0.832489235	0.867273756	0.916208393	0.922363426	0.92124501
735	0.760051612	0.774189772	0.788691904	0.830749566	0.865233166	0.914668171	0.921031029	0.920115615
736	0.758824077	0.772881468	0.78714916	0.828989057	0.863210193	0.913114724	0.919692048	0.918953108
737	0.757334054	0.771311216	0.785595059	0.827208531	0.861177442	0.911571684	0.918372241	0.917818067
738	0.755579344	0.769902568	0.784069133	0.825462326	0.859165417	0.910014475	0.917019258	0.916649607
739	0.756346628	0.768659027	0.782533429	0.823699903	0.857176376	0.908442514	0.915684965	0.915508383
740	0.754067878	0.767150606	0.781028263	0.821977723	0.855181691	0.906855201	0.914343004	0.914363874
741	0.75433032	0.76580894	0.779514953	0.820243436	0.853213802	0.905276582	0.91299307	0.913215946
742	0.751518822	0.764418109	0.777993954	0.81855564	0.85124321	0.90368162	0.911634848	0.912064459
743	0.75126795	0.762977596	0.776465731	0.81680171	0.849270976	0.9020946	0.910268021	0.910909276
744	0.747914851	0.761486879	0.774972174	0.815098807	0.847331517	0.900490233	0.908892267	0.909750254
745	0.74714205	0.76016902	0.773473123	0.813390856	0.845393956	0.898867874	0.907533847	0.908587253
746	0.746111003	0.75880267	0.771969079	0.81174077	0.843459631	0.897252192	0.906139323	0.907420128
747	0.744819578	0.757387327	0.770503121	0.810028045	0.841564994	0.895642953	0.904761624	0.906279405
748	0.743265629	0.756150181	0.768991014	0.808314668	0.839642091	0.894014308	0.903373821	0.905103636
749	0.744355571	0.754636724	0.767518818	0.80666683	0.837726945	0.892365577	0.902002499	0.903954051
750	0.742282357	0.75330323	0.766044505	0.805023627	0.835858083	0.890722012	0.900593541	0.902799838
751	0.739940148	0.751921509	0.764612753	0.803320033	0.833964167	0.889083401	0.899200547	0.90164085
752	0.740271928	0.750724315	0.763136259	0.801690161	0.832083271	0.887423257	0.897796235	0.900476941
753	0.737397588	0.749246069	0.76165933	0.800001283	0.83021731	0.885767325	0.896380243	0.899307959
754	0.737217464	0.747954164	0.760227853	0.798391857	0.828368278	0.884088772	0.894952204	0.898133755
755	0.736784313	0.746614879	0.758797898	0.796724985	0.826538246	0.882413692	0.893539272	0.896985191
756	0.733101805	0.745227733	0.757323973	0.795071422	0.824688695	0.880741905	0.89211376	0.895800133
757	0.732144091	0.744032502	0.755898483	0.793433126	0.822861208	0.879046026	0.890675289	0.89464051
758	0.730927061	0.742549617	0.754476345	0.791812098	0.821016079	0.877352715	0.889251343	0.893475153
759	0.72944861	0.741260523	0.75305819	0.790210384	0.819238993	0.875661815	0.8878139	0.89227268
760	0.730750696	0.739924497	0.751644654	0.788630068	0.81740438	0.873973183	0.886362571	0.891095333
761	0.728755671	0.738786995	0.750188299	0.786995717	0.815598706	0.872258634	0.884896956	0.889943127
762	0.726492887	0.737357141	0.748785549	0.785384844	0.813824526	0.870573934	0.883445019	0.888753273
763	0.727041899	0.736127734	0.747389384	0.783799653	0.812039068	0.868834141	0.881978246	0.887556895
764	0.724249952	0.734852403	0.746000474	0.782161454	0.810289032	0.867123969	0.880524865	0.886385362
765	0.724290795	0.733530695	0.744569807	0.780633264	0.808530378	0.86541505	0.879027318	0.885207107
766	0.720961173	0.732162153	0.743197057	0.779054407	0.806763809	0.863678097	0.877571528	0.883990298
767	0.72048559	0.731000848	0.741783125	0.777423832	0.804990066	0.86197121	0.87607073	0.88279804
768	0.719754983	0.729538724	0.740429323	0.775825964	0.803258853	0.860235666	0.874582495	0.881630377
769	0.718767318	0.728285834	0.739034945	0.774263224	0.801523506	0.858500618	0.873077465	0.880423589
770	0.717520542	0.727246073	0.737651216	0.77273806	0.799784893	0.856766026	0.871584738	0.879209245
771	0.716012587	0.725902729	0.736278866	0.771164021	0.798095024	0.855031863	0.870074654	0.878019213
772	0.714241368	0.724512763	0.734918632	0.769630246	0.796353376	0.853298118	0.868576628	0.876821435
773	0.715414041	0.723338991	0.733571258	0.768048015	0.794663875	0.85153376	0.867060683	0.875615739
774	0.713123113	0.722120652	0.732237497	0.766508839	0.792976449	0.849800596	0.865556567	0.874401952
775	0.710562646	0.720857319	0.730864322	0.765015325	0.791238095	0.848067898	0.864033973	0.873179897
776	0.710978834	0.71954856	0.72950546	0.763475318	0.7895573	0.846303822	0.862492443	0.871981852
777	0.711147348	0.718463076	0.728161687	0.761983918	0.787881877	0.844571922	0.860962247	0.870775356
778	0.707792226	0.717063663	0.726833784	0.760446661	0.786212996	0.842808185	0.859443468	0.869527595
779	0.707446593	0.715889635	0.72552254	0.75886269	0.78455186	0.841077378	0.857873981	0.86830357
780	0.706847332	0.714671442	0.724172883	0.757430297	0.782899705	0.839314319	0.856346652	0.867103379
781	0.705992453	0.713408666	0.72284065	0.755853562	0.781257803	0.837585027	0.854799167	0.86586128
782	0.704879952	0.712100887	0.721526651	0.754332008	0.779568014	0.835823113	0.853231051	0.86464284
783	0.703507806	0.711025763	0.720231705	0.752868474	0.777949773	0.834095888	0.851673728	0.863381924
784	0.701873978	0.709907797	0.718899082	0.751361405	0.776284769	0.832335718	0.850127328	0.862144491
785	0.699976415	0.708465527	0.717586324	0.749915666	0.774695642	0.830576519	0.848559668	0.860930659
786	0.701192975	0.707259171	0.716294269	0.748427317	0.773060989	0.828853548	0.847002803	0.859673681
787	0.698775325	0.706292847	0.714964933	0.746895613	0.771443274	0.827097237	0.845424131	0.858440136
788	0.696087766	0.704999492	0.713716403	0.745429138	0.769843977	0.82534254	0.843856144	0.857162844
789	0.696548558	0.703661264	0.712431452	0.743920312	0.768199591	0.823625804	0.842265806	0.855942588
790	0.696762277	0.702566418	0.711109664	0.742480235	0.766640882	0.821875449	0.840686061	0.854678193
791	0.693280099	0.701428942	0.709811163	0.74099888	0.76503856	0.820127507	0.839117102	0.853403121
792	0.692980555	0.700248445	0.708536828	0.739589868	0.763459233	0.818419459	0.837525224	0.852151294
793	0.692428099	0.699024534	0.707287543	0.738140718	0.761836224	0.81667763	0.835944078	0.850888626
794	0.691620783	0.697756809	0.706002365	0.736650765	0.760237815	0.814939174	0.83433949	0.849614916
795	0.690556643	0.696741194	0.704743163	0.735237431	0.758665673	0.813204446	0.832745602	0.848329961
796	0.6892337	0.695684056	0.703510838	0.733784513	0.75712149	0.811473819	0.831162657	0.847068177
797	0.687649957	0.694285638	0.702243167	0.732411989	0.755535349	0.809747684	0.829555753	0.845794991
798	0.685803406	0.693142782	0.700939759	0.730879268	0.753978948	0.808026451	0.827959798	0.844510199
799	0.687248345	0.691957258	0.699728245	0.729551419	0.752454051	0.80631055	0.826375069	0.84321359
800	0.684884133	0.69103274	0.69848197	0.728062141	0.750888271	0.804600427	0.824765904	0.84194011
801	0.682251073	0.689762301	0.697200554	0.726658467	0.749355895	0.802896548	0.823168014	0.840654665
802	0.682945156	0.68875522	0.696014272	0.72521663	0.747858757	0.801158343	0.821545214	0.839357045
803	0.679782468	0.687398342	0.694728089	0.723864382	0.746321968	0.799468017	0.819933761	0.838047035
804	0.679970837	0.686307206	0.693538938	0.7224754	0.744744816	0.797743562	0.818333981	0.836760143
805	0.67991033	0.685174263	0.692315799	0.721049121	0.743283573	0.796068861	0.816746213	0.83546072
806	0.679599063	0.683999139	0.691058305	0.719584974	0.741784051	0.794360292	0.815133188	0.83414855
807	0.675367418	0.683096516	0.689833637	0.718215971	0.740245584	0.792660299	0.813532315	0.832859587
808	0.674534883	0.681837513	0.688642768	0.716810617	0.738748608	0.790969469	0.811905758	0.831521417
809	0.67344577	0.680853436	0.687418245	0.715504578	0.737213115	0.789288409	0.810291516	0.830206319
810	0.675808238	0.67950907	0.686228597	0.714026235	0.735721335	0.787617741	0.808689983	0.82891454
811	0.674214424	0.67844209	0.685005484	0.712648793	0.73427529	0.785913233	0.80706245	0.827572735
812	0.672358249	0.677333907	0.683818339	0.711375719	0.732792364	0.784264857	0.805487262	0.826254123
813	0.670237726	0.676184159	0.682597932	0.709927458	0.73127194	0.78258309	0.803846572	0.82492184
814	0.671617932	0.675318714	0.681414605	0.708585216	0.729799863	0.780913499	0.802259096	0.823612957
815	0.668977331	0.674086377	0.680198233	0.707208308	0.728290865	0.779256791	0.800645494	0.822252818
816	0.666066422	0.67314084	0.67902007	0.705941793	0.72683263	0.777566565	0.799045966	0.8209536
817	0.666693678	0.671824478	0.677881141	0.704495436	0.72542729	0.775937364	0.797419968	0.819602672
818	0.667075579	0.670797446	0.676709975	0.703161203	0.723896811	0.774275228	0.795808354	0.818275259
819	0.663371368	0.669729944	0.675506242	0.70179307	0.722510924	0.772628057	0.794211623	0.816933495
820	0.663242752	0.668621623	0.674343028	0.700541551	0.720998769	0.770996645	0.792588269	0.815577147
821	0.662863194	0.667472132	0.673147505	0.699105583	0.719635602	0.769332337	0.790980159	0.814205983
822	0.662230832	0.666620337	0.671993684	0.697788039	0.718145077	0.767684472	0.789387828	0.812858482
823	0.661343789	0.665389106	0.670807825	0.696437482	0.716713293	0.766053888	0.787768778	0.811534969
824	0.660200175	0.664458152	0.669664867	0.695209941	0.715246865	0.764441442	0.786165922	0.810157586
825	0.658798085	0.663487924	0.668565879	0.693793408	0.713841852	0.762848006	0.784579827	0.8088041
826	0.657135599	0.662132308	0.667359562	0.692517699	0.712403023	0.761222595	0.78296698	0.80743537
827	0.655210786	0.661080878	0.666197512	0.6911942	0.711028333	0.759617012	0.781371363	0.806090837
828	0.65699266	0.659989156	0.665080815	0.689886879	0.7096207	0.757979311	0.779793582	0.804730979
829	0.654552433	0.659207574	0.663932972	0.688580226	0.70817963	0.756362299	0.778189076	0.80335556
830	0.65584456	0.658035929	0.662831731	0.687274666	0.706805938	0.754766922	0.776602927	0.80196434
831	0.652881363	0.656822971	0.661699669	0.685970625	0.705399736	0.753194146	0.775035777	0.800597564
832	0.653676469	0.655924157	0.660536484	0.68466854	0.703960545	0.751590071	0.773441994	0.799214915
833	0.650182632	0.654986708	0.659421337	0.683385757	0.702592075	0.750009557	0.77182112	0.797857059
834	0.650473337	0.654010301	0.658275407	0.682089058	0.701191597	0.748397708	0.770266787	0.796483269
835	0.650516456	0.652994613	0.657178804	0.68081285	0.699864761	0.746810422	0.768685972	0.795093304
836	0.646219887	0.651939316	0.656051771	0.67952336	0.69839986	0.745248736	0.767078229	0.793728475
837	0.645747412	0.650844081	0.654975372	0.678255577	0.697117692	0.743713701	0.765491308	0.792347422
838	0.645021822	0.649708575	0.653787075	0.676975171	0.69569657	0.7421484	0.76392593	0.790949903
839	0.644041275	0.648900051	0.652732092	0.675699956	0.694353137	0.740552338	0.76238283	0.789577892
840	0.642803916	0.647684733	0.651647422	0.674430417	0.692978915	0.738984063	0.760813382	0.788189376
841	0.645474068	0.646799149	0.650532779	0.673167049	0.691573473	0.737444682	0.759217155	0.786784112
842	0.643732902	0.6455027	0.64938788	0.671910352	0.690249354	0.735875199	0.757643894	0.785404759
843	0.641729364	0.644538774	0.648296669	0.670642496	0.688895148	0.734335793	0.756094378	0.78400863
844	0.639461545	0.643536049	0.647260311	0.66940052	0.687510445	0.73282761	0.754518411	0.782595481
845	0.641155169	0.642494205	0.646109584	0.668148124	0.686210783	0.731290075	0.75296697	0.781208676
846	0.638368792	0.641792517	0.645014119	0.666904169	0.684881805	0.729722729	0.751440871	0.779804836
847	0.639570895	0.640673226	0.643975094	0.665650263	0.683523117	0.728187947	0.749888716	0.778427807
848	0.63625851	0.63951386	0.642907039	0.664424635	0.68225327	0.726686928	0.748310098	0.7769894
849	0.636961937	0.638698903	0.641809684	0.663170627	0.680834991	0.725156944	0.746757669	0.775622387
850	0.633115989	0.637846714	0.640770385	0.661945983	0.679506793	0.723662052	0.745232286	0.774193507
851	0.633313479	0.636568742	0.639702222	0.660712681	0.678271332	0.722138434	0.743680909	0.772791935
852	0.633262982	0.635639452	0.63860493	0.659490491	0.676885287	0.720651277	0.742157481	0.771418181
853	0.63296273	0.634672015	0.637567338	0.658260171	0.675593262	0.719135661	0.740608124	0.769981577
854	0.632410943	0.633666124	0.636501069	0.657041797	0.674272913	0.717657913	0.739087648	0.768572813
855	0.631605829	0.632621469	0.635405859	0.65583594	0.672923873	0.716152003	0.73754133	0.767192416
856	0.63054558	0.631934793	0.634372025	0.65462293	0.671672882	0.714685405	0.736024859	0.765794555
857	0.629228379	0.630813471	0.633309717	0.6534029	0.670394539	0.71319097	0.734482654	0.764378987
858	0.627652393	0.629652455	0.632218676	0.65219654	0.6690885	0.711668291	0.732971295	0.762945468
859	0.625815777	0.628853825	0.631190716	0.651004444	0.667754414	0.710186587	0.73143433	0.761540925
860	0.6281794	0.628018446	0.630134505	0.649785506	0.666523169	0.708747201	0.729929242	0.760165922
861	0.625832202	0.626740108	0.629142858	0.648602434	0.665265268	0.707280704	0.728457005	0.758725603
862	0.623218851	0.625828581	0.628029885	0.647413981	0.663980383	0.70578671	0.726901097	0.757314885
863	0.624848339	0.624879417	0.627076045	0.646220305	0.66266818	0.704336797	0.725437427	0.755934351
864	0.621713511	0.62389232	0.62600038	0.645021569	0.661328321	0.702859801	0.723949032	0.754487504
865	0.622850028	0.623280087	0.624991287	0.64383955	0.660096953	0.701428492	0.722435561	0.753070916
866	0.61918639	0.622218047	0.623954449	0.642653111	0.658839383	0.699970541	0.720957244	0.751685193
867	0.61982291	0.62111718	0.622889621	0.641484344	0.657555296	0.698559919	0.719454069	0.75028155
868	0.620214751	0.620395702	0.621893154	0.640311813	0.65624437	0.697123124	0.717925686	0.748859751
869	0.615752417	0.619218119	0.620869222	0.639135701	0.655047011	0.695659798	0.716433735	0.74746953
870	0.615633619	0.618422965	0.619817584	0.637956189	0.653824314	0.694245727	0.714979284	0.746061256
871	0.615264899	0.61759144	0.618836124	0.636796002	0.652575982	0.692805625	0.713500474	0.744634692
872	0.614644512	0.616723262	0.617827498	0.635633103	0.651301711	0.691416502	0.71199697	0.743240456
873	0.613770703	0.615390538	0.61679147	0.634467689	0.650001194	0.689923908	0.710532325	0.741828049
874	0.612641705	0.614446366	0.615827464	0.633322957	0.648820209	0.68856141	0.709107643	0.740397234
875	0.611255736	0.613895965	0.614836609	0.63217642	0.647614537	0.687094761	0.707594345	0.738999533
876	0.609611003	0.612878319	0.613818674	0.631028282	0.646383895	0.685761223	0.706186652	0.737583558
877	0.612445194	0.611822581	0.612874631	0.629878751	0.645127994	0.684322878	0.704689701	0.736149075
878	0.610294376	0.611165274	0.611802355	0.628728039	0.643846542	0.682939643	0.703234323	0.734748525
879	0.607879432	0.610034358	0.610804542	0.62757636	0.642690752	0.681531389	0.701821666	0.733382603
880	0.609987922	0.609305003	0.609882521	0.626447873	0.641358435	0.680097791	0.700318318	0.731945417
881	0.607056329	0.608097758	0.60883106	0.625319173	0.640153409	0.678721467	0.698925835	0.73054302
882	0.608677935	0.607295241	0.607855976	0.624166223	0.638923894	0.677320421	0.697442043	0.7291222
883	0.60522259	0.606456648	0.606854283	0.623037612	0.63782551	0.675978541	0.696002702	0.727736973
884	0.606350519	0.605581705	0.605930607	0.621909468	0.636547308	0.674612588	0.694609005	0.7263335
885	0.602364219	0.604670137	0.604980921	0.620806762	0.635401902	0.673222261	0.693122595	0.724911556
886	0.602991586	0.603721665	0.604005006	0.619680415	0.634233139	0.671807255	0.691752525	0.723526126
887	0.603374404	0.602736011	0.603002641	0.618555244	0.633040765	0.670454018	0.690289153	0.72212242
888	0.603511007	0.601712891	0.601973601	0.61743149	0.631824518	0.669076785	0.688873268	0.720700213
889	0.598458683	0.601109455	0.601025158	0.616334777	0.630584138	0.6677633	0.687434296	0.719315478
890	0.598080842	0.600012487	0.600050662	0.615214756	0.629319359	0.666426526	0.686044276	0.717912453
891	0.597451622	0.599338433	0.599158446	0.614122597	0.628194733	0.665066184	0.684631623	0.716547779
892	0.596569307	0.598166508	0.598131727	0.613007312	0.627047445	0.663681986	0.683196055	0.715107848
893	0.595432172	0.597420766	0.597187923	0.611920723	0.625877254	0.662364279	0.68181117	0.713764028
894	0.599065231	0.596639721	0.596218269	0.6108112	0.624683916	0.661023461	0.680403849	0.712344514
895	0.597430647	0.59582311	0.59533324	0.609704867	0.623467182	0.659659255	0.679048739	0.710964494
896	0.595536085	0.594970668	0.594311787	0.608628505	0.622397245	0.658363985	0.677596251	0.709566221
897	0.59337977	0.594082129	0.59337561	0.607529514	0.621134133	0.65695284	0.676272449	0.708149478
898	0.590959916	0.593157227	0.592413811	0.606434516	0.620019611	0.655705334	0.674850736	0.706773295
899	0.593388448	0.592195689	0.591539023	0.60537079	0.618883009	0.65434142	0.673483313	0.705378903
900	0.590453998	0.591197244	0.590525898	0.604284763	0.617724097	0.653049343	0.672093951	0.704026035
901	0.592399187	0.590642052	0.58960045	0.603203555	0.616542643	0.651734923	0.67068239	0.702594941
902	0.588943227	0.589570953	0.588764099	0.602127448	0.615338413	0.650397905	0.669326999	0.701266298
903	0.590398481	0.588946449	0.587788256	0.601056725	0.614289627	0.649038027	0.667949963	0.69985901
904	0.586414008	0.587801629	0.586786635	0.599963838	0.613040316	0.647752975	0.666551029	0.698494523
905	0.587372646	0.587106785	0.585875135	0.598904578	0.611948307	0.646445904	0.665210191	0.697111982
906	0.588089118	0.586377348	0.584938543	0.597851568	0.610834928	0.645215856	0.663848034	0.695711181
907	0.588561812	0.585120934	0.584093857	0.59677677	0.609699962	0.643864686	0.662464311	0.694354356
908	0.583517561	0.584319598	0.58310703	0.595708478	0.608543191	0.642591405	0.661140659	0.692979583
909	0.583480187	0.583482897	0.582212808	0.594646991	0.607364395	0.641296485	0.659796045	0.691586661
910	0.583194037	0.582610575	0.581293796	0.593592612	0.606163349	0.639979684	0.658430229	0.690238925
911	0.582657453	0.581702372	0.580349795	0.592545642	0.605127624	0.63874347	0.657126502	0.688873368
912	0.581868767	0.581260067	0.579500567	0.591506389	0.604071565	0.637486274	0.655718118	0.687489794
913	0.580826299	0.580281334	0.578627066	0.590445819	0.60280486	0.636207867	0.654457094	0.68615265
914	0.579528358	0.579265944	0.577608033	0.589393247	0.601706359	0.634908019	0.65309095	0.684732811
915	0.57797324	0.578721649	0.576806477	0.588348987	0.600586909	0.633586493	0.651789284	0.683425156
916	0.581574387	0.577634193	0.575859001	0.587313354	0.599446305	0.632349232	0.650380922	0.682034412
917	0.57951814	0.577021317	0.575009219	0.586286666	0.598479206	0.631091232	0.649124579	0.680691565
918	0.577199638	0.57586076	0.574012018	0.585239051	0.597296882	0.62981227	0.647761087	0.679331021
919	0.574617132	0.575178307	0.573113251	0.584231048	0.596092783	0.628512123	0.646464538	0.677952589
920	0.577256923	0.574461685	0.572314411	0.583202425	0.595065177	0.627299545	0.645147837	0.67662338
921	0.574159877	0.57371065	0.571367021	0.582152994	0.594017791	0.626066748	0.643810766	0.675276667
922	0.576318103	0.572924959	0.570520308	0.581144328	0.59295044	0.62481352	0.642542815	0.673912262
923	0.572699773	0.572104363	0.569649661	0.580115172	0.591862932	0.623539647	0.641164918	0.672598439
924	0.57437002	0.571248616	0.568754894	0.579096567	0.590755076	0.622356715	0.639856853	0.671198471
925	0.570223572	0.570357467	0.567835822	0.57808885	0.589626678	0.621041623	0.638620131	0.669849492
926	0.571399341	0.569430664	0.566892255	0.577060788	0.588477542	0.619818477	0.637272251	0.668552492
927	0.572334472	0.568467952	0.566052409	0.576043947	0.58751436	0.618575268	0.635996447	0.667168396
928	0.567392558	0.568003434	0.565188842	0.575038668	0.586324403	0.61742645	0.634701079	0.665836703
929	0.567823394	0.566970238	0.564301372	0.574013205	0.585322454	0.616143221	0.633385942	0.664487587
930	0.568008776	0.566438832	0.563389815	0.573031916	0.584090911	0.614955415	0.632145168	0.663192101
931	0.567947108	0.565334163	0.562584682	0.572030791	0.583049461	0.613748175	0.630885384	0.661879631
932	0.567636783	0.564734921	0.561624984	0.571009653	0.581988592	0.612521304	0.629606395	0.660550002
933	0.567076186	0.563557774	0.5607725	0.570001126	0.580908124	0.611274604	0.628308	0.659203035
934	0.566263689	0.562889731	0.559896358	0.569005566	0.579807877	0.610007875	0.62699	0.657838552
935	0.565197654	0.562187952	0.559129385	0.568023329	0.578904364	0.608840662	0.625749475	0.656529631
936	0.563876433	0.561452202	0.558205977	0.567021451	0.577787062	0.607654491	0.624490136	0.655203656
937	0.562298366	0.560682245	0.557392541	0.566033266	0.576715442	0.606449176	0.623211792	0.653934525
938	0.560461784	0.559877844	0.556555901	0.565059139	0.575668406	0.605224527	0.621914249	0.652574334
939	0.564206514	0.559038757	0.555695882	0.564065577	0.574624361	0.604103021	0.620696978	0.651271467
940	0.561867214	0.558164746	0.55481231	0.563086452	0.573561223	0.602839882	0.619461326	0.649951682
941	0.559264421	0.557255565	0.553905008	0.562122133	0.572523644	0.601680989	0.618207107	0.648690537
942	0.556396421	0.556874463	0.553110893	0.5611386	0.57146713	0.600503497	0.616934137	0.647336826
943	0.559179764	0.555896363	0.552293874	0.560170264	0.570414174	0.599307225	0.615642228	0.646042254
944	0.555795927	0.554882367	0.551453783	0.559182749	0.569387774	0.598091991	0.614433874	0.644730927
945	0.558098361	0.554402095	0.550590448	0.558210825	0.568342688	0.596984734	0.613207427	0.64340268
946	0.554192097	0.553317745	0.549703697	0.557254874	0.567301793	0.595731789	0.611962711	0.642135179
947	0.556007376	0.552770898	0.548933399	0.556279985	0.566265301	0.594587962	0.610699546	0.640851275
948	0.557586126	0.552191464	0.547999896	0.555321474	0.565233429	0.59342596	0.609522866	0.639550809
949	0.552893805	0.551000884	0.547183696	0.554344073	0.564206396	0.592245613	0.608222885	0.638233618
950	0.553975971	0.550353496	0.546344588	0.553383461	0.56318442	0.591046746	0.607010264	0.636979078
951	0.554816988	0.549672842	0.545482404	0.55244003	0.562167725	0.58996082	0.605779718	0.635628383
952	0.549323607	0.548958696	0.544740002	0.55147797	0.561132731	0.588725159	0.604638647	0.63434088
953	0.54965843	0.54821083	0.543831766	0.550533512	0.560103211	0.587603617	0.603372362	0.633117708
954	0.549747396	0.547429016	0.543044177	0.549570486	0.559103448	0.586464394	0.602196448	0.631797477
955	0.549588949	0.546613023	0.542234046	0.54862549	0.558085685	0.585307328	0.600893739	0.630542133
956	0.549181521	0.545762618	0.541401211	0.547661991	0.55707408	0.584132252	0.599682313	0.629270689
957	0.548523535	0.544877569	0.540545506	0.546716954	0.556044425	0.582939	0.598563875	0.627982994
958	0.547613403	0.543957639	0.539813406	0.545790785	0.555045709	0.581864391	0.597317523	0.626678892
959	0.546449528	0.543602622	0.538912078	0.544846402	0.554029154	0.58063507	0.596165083	0.625441692
960	0.545030302	0.542614453	0.538135241	0.54392133	0.553044268	0.57952561	0.594883152	0.624188665
961	0.543354107	0.542195084	0.537336096	0.542978121	0.552041761	0.57839887	0.593696069	0.622919664
962	0.54770844	0.541137764	0.536514485	0.542016631	0.551046573	0.577254694	0.592491738	0.621634538
963	0.545533694	0.540653171	0.535670244	0.541113169	0.550033729	0.576092924	0.591384467	0.620333136
964	0.543097165	0.539525775	0.534953508	0.54019188	0.549053779	0.57505503	0.590145806	0.619101002
965	0.540397193	0.538975075	0.534064144	0.539252622	0.548056401	0.573858389	0.589005158	0.617853193
966	0.543801541	0.538392074	0.53330319	0.538334041	0.547067061	0.572786873	0.587731536	0.616589568
967	0.540590347	0.537158959	0.532520198	0.537397581	0.546060266	0.571698707	0.586556897	0.615309978
968	0.543520233	0.536508514	0.531715012	0.536482263	0.545087619	0.570593744	0.585483005	0.614101776
969	0.539791463	0.53582511	0.530887472	0.535549162	0.544097757	0.569471838	0.584275045	0.612878228
970	0.535791002	0.535108529	0.530037423	0.534637676	0.543116676	0.568332837	0.583049875	0.611639198
971	0.537988098	0.534358552	0.529319316	0.533708505	0.54214463	0.567176593	0.581926932	0.610384546
972	0.539950969	0.533574956	0.528424397	0.532801428	0.541155476	0.566150853	0.58078777	0.609114129
973	0.535167656	0.53275752	0.527662353	0.531876769	0.540175608	0.564960473	0.579632246	0.607917581
974	0.536637821	0.532539265	0.526878418	0.530974688	0.539205286	0.563901891	0.578460215	0.606615676
975	0.537869307	0.531655757	0.526072439	0.530055132	0.538244773	0.562827067	0.577271531	0.605388285
976	0.532288604	0.530737743	0.525244262	0.529158644	0.537267397	0.561735862	0.576066044	0.604145497
977	0.533018099	0.529784993	0.524552094	0.528244794	0.536300091	0.560628135	0.574967104	0.602978801
978	0.533504377	0.529439593	0.523679689	0.527354507	0.535343121	0.559503743	0.573852383	0.601705278
979	0.533745937	0.528419014	0.522944244	0.526446973	0.534369419	0.558362544	0.572596947	0.600508508
980	0.533741271	0.528009867	0.522187249	0.525563503	0.533406322	0.557358681	0.571449596	0.599296734
981	0.53348886	0.526920573	0.521408553	0.524662907	0.532454099	0.556184257	0.570412163	0.598069826
982	0.532987179	0.526446837	0.520608007	0.523786882	0.531513024	0.555148504	0.56923294	0.596827651
983	0.532234688	0.525941606	0.51978546	0.522893855	0.530555497	0.554097002	0.56803724	0.595570075
984	0.531229844	0.524748752	0.519103543	0.521983699	0.529609397	0.553029619	0.566953034	0.594391884
985	0.529971088	0.524177658	0.518237181	0.521098689	0.528646857	0.551946223	0.565853405	0.593198978
986	0.528456856	0.523574445	0.517512424	0.520196678	0.527696027	0.55084668	0.564738223	0.591991231
987	0.526685573	0.522938903	0.516766343	0.519320334	0.526757187	0.549730854	0.563607356	0.590768516
988	0.524655654	0.522270826	0.515998793	0.518427123	0.525802067	0.548759376	0.562460671	0.589530703
989	0.529207959	0.521570002	0.515209626	0.517560103	0.524859227	0.547611411	0.561298033	0.588374965
990	0.526677483	0.52083622	0.514398695	0.516676356	0.523928953	0.546609164	0.560119308	0.587204834
991	0.52388366	0.520069268	0.513733114	0.515819329	0.522982567	0.545428529	0.55905716	0.585921934
992	0.520824866	0.519268931	0.512878861	0.514945717	0.522049044	0.544395002	0.557980009	0.584722171
993	0.524426995	0.518434994	0.512170956	0.514055396	0.521128673	0.54334605	0.556887732	0.583606872
994	0.520855272	0.517567238	0.511441994	0.513192405	0.520192369	0.542281549	0.555645389	0.58237795
995	0.523983622	0.517346912	0.510691834	0.512312853	0.519269522	0.54120137	0.554657299	0.581234214
996	0.519892772	0.516413259	0.509920331	0.511461174	0.518330775	0.540272741	0.553518888	0.579975644
997	0.522541508	0.515445142	0.509127342	0.510593085	0.517405794	0.539161671	0.552364844	0.578802994
998	0.517925257	0.515130871	0.508312721	0.509708466	0.516464949	0.538203551	0.55133258	0.57761595
999	0.520088475	0.514095585	0.507648781	0.508852347	0.51556825	0.537061092	0.55014758	0.576414392
1000	0.522017149	0.513718431	0.506964229	0.507979853	0.5146258	0.536073005	0.549085482	0.575300849
