 TITLE = "PR density_T" 

  VARIABLES = Temperature	PR_cp_01	NIST_cp_01	PR_cp_1	NIST_cp_1	PR_cp_3	NIST_cp_3	PR_cp_5	NIST_cp_5	PR_cp_7	NIST_cp_7	PR_cp_10	NIST_cp_10
60	1191.746472	1127.7	1199.095185	1130.2	1215.345905	1135.7	1231.491294	1141.2	1247.536698	1146.6	1271.428065	1154.5
65	1106.898171	1102	1114.180546	1104.6	1130.26882	1110.2	1146.232439	1115.7	1162.078304	1121.1	1185.64005	1129.2
70	1030.462204	1066.6	1037.721892	1069.3	1053.741389	1075.4	1069.612794	1081.3	1085.345087	1087.2	1108.70039	1095.8
75	960.9661355	1027.8	968.2458943	1030.8	984.2872722	1037.5	1000.151818	1044	1015.851327	1050.4	1039.114129	1059.9
80	897.243698	987.7	904.5874078	991.11	920.7423973	998.54	936.6848679	1005.8	952.4304921	1012.9	975.7099677	1023.3
85	838.3488576	947.06	845.8036884	950.89	862.169282	959.23	878.2774153	967.35	894.1491928	975.25	917.5536357	986.76
90	783.4944978	905.9	791.1135273	910.23	807.7968226	919.62	824.1651291	928.7	840.2473286	937.5	863.8878426	950.23
95	186.4535786	183.16	739.8519219	868.97	756.9763262	879.58	773.7106805	889.77	790.0952787	899.59	814.0896187	913.71
100	191.5530895	188.37	691.433899	826.85	709.1477984	838.9	726.3714544	850.39	743.1624067	861.38	767.6393219	877.07
105	196.4846522	193.31	645.3223864	783.53	663.8121913	797.32	681.6742618	810.35	698.9931382	822.71	724.0976496	840.2
110	201.2647428	198.11	600.9947364	738.58	620.5059503	754.54	639.1941516	769.42	657.1880444	783.4	683.08825	802.97
115	205.9071815	202.78	557.8997961	691.43	578.7737269	710.13	598.5347844	727.31	617.3880262	743.25	644.2843205	765.27
120	210.4237076	207.35	195.1566123	190	538.1328251	663.59	559.3074891	683.68	579.2599918	702.02	607.3981073	726.96
125	214.8244029	211.8	201.4476045	196.96	498.0162471	614.14	521.1046545	638.06	542.4823732	659.42	572.172598	687.89
130	219.1180096	216.16	207.3198523	203.1	457.6609847	560.57	483.4590476	589.79	506.7283261	615.09	538.375032	647.91
135	223.3121727	220.42	212.8529612	208.82	415.835282	500.72	445.76932	537.88	471.6431349	568.52	505.7922636	606.84
140	227.4136289	224.59	218.1040649	214.24	369.9323402	429.75	407.1354751	480.62	436.8092528	519	474.2287433	564.48
145	231.428355	228.68	223.1158128	219.4	201.5201411	191.05	365.8972334	414.65	401.6851296	465.48	443.5095168	520.61
150	235.3616854	232.7	227.9210368	224.36	209.7808404	201.35	317.6730602	330.93	365.4869762	406.38	413.4947022	475.05
155	239.2184084	236.64	232.545646	229.13	217.0448102	209.66	209.1504058	172.9	326.9588639	339.39	384.1225065	427.84
160	243.0028427	240.51	237.0105075	233.74	223.6235095	216.96	214.0150653	196.19	284.3862963	261.64	355.5248704	379.65
165	246.7189021	244.31	241.3327188	238.2	229.6901987	223.58	221.3580998	207.8	246.0931892	206.47	328.3137844	332.57
170	250.3701477	248.05	245.5264942	242.53	235.35425	229.71	228.2562264	216.92	236.4370545	210.69	304.1142512	291.48
175	253.9598326	251.73	249.6038013	246.74	240.6903962	235.45	234.6613349	224.79	238.2694267	219.06	285.6704193	263.41
180	257.4909386	255.36	253.5748274	250.84	245.7525722	240.86	240.6405987	231.86	242.566398	226.95	274.7477116	250.86
185	260.9662081	258.93	257.4483287	254.85	250.581301	246.01	246.2605483	238.35	247.4860354	234.23	270.1180902	248.47
190	264.3881708	262.45	261.2318964	258.76	255.2079844	250.92	251.575561	244.38	252.517008	240.97	269.3747755	250.55
195	267.7591667	265.92	264.9321627	262.58	259.6575612	255.64	256.6288968	250.04	257.4860574	247.26	270.7616383	254.43
200	271.0813661	269.34	268.554962	266.33	263.950237	260.18	261.4551111	255.39	262.3306813	253.17	273.2921608	259
205	274.3567869	272.71	272.1054593	270.01	268.1026579	264.56	266.0821284	260.48	267.0305375	258.75	276.43896	263.81
210	277.5873093	276.05	275.5882533	273.61	272.1287312	268.81	270.5328115	265.34	271.5827163	264.05	279.9150946	268.66
215	280.7746891	279.33	279.0074597	277.15	276.0402177	272.93	274.8261153	270.01	275.9917173	269.1	283.5592268	273.46
220	283.9205694	282.58	282.3667798	280.63	279.8471675	276.94	278.9779376	274.51	280.2650594	273.95	287.2777789	278.16
225	287.0264903	285.79	285.669557	284.05	283.5582483	280.84	283.001752	278.85	284.4112671	278.6	291.0151693	282.74
230	290.0938985	288.95	288.9188234	287.42	287.1809966	284.64	286.9090857	283.05	288.438929	283.08	294.737911	287.21
235	293.1241547	292.08	292.1173396	290.73	290.7220129	288.36	290.7098838	287.13	292.3562661	287.42	298.4257746	291.55
240	296.118541	295.17	295.2676278	294	294.1871162	292	294.4127923	291.09	296.1709493	291.61	302.0666942	295.78
245	299.0782674	298.23	298.3719996	297.21	297.5814666	295.56	298.0253796	294.95	299.8900413	295.69	305.6537343	299.89
250	302.0044771	301.25	301.4325806	300.38	300.9096644	299.04	301.5543119	298.71	303.5199994	299.64	309.1832322	303.91
255	304.898252	304.24	304.4513306	303.51	304.1758312	302.46	305.0054946	302.39	307.0667074	303.49	312.653633	307.82
260	307.7606172	307.19	307.4300616	306.59	307.3836761	305.82	308.3841862	305.97	310.5355195	307.25	316.0647435	311.63
265	310.592545	310.12	310.370453	309.64	310.536551	309.12	311.6950916	309.49	313.9313088	310.91	319.4172467	315.36
270	313.394959	313.01	313.2740652	312.64	313.6374966	312.35	314.9424386	312.92	317.2585135	314.5	322.7123812	319.01
275	316.1687372	315.87	316.1423513	315.61	316.689281	315.54	318.1300422	316.29	320.5211817	318	325.9517279	322.57
280	318.9147153	318.69	318.976667	318.53	319.6944325	318.67	321.2613576	319.6	323.7230115	321.43	329.1370665	326.06
285	321.6336896	321.49	321.7782802	321.43	322.6552676	321.76	324.3395248	322.84	326.8673876	324.79	332.2702788	329.48
290	324.3264196	324.27	324.5483784	324.29	325.5739148	324.8	327.3674073	326.03	329.9574139	328.08	335.353284	332.84
295	326.99363	327.01	327.2880764	327.11	328.4523352	327.79	330.3476241	329.16	332.9959421	331.31	338.3879949	336.12
300	329.6360137	329.72	329.9984218	329.9	331.2923402	330.74	333.2825771	332.25	335.9855976	334.49	341.3762895	339.35
305	332.2542328	332.41	332.6804013	332.67	334.095607	333.65	336.1744757	335.28	338.9288022	337.6	344.3199921	342.52
310	334.8489211	335.07	335.3349454	335.4	336.8636921	336.52	339.0253567	338.26	341.8277942	340.67	347.2208624	345.64
315	337.4206859	337.71	337.9629328	338.1	339.5980429	339.35	341.8371026	341.2	344.6846459	343.69	350.0805882	348.7
320	339.9701091	340.32	340.5651948	340.77	342.3000084	342.15	344.6114572	344.09	347.5012797	346.65	352.9007831	351.72
325	342.4977487	342.9	343.1425183	343.41	344.9708479	344.91	347.3500392	346.95	350.2794822	349.58	355.6829849	354.68
330	345.0041407	345.46	345.6956499	346.03	347.6117396	347.63	350.0543542	349.76	353.0209162	352.45	358.4286569	357.6
335	347.4897998	348	348.2252981	348.62	350.2237871	350.33	352.7258051	352.54	355.7271323	355.29	361.1391896	360.47
340	349.9552205	350.52	350.7321364	351.18	352.8080266	352.99	355.365702	355.28	358.3995784	358.09	363.8159027	363.31
345	352.4008789	353.01	353.216806	353.72	355.3654318	355.62	357.9752699	357.98	361.0396088	360.84	366.4600489	366.1
350	354.8272326	355.48	355.6799172	356.23	357.8969197	358.22	360.5556564	360.65	363.6484922	363.56	369.0728163	368.85
355	357.2347228	357.92	358.1220523	358.72	360.4033546	360.79	363.1079383	363.29	366.2274186	366.25	371.6553319	371.57
360	359.6237741	360.35	360.5437671	361.19	362.8855527	363.33	365.6331274	365.9	368.7775058	368.9	374.208665	374.25
365	361.9947963	362.76	362.9455925	363.63	365.3442854	365.85	368.1321758	368.47	371.2998052	371.51	376.7338301	376.89
370	364.3481844	365.14	365.3280363	366.05	367.780283	368.34	370.6059808	371.02	373.7953071	374.1	379.2317904	379.5
375	366.6843195	367.51	367.6915843	368.45	370.1942377	370.8	373.055389	373.53	376.2649452	376.65	381.7034602	382.08
380	369.0035698	369.85	370.0367021	370.83	372.5868059	373.24	375.4812002	376.02	378.7096011	379.18	384.1497085	384.63
385	371.306291	372.18	372.363836	373.18	374.9586115	375.66	377.884171	378.49	381.130108	381.68	386.571361	387.15
390	373.5928266	374.48	374.6734141	375.52	377.3102474	378.05	380.2650179	380.92	383.5272544	384.14	388.9692032	389.64
395	375.8635089	376.77	376.9658475	377.84	379.6422783	380.42	382.6244203	383.34	385.9017871	386.59	391.3439823	392.1
400	378.1186595	379.05	379.2415313	380.13	381.9552418	382.77	384.9630229	385.72	388.2544144	389	393.6964099	394.54
