 TITLE = "PR density_T" 

  VARIABLES = T	rho_NIST_0.1Mpa	rho_Soave_0.1Mpa	rho_NIST_1Mpa	rho_Soave_1Mpa	rho_NIST_2Mpa	rho_Soave_2Mpa	rho_NIST_3Mpa	rho_Soave_3Mpa	rho_NIST_5Mpa	rho_Soave_5Mpa	rho_NIST_10Mpa	rho_Soave_10Mpa
300	725.09	670.2809191	725.82	670.9794719	726.63	671.7380293	727.43	672.4787862	729.01	673.9097345	732.8	677.2211583
310	717.32	665.6151582	718.1	666.3842736	718.96	667.2184655	719.8	668.0321081	721.47	669.6011998	725.48	673.219543
320	709.53	660.7508846	710.36	661.5976565	711.27	662.5149002	712.17	663.4083961	713.94	665.128361	718.18	669.0797525
330	701.72	655.6770304	702.61	656.6094194	703.58	657.6180046	704.53	658.5991098	706.4	660.4840394	710.89	664.7970783
340	693.88	650.3814767	694.82	651.4084463	695.85	652.5176668	696.87	653.5950387	698.86	655.6605676	703.6	660.3666016
350	685.99	644.8509087	686.99	645.9825904	688.09	647.2029004	689.17	648.3862308	691.28	650.6497475	696.31	655.7831883
360	678.04	639.0706435	679.11	640.3185353	680.28	641.6617369	681.43	642.96191	683.68	645.4428032	689	651.0414845
370	670.01	633.0244224	671.16	634.4016315	672.42	635.8811	673.64	637.3103809	676.04	640.0303287	681.68	646.1359132
380	661.91	626.6941587	663.14	628.2156993	664.48	629.8466581	665.79	631.4189178	668.35	634.4022287	674.34	641.0606713
390	653.7	620.0596286	655.02	621.742792	656.46	623.5426474	657.87	625.2736355	660.6	628.5476527	666.97	635.8097299
400	645.38	613.0980889	646.81	614.9629061	648.35	616.9516618	649.86	618.8593374	652.78	622.4549201	659.56	630.3768357
410	636.93	605.7837971	638.47	607.8536258	640.13	610.0543984	641.76	612.1593362	644.89	616.1114361	652.11	624.7555157
420	628.32	598.087404	629.99	600.3896806	631.79	602.8293487	633.54	605.1552398	636.9	609.503597	644.62	618.9390859
430	619.54	589.9751705	621.36	592.542388	623.31	595.2524184	625.2	597.8266955	628.82	602.6166818	637.06	612.9206649
440	610.56	581.4079439	612.54	584.2789427	614.67	587.2964556	616.72	590.1510802	620.62	595.4347308	629.45	606.693193
450	4.0508	4.010176976	603.52	575.5614968	605.84	578.9306578	608.07	582.1031229	612.3	587.9404065	621.77	600.2494593
460	3.9401	3.908806863	594.27	566.3459471	596.81	570.119817	599.25	573.6544398	603.84	580.1148359	614.01	593.582139
470	3.8369	3.812972202	584.74	556.5803078	587.55	560.823344	590.22	564.7729561	595.22	571.9374313	606.17	586.6838411
480	3.7403	3.722192357	574.9	546.202477	578.01	550.9939868	580.96	555.4221776	586.43	563.3856872	598.25	579.5471719
490	3.6495	3.636044347	564.69	535.1370912	568.17	540.5761147	571.43	545.5602623	577.44	554.4349496	590.23	572.1648161
500	3.5639	3.554154055	554.05	523.2909644	557.96	529.5033727	561.61	535.1388191	568.24	545.0581573	582.1	564.5296394
510	3.483	3.476189055	542.88	510.5462327	547.34	517.6953931	551.43	524.1013294	558.79	535.2255527	573.87	556.6348185
520	3.4063	3.401852707	531.08	496.7496012	536.21	505.0530527	540.86	512.3810347	549.07	524.904366	565.52	548.4740023
530	3.3334	3.330879253	518.49	481.6945604	524.48	491.451394	529.81	499.8980541	539.05	514.0584783	557.04	540.0415118
540	3.2641	3.263029732	504.88	465.0899241	512.03	476.7286208	518.22	486.5553579	528.68	502.6480813	548.44	531.3325851
550	3.198	3.198088543	489.92	446.4990018	498.65	460.6681092	505.97	472.2329991	517.94	490.6293686	539.7	522.3436736
560	3.1349	3.13586054	473.03	425.2065221	484.11	442.967083	492.92	456.7795961	506.75	477.9543245	530.82	513.0727984
570	3.0745	3.076168563	43.456	42.46538159	468	423.1773913	478.89	439.999323	495.08	464.5707328	521.79	503.5199711
580	3.0167	3.018851332	40.818	40.3472337	449.68	400.5802155	463.63	421.6312364	482.86	450.4226282	512.62	493.6876836
590	2.9612	2.963761636	38.719	38.55277922	427.97	373.8735119	446.78	401.3149202	470.01	435.4515858	503.3	483.5814661
600	2.908	2.910764771	36.976	36.99753799	400.15	340.1472282	427.82	378.5305417	456.47	419.5995454	493.83	473.2105061
610	2.8568	2.859737192	35.487	35.62671259	355.73	288.6655559	405.91	352.4895817	442.14	402.8143585	484.21	462.5883109
620	2.8075	2.810565335	34.189	34.40259519	112.1492805	148.2270157	379.58	321.9365608	426.96	385.0600001	474.46	451.7333813
630	2.76	2.763144596	33.038	33.29806146	96.80328283	111.6283964	345.77	284.9021869	410.84	366.3343203	464.58	440.6698469
640	2.7143	2.717378428	32.007	32.29291375	87.94097917	99.67817511	296.49	239.8201385	393.71	346.6977085	454.59	429.4279931
650	2.6701	2.673177556	31.073	31.37168889	81.65576871	91.88503069	221.91	194.6681782	375.5	326.3140595	444.51	418.0445887
660	2.6275	2.630459283	30.219	30.52227534	76.78865556	86.05049174	172	163.6555507	356.14	305.4966059	434.35	406.5629095
670	2.5862	2.58914687	29.435	29.7350039	72.82554454	81.37921317	147.22	144.2500074	335.56	284.7319792	424.13	395.0323515
680	2.5464	2.549168993	28.708	29.00202902	69.49075694	77.4851311	131.92	131.0088564	313.7	264.6377777	413.87	383.5075478
690	2.5078	2.51045926	28.033	28.31689535	66.61852815	74.14942808	121.15	121.2109184	290.71	245.8308307	403.61	372.0469506
700	2.4704	2.472955776	27.403	27.67422647	64.10114845	71.23531344	112.98	113.5386789	267.19	228.7623872	393.34	360.7109138
710	2.4342	2.436600757	26.811	27.06949655	61.8645778	68.65124577	106.46	107.2880832	244.44	213.6271132	383.1	349.5594009
720	2.3991	2.401340186	26.255	26.49885953	59.85569189	66.33280286	101.08	102.0467893	223.96	200.3890377	372.91	338.6495286
730	2.365	2.367123497	25.729	25.95901938	58.03506367	64.23285427	96.52	97.5551358	206.52	188.8719116	362.77	328.0332104
740	2.3319	2.3339033	25.232	25.44712997	56.37262019	62.31583927	92.588	93.64006913	192.04	178.8455808	352.71	317.7551659
750	2.2998	2.301635127	24.76	24.96071674	54.84489855	60.55424289	89.142	90.1809558	180.03	170.0799156	342.74	307.8515088
760	2.2686	2.270277202	24.311	24.49761481	53.43324127	58.92632531	86.084	87.09059907	169.95	162.3694653	332.88	298.349026
770	2.2382	2.239790236	23.884	24.05591949	52.12256915	57.41460326	83.341	84.30406635	161.39	155.5405766	323.16	289.2651488
780	2.2087	2.210137242	23.475	23.63394625	50.90052282	56.00480192	80.859	81.77178847	154.02	149.4502657	313.61	280.6085192
790	2.18	2.181283359	23.084	23.23019817	49.75684734	54.68511214	78.598	79.45512115	147.59	143.9820861	304.24	272.3799912
800	2.152	2.153195701	22.71	22.84333916	48.68294161	53.44565169	76.523	77.32339034	141.91	139.0414425	295.09	264.5738862
810	2.1248	2.125843215	22.35	22.47217182	47.67152225	52.27806652	74.609	75.35186634	136.86	134.5513213	286.2	257.1793393
820	2.0982	2.099196551	22.005	22.11561897	46.71636873	51.17523052	72.834	73.52033886	132.32	130.4487214	277.59	250.1816045
830	2.0724	2.073227944	21.673	21.77270818	45.81212719	50.13101574	71.182	71.81209203	128.22	126.6817854	269.29	243.5632344
840	2.0471	2.047911107	21.353	21.44255863	44.95415753	49.14011411	69.637	70.21315243	124.48	123.2075377	261.34	237.3050876
850	2.0225	2.02322113	21.045	21.12437009	44.13841273	48.19789742	68.188	68.71172768	121.05	119.9901116	253.73	231.3871482
860	1.9986	1.999134389	20.747	20.81741342	43.36134258	47.30030597	66.824	67.29778075	117.9	116.9993649	246.5	225.789166
870	1.9751	1.975628464	20.459	20.52102241	42.61981616	46.44375921	65.536	65.96270256	114.98	114.2097939	239.63	220.4911346
880	1.9523	1.952682059	20.181	20.23458686	41.91105882	45.62508329	64.318	64.6990569	112.26	111.5996787	233.12	215.4736332
890	1.9299	1.930274931	19.911	19.95754646	41.23260059	44.84145184	63.163	63.5003796	109.73	109.1504072	226.97	210.7180579
900	1.9081	1.908387829	19.65	19.68938558	40.58223347	44.09033713	62.064	62.36101844	107.37	106.845937	221.17	206.2067664
910	1.8868	1.887002424	19.397	19.42962866	39.95797606	43.36946959	61.018	61.27600463	105.14	104.6723638	215.69	201.9231564
920	1.866	1.866101262	19.152	19.17783622	39.35804381	42.67680387	60.02	60.24094841	103.05	102.6175735	210.52	197.8516961
930	1.8456	1.845667706	18.914	18.93360129	38.78082409	42.01049046	59.065	59.25195383	101.07	100.6709599	205.64	193.9779193
940	1.8257	1.825685889	18.682	18.69654637	38.22485498	41.36885147	58.151	58.30554842	99.205	98.8231942	201.03	190.2883975
950	1.8062	1.806140671	18.457	18.46632063	37.68880729	40.75036019	57.274	57.39862491	97.432	97.06603552	196.68	186.7706952
960	1.7871	1.787017592	18.238	18.24259752	37.17146914	40.15362358	56.433	56.52839255	95.747	95.39217398	192.56	183.4133172
970	1.7684	1.76830284	18.025	18.02507255	36.67173267	39.57736713	55.624	55.69233619	94.142	93.79510072	188.66	180.2056492
980	1.7502	1.74998321	17.818	17.81346144	36.18858266	39.02042193	54.845	54.88818175	92.611	92.26899895	184.96	177.1378974
990	1.7323	1.732046071	17.616	17.60749832	35.72108656	38.48171337	54.094	54.11386684	91.149	90.80865256	181.45	174.2010284
1000	1.7148	1.714479337	17.419	17.40693423	35.26838586	37.96025134	53.369	53.36751571	89.749	89.40936893	178.11	171.3867099
