TITLE = "Decane T rho" 

  VARIABLES = T	Soave_error_01Mpa	new_error_01Mpa	Soave_error_1Mpa	new_error_1Mpa	Soave_error_2Mpa	new_error_2Mpa	Soave_error_3Mpa	new_error_3Mpa	Soave_error_5Mpa	new_error_5Mpa	Soave_error_10Mpa	new_error_10Mpa
350	5.997039508	0.319815162	5.969142144	0.233680709	5.942115066	0.138868485	5.917809716	0.046220858	5.877539131	0.133986103	5.820225436	0.56095402
360	5.747353623	0.538447328	5.712103295	0.452278532	5.676818832	0.358285082	5.645200527	0.266175592	5.592849991	0.08623881	5.509218498	0.335592281
370	5.52015307	0.712414216	5.476841366	0.62671674	5.433940095	0.532700541	5.393031746	0.44317258	5.326559278	0.265797059	5.214189476	0.147164405
380	5.320336798	0.843530166	5.266504909	0.760548003	5.212096966	0.670367774	5.162450953	0.582676018	5.07934036	0.410498262	4.935096346	0.010629103
390	5.146148288	0.942671677	5.080334645	0.863358728	5.014372941	0.776572469	4.954833711	0.691605998	4.852005342	0.527552061	4.671914792	0.145313255
400	5.002000544	1.01580096	4.923716999	0.939741256	4.842806855	0.859138146	4.770360169	0.779468552	4.645528342	0.625139054	4.424641325	0.265193825
410	4.89005116	1.072453977	4.795272163	1.00250371	4.698358397	0.927920839	4.612419566	0.853140986	4.462553903	0.710252391	4.194765351	0.377240816
420	4.811655836	1.123571595	4.698537972	1.05961406	4.583904664	0.990973351	4.480342234	0.923895386	4.301523479	0.794216522	3.983884157	0.487902874
430	4.772061453	1.175858303	4.637828639	1.117920971	4.501384798	1.056871036	4.378327653	0.997248792	4.167061831	0.881037298	3.789177638	0.607202365
440	4.774642312	1.237312781	4.613748864	1.187278571	4.453372447	1.13239794	4.308100889	1.08007638	4.058082107	0.979300969	3.615347849	0.73569418
450	1.002839531	0.029235545	4.632572774	1.270121492	4.441658231	1.223542234	4.270376295	1.178547928	3.978375549	1.09052322	3.461173854	0.878137679
460	0.794221898	0.108100636	4.698883154	1.36901316	4.472140717	1.330015945	4.271265784	1.291038019	3.929048112	1.216802456	3.326959009	1.03549063
470	0.623623189	0.176498899	4.815762933	1.486475892	4.548830903	1.451534737	4.311450629	1.419468375	3.911590448	1.357482409	3.214635983	1.20477431
480	0.484122743	0.234084442	4.991741703	1.617924531	4.673969863	1.587891362	4.395797023	1.559255278	3.929593092	1.507420259	3.126256267	1.380782148
490	0.368698547	0.282260301	5.233474798	1.760108317	4.85662483	1.73021827	4.52719278	1.706129112	3.983972422	1.662248178	3.060702429	1.559775602
500	0.273462934	0.3206191	5.551671437	1.905818139	5.100119598	1.874998854	4.713445432	1.849238781	4.079586573	1.811707509	3.018443672	1.734849133
510	0.195548223	0.348830287	5.955969519	2.050953952	5.416122865	2.009874194	4.9559637	1.983769761	4.217048863	1.948691264	3.003325061	1.894418764
520	0.130560809	0.368993792	6.464261276	2.186872683	5.810586772	2.129864559	5.265496671	2.094791881	4.401193654	2.060668414	3.014216604	2.031372492
530	0.075620896	0.382407257	7.096653676	2.310876719	6.297400477	2.224308451	5.645787348	2.175547373	4.63621588	2.135220144	3.051574066	2.136587863
540	0.032789062	0.385977693	7.881095691	2.427408703	6.894396648	2.283518461	6.110270177	2.210458592	4.923946191	2.16228658	3.119286508	2.19736151
550	0.002768705	0.383980873	8.862875213	2.55241961	7.616943914	2.309885145	6.667786814	2.191829256	5.272933432	2.124789201	3.215921146	2.207026656
560	0.030640207	0.37575361	10.11003062	2.742428327	8.498671166	2.302462538	7.331900489	2.111654299	5.6824224	2.016205184	3.343355865	2.156262808
570	0.054271038	0.364740082	2.279589491	7.735316131	9.577480484	2.287280851	8.12100419	1.96435028	6.162492363	1.819232699	3.501414147	2.039170153
580	0.071314098	0.348727389	1.153330142	6.37228102	10.91882773	2.326192622	9.058681193	1.751188298	6.71775915	1.523675336	3.693245755	1.84801187
590	0.086506693	0.332697163	0.429300292	5.427858112	12.64025239	2.585466634	10.1761672	1.486307828	7.352697645	1.120993227	3.917848982	1.581543401
600	0.095074669	0.312128997	0.058248561	4.70649325	14.99506979	3.599178097	11.52107388	1.203852033	8.077300719	0.598223232	4.175423507	1.239736927
610	0.102814063	0.293091967	0.393700774	4.127273685	18.85262534	8.272656784	13.16065588	0.989746832	8.89438674	0.048392744	4.465353682	0.826205075
620	0.109183808	0.275264013	0.624748279	3.649336303	3.981780406	197.2985677	15.18611076	1.056411481	9.813565645	0.829523031	4.789996773	0.344339435
630	0.113934629	0.258557044	0.787158594	3.255748698	1.03330522	39.16112147	17.60355527	2.037354855	10.8328497	1.744522649	5.146616971	0.19427453
640	0.113415156	0.239404821	0.89328505	2.924304703	0.156005609	13.87762332	19.11358274	6.433527002	11.94084262	2.787275127	5.535099087	0.778400658
650	0.115259966	0.22546386	0.961248971	2.649267273	0.788437866	9.360235183	12.2760677	20.88672727	13.09878574	3.931373901	5.953839352	1.393561603
660	0.112627332	0.209818023	1.003591583	2.425398301	1.15616387	7.232449187	4.851424002	22.91388843	14.22008033	5.111801655	6.397396215	2.020660359
670	0.113945931	0.200765717	1.019208088	2.237519615	1.373271531	5.992671789	2.017383892	14.79117637	15.1472228	6.197067694	6.860549469	2.641559327
680	0.10874147	0.187620765	1.024205868	2.090463981	1.498220908	5.19544546	0.690678926	10.32265754	15.63985411	6.959709932	7.336229303	3.238292711
690	0.106039548	0.179162358	1.012718398	1.968599402	1.563471941	4.654207085	0.050283486	8.085472329	15.43777966	7.119966833	7.820185186	3.799190722
700	0.10345595	0.172711539	0.989769273	1.868640011	1.586606099	4.2720072	0.494493665	6.836658832	14.38212987	6.466945989	8.295389793	4.303500358
710	0.098626129	0.165585516	0.964143622	1.792132899	1.580535612	3.994166566	0.777835084	6.086228522	12.60550107	5.083682033	8.755050666	4.745791864
720	0.093376085	0.159285191	0.928811752	1.725576454	1.553600083	3.785479314	0.956459514	5.601771308	10.52463043	3.365525306	9.187329752	5.119815438
730	0.089788441	0.155572018	0.894008253	1.673697085	1.513142673	3.62350838	1.072457314	5.275606117	8.545462143	1.715336059	9.575430616	5.417854463
740	0.085908479	0.152183718	0.852607679	1.624501751	1.460773186	3.488567443	1.136291016	5.031657869	6.870661967	0.338627512	9.910360959	5.642926542
750	0.079795049	0.146898431	0.810649174	1.580022029	1.403133067	3.371917755	1.16550649	4.834837701	5.526903539	0.732022556	10.17928785	5.795272217
760	0.073931126	0.141956725	0.767614709	1.536422353	1.337508093	3.259481198	1.169321901	4.660550771	4.460449936	1.542180144	10.37340002	5.879212098
770	0.071049792	0.139891154	0.719810306	1.487388015	1.271798297	3.151209396	1.155573308	4.494654559	3.624402658	2.128706414	10.48856641	5.902631484
780	0.065071865	0.134461417	0.677087347	1.440944099	1.201930212	3.037400783	1.128864408	4.327544171	2.966974645	2.535754473	10.52309581	5.873666707
790	0.058869689	0.128431783	0.633331189	1.389676297	1.131803539	2.918542789	1.090512678	4.151726089	2.444551726	2.802128822	10.47199869	5.794008798
800	0.055562329	0.124859628	0.587138528	1.331509888	1.06066099	2.792061409	1.045947413	3.96790492	2.021392069	2.961720643	10.34129038	5.673631732
810	0.049097104	0.117667578	0.546630067	1.274486361	0.990429317	2.659465175	0.995679257	3.774594179	1.686890748	3.024983454	10.13999325	5.522373929
820	0.047495529	0.114900989	0.502699273	1.209734184	0.921081724	2.521328585	0.94233306	3.574556254	1.414206954	3.021794873	9.873696992	5.343419514
830	0.039950996	0.105797208	0.460057104	1.14265359	0.852233769	2.378645209	0.885184503	3.368550577	1.199668189	2.959395593	9.553553995	5.143229942
840	0.039622265	0.103600989	0.419419422	1.074879583	0.785036171	2.23449815	0.827365376	3.162211219	1.022222318	2.864162824	9.196798205	4.932668915
850	0.035655385	0.097546957	0.377144663	1.003828998	0.719742451	2.091360835	0.768064287	2.95762414	0.875579037	2.74744629	8.805758802	4.705697717
860	0.026738182	0.086428768	0.339390841	0.936858686	0.657743122	1.952958423	0.708997894	2.759609988	0.763897432	2.609736483	8.401961038	4.475779914
870	0.026756315	0.084249786	0.303154658	0.872100286	0.596728958	1.819193847	0.651096431	2.572049441	0.669860935	2.473334242	7.986840281	4.235441477
880	0.019569663	0.074965594	0.265531232	0.807709365	0.535067221	1.690442256	0.592457639	2.395588044	0.588207149	2.347291473	7.569649449	3.986024742
890	0.019427497	0.072928099	0.233772583	0.751912921	0.479092962	1.574803168	0.534141187	2.233380835	0.528199033	2.224811779	7.16039216	3.730729195
900	0.015084565	0.066964323	0.20043552	0.69797263	0.42372986	1.468412334	0.478567997	2.089336068	0.48809068	2.109442319	6.765489714	3.470453034
910	0.010728433	0.061322179	0.168214995	0.649115459	0.369184546	1.372274224	0.422833631	1.961252114	0.444774768	2.025511263	6.382699042	3.19879022
920	0.005426701	0.055103296	0.134900875	0.603387358	0.316164068	1.287388793	0.36812464	1.850358811	0.419627893	1.95059005	6.017624872	2.919253249
930	0.003668521	0.052808216	0.103633757	0.563948693	0.268438828	1.217331049	0.316522183	1.758063119	0.394815619	1.901368178	5.671114886	2.632243002
940	0.000772885	0.04819042	0.077863014	0.534008946	0.219855212	1.155155658	0.265770866	1.680674383	0.384865478	1.860371899	5.343283359	2.33917255
950	0.003284767	0.04582316	0.050499171	0.505943665	0.174912399	1.104204159	0.21759421	1.617896356	0.37561015	1.838558753	5.03828797	2.047283314
960	0.004611287	0.044896871	0.025208443	0.482708849	0.130563637	1.059784108	0.169036818	1.564122025	0.370587086	1.827965286	4.750042991	1.754743838
970	0.005494252	0.04458387	0.000402506	0.461788476	0.08933834	1.022479281	0.122853792	1.519064242	0.368485143	1.824925568	4.481263014	1.470087158
980	0.012386611	0.038325542	0.025471782	0.440546236	0.048609832	0.987394309	0.078734168	1.47896763	0.369287723	1.823955759	4.229077941	1.197122984
990	0.014658483	0.036642025	0.048261144	0.421966635	0.011441486	0.955187685	0.036726517	1.44020564	0.373396785	1.818835282	3.995024317	0.944962582
1000	0.01869972	0.033017078	0.069267863	0.403487887	0.027252504	0.918194438	0.00278118	1.399391989	0.378423234	1.806086828	3.774796506	0.717136054
