TITLE = "Trho sat" 

  VARIABLES = T_sat	rho_liq_sat	rho_vap_sat
218	1173.4	14.584
220	1166.1	15.817
222	1158.8	17.131
224	1151.4	18.53
226	1143.9	20.016
228	1136.3	21.595
230	1128.7	23.271
232	1120.9	25.05
234	1113.1	26.936
236	1105.1	28.935
238	1097.1	31.052
240	1088.9	33.295
242	1080.6	35.67
244	1072.1	38.184
246	1063.6	40.845
248	1054.8	43.662
250	1046	46.644
252	1036.9	49.801
254	1027.7	53.144
256	1018.3	56.685
258	1008.7	60.438
260	998.89	64.417
262	988.83	68.64
264	978.51	73.124
266	967.92	77.891
268	957.04	82.965
270	945.83	88.374
272	934.26	94.148
274	922.3	100.32
276	909.9	106.95
278	897.02	114.07
280	883.58	121.74
282	869.52	130.05
284	854.74	139.09
286	839.12	148.98
288	822.5	159.87
290	804.67	171.96
292	785.33	185.55
294	764.09	201.06
296	740.28	219.14
298	712.77	240.9
300	679.24	268.58
302	633.69	308.15
304	530.3	406.42
