 TITLE = "Density VS Temperature for Oxygen" 

VARIABLES =  T	rho_NIST_0.1Mpa	rho_Soave_0.1Mpa	rho_new_0.1Mpa	rho_NIST_1Mpa	rho_Soave_1Mpa	rho_new_1Mpa	rho_NIST_3Mpa	rho_Soave_3Mpa	rho_new_3Mpa	rho_NIST_5Mpa	rho_Soave_5Mpa	rho_new_5Mpa	rho_NIST_7Mpa	rho_Soave_7Mpa	rho_new_7Mpa	rho_NIST_10Mpa	rho_Soave_10Mpa	rho_new_10Mpa	
60	1282.1	1435.077686	1263.516615	1283.2	1435.969584	1267.933014	1285.6	1437.912625	1277.166988	1287.9	1439.804	1285.697803	1290.3	1441.646088	1293.622503	1293.7	1444.321618	1304.539144
65	1259.8	1414.015193	1232.014107	1261	1415.074872	1237.123935	1263.6	1417.379323	1247.740617	1266.2	1419.617212	1257.475686	1268.7	1421.791909	1266.462765	1272.4	1424.942226	1278.763679
70	1237.1	1391.728506	1205.961231	1238.4	1392.983779	1211.633394	1241.2	1395.708018	1223.359804	1244.1	1398.346464	1234.050203	1246.8	1400.903908	1243.872611	1250.9	1404.597714	1257.253166
75	1214	1368.109432	1182.0589	1215.5	1369.594091	1188.26102	1218.6	1372.808557	1201.022347	1221.7	1375.912181	1212.593156	1224.7	1378.911818	1223.178308	1229.2	1383.22977	1237.536129
80	1190.6	1343.028612	1157.434889	1192.2	1344.784239	1164.2474	1195.7	1348.57492	1178.185311	1199.1	1352.221781	1190.742073	1202.4	1355.734715	1202.171094	1207.3	1360.772206	1217.597128
85	1166.7	1316.329614	1130.810867	1168.4	1318.408138	1138.386776	1172.3	1322.881402	1153.772685	1176.1	1327.166871	1167.520668	1179.7	1331.278991	1179.95438	1185.1	1337.149762	1196.633894
90	1142.1	1287.820472	1102.379062	1144.1	1290.287874	1110.895711	1148.4	1295.577347	1128.030935	1152.6	1300.619487	1143.186591	1156.7	1305.435697	1156.787541	1162.6	1312.276595	1174.899896
95	4.1642	4.1463334	4.129633928	1119	1260.203102	1082.575335	1123.9	1266.479738	1101.737682	1128.6	1272.426945	1118.48238	1133.1	1278.077013	1133.37559	1139.7	1286.054348	1153.046104
100	3.9411	3.928998687	3.916656768	1093	1227.875152	1053.820727	1098.5	1235.362496	1075.297926	1103.9	1242.404662	1093.80202	1109	1249.051478	1110.094729	1116.3	1258.369685	1131.419726
105	3.7418	3.733811543	3.724795721	1065.8	1192.942222	1023.997855	1072.2	1201.940511	1048.219648	1078.2	1210.325889	1068.733778	1084	1218.177455	1086.584962	1092.2	1229.091116	1109.711951
110	3.5625	3.557485459	3.550963145	1037.2	1154.918637	991.5712036	1044.6	1165.844844	1019.3027	1051.6	1175.906567	1042.269256	1058.2	1185.233949	1061.964091	1067.4	1198.064866	1087.168339
115	3.4001	3.39736435	3.39268943	1006.7	1113.123483	954.9914969	1015.5	1126.582289	987.5150074	1023.6	1138.782153	1013.623226	1031.2	1149.947367	1035.589062	1041.8	1165.109452	1063.273179
120	3.2524	3.251276168	3.248010766	38.246	38.40174541	37.13544432	984.3	1083.465119	953.0529395	993.94	1098.470488	983.1659426	1002.8	1111.971824	1007.882496	1015	1130.008465	1038.457272
125	3.1174	3.117425978	3.11532063	35.777	36.03922271	35.2141978	950.5	1035.478651	917.5764649	962.23	1054.308798	952.5406452	972.81	1070.858678	980.3777608	987.05	1092.500887	1014.08521
130	2.9935	2.99431651	2.993215894	33.715	34.01412665	33.51519458	913.01	981.0018705	882.4217333	927.76	1005.338672	923.0550803	940.66	1026.007229	954.2537542	957.54	1052.267971	991.1642072
135	2.8793	2.880688187	2.880400639	31.942	32.24939716	31.98897637	869.91	917.1121622	844.7091338	889.49	950.0743081	892.7410951	905.73	976.5802741	927.8951996	926.17	1008.915491	968.357577
140	2.7736	2.775473245	2.775689842	30.39	30.69155022	30.58601263	816.97	837.3054175	792.6641939	845.54	885.9656921	854.2342121	867.04	921.3488734	895.5279187	892.47	961.9501515	941.0915056
145	2.6756	2.677760188	2.678085707	29.014	29.30190175	29.27055553	117.06	120.416616	119.405309	791.96	807.8526075	794.0505545	822.91	858.3799342	848.0629652	855.79	910.7502607	902.8123028
150	2.5845	2.58676593	2.586840755	27.779	28.05154916	28.03015106	105.75	109.0044457	108.4723889	717.26	701.2418072	684.1895649	770.16	784.3293205	774.3445425	815.2	854.5372783	847.4838024
155	2.4994	2.501813746	2.501434463	26.664	26.91832395	26.87145581	97.576	100.5254838	99.56106343	284.95	297.2185311	263.2789995	701.63	692.5983359	658.7753244	769.3	792.3800096	772.0546253
160	2.4199	2.422315654	2.421468192	25.648	25.88484997	25.80570116	91.156	93.79571562	92.38153409	207.36	217.5621979	203.6827855	595.61	568.5384318	477.3406664	716.01	723.3530009	678.7923235
165	2.3453	2.347758212	2.346552865	24.718	24.93725695	24.83581323	85.875	88.23546529	86.6059158	179.97	188.1865899	177.3182271	411.92	411.4913516	334.8027902	652.5	647.2441813	578.0258294
170	2.2752	2.277690974	2.276261537	23.861	24.06429957	23.95338659	81.4	83.51449276	81.87273603	162.68	169.5567371	160.6550728	305.95	317.0686308	275.6968383	577.01	566.613353	487.3257199
175	2.2093	2.211717051	2.210155942	23.069	23.25673744	23.14418655	77.526	79.42574387	77.86459125	150.06	155.9467138	148.533423	259.04	269.7056547	242.6458347	495.45	489.2944845	417.8192271
180	2.1471	2.149485322	2.147838674	22.333	22.50688813	22.39534701	74.118	75.83045027	74.36393974	140.16	145.2750944	138.9366786	230.6	240.0296462	220.0303703	423.27	424.5682794	367.2752407
185	2.0883	2.090683981	2.088979281	21.648	21.80829821	21.69865126	71.083	72.6309093	71.2527788	132.04	136.5381836	130.9892771	210.58	218.8649976	202.9808207	369.11	374.9790768	330.0087277
190	2.0328	2.035035146	2.033302158	21.007	21.15549676	21.04923892	68.351	69.75566413	68.470095	125.18	129.1722497	124.2732915	195.29	202.6110454	189.5255358	329.85	337.54982	301.8558555
195	1.9801	1.982290346	1.980560305	20.406	20.54380761	20.44286336	65.872	67.15084554	65.96850157	119.26	122.8282606	118.5151835	183.02	189.5262935	178.5826555	300.49	308.6674273	279.9676782
200	1.9301	1.932226702	1.930521411	19.842	19.96920434	19.87466627	63.608	64.77482584	63.69792556	114.07	117.274859	113.4833758	172.82	178.6448484	169.3985452	277.64	285.6996998	262.2953425
205	1.8826	1.884643701	1.882971058	19.31	19.42819682	19.33983371	61.527	62.59476763	61.61242493	109.45	112.3507245	108.9931167	164.13	169.3781443	161.4460212	259.23	266.9209904	247.4530989
210	1.8374	1.839360443	1.837720296	18.808	18.91774139	18.83464096	59.604	60.58431208	59.6802172	105.3	107.9388784	104.9258318	156.6	161.3422147	154.4083333	243.97	251.2044519	234.6358634
215	1.7943	1.796213288	1.794605886	18.333	18.435169	18.3566321	57.82	58.72198211	57.8838249	101.55	103.951803	101.2186615	149.96	154.2732901	148.1202791	231.04	237.7958026	223.4290821
220	1.7532	1.755053839	1.753483082	17.883	17.9781272	17.90398029	56.158	56.99004982	56.21217966	98.123	100.3223284	97.83303956	144.04	147.9826947	142.4816151	219.88	226.1741793	213.5822062
225	1.7139	1.715747193	1.714218213	17.456	17.54453288	17.47483622	54.605	55.37371476	54.65359248	94.978	96.99779211	94.73058983	138.72	142.3310082	137.3990357	210.12	215.9688007	204.8704082
230	1.6764	1.678170441	1.676686154	17.05	17.13253346	17.06719626	53.148	53.86049588	53.1945646	92.076	93.93615518	91.86927787	133.89	137.2124202	132.7767196	201.46	206.9083392	197.0730244
235	1.6405	1.642211356	1.640771678	16.664	16.74047476	16.67916264	51.779	52.43977349	51.82251395	89.384	91.10333634	89.21156359	129.48	132.5448154	128.532556	193.71	198.7893405	190.007323
240	1.6062	1.607767252	1.606370772	16.295	16.36687424	16.30917679	50.488	51.10243901	50.52802556	86.879	88.47133234	86.7305883	125.43	128.2632493	124.6094818	186.72	191.4559436	183.5495753
245	1.5732	1.574743988	1.573389739	15.943	16.01039862	15.95600466	49.268	49.84062334	49.30457188	84.538	86.016862	84.40866048	121.68	124.3155155	120.9708426	180.36	184.7864847	177.6220335
250	1.5416	1.543055093	1.541742891	15.607	15.66984493	15.61856775	48.113	48.64748353	48.14679356	82.344	83.72036779	82.23175607	118.21	120.6590498	117.5882305	174.54	178.6844136	172.1655515
255	1.5112	1.512621	1.511350709	15.285	15.34412447	15.29581746	47.017	47.51703339	47.04929463	80.282	81.56526761	80.18586098	114.97	117.2587175	114.4337458	169.18	173.0719841	167.1229104
260	1.482	1.483368365	1.482139253	14.977	15.03224918	14.98673324	45.976	46.44400762	46.00666624	78.338	79.5373851	78.25703679	111.95	114.085197	111.4800695	164.23	167.8857769	162.4389096
265	1.4539	1.455229472	1.454040244	14.681	14.73331992	14.69038306	44.985	45.42375175	45.01408782	76.501	77.62450973	76.43313455	109.11	111.1137786	108.7038233	159.64	163.0734584	158.0671283
270	1.4269	1.428141697	1.426990938	14.397	14.44651638	14.40595525	44.04	44.45213225	44.06763365	74.762	75.81605275	74.70460893	106.45	108.3234563	106.0870489	155.35	158.5913943	153.9726514
275	1.4008	1.402047041	1.40093352	14.125	14.17108841	14.13273602	43.138	43.52546254	43.16406189	73.113	74.10277497	73.06384793	103.93	105.6962319	103.6157355	151.35	154.4028626	150.128789
280	1.3757	1.376891708	1.375814352	13.863	13.90634844	13.87006833	42.276	42.64044164	42.30043942	71.545	72.47656924	71.50407012	101.56	103.2165739	101.2775571	147.59	150.4766968	146.5123385
285	1.3515	1.352625727	1.351583451	13.61	13.65166497	13.61733117	41.45	41.79410295	41.47396516	70.052	70.93028476	70.01881662	99.304	100.8709918	99.06084353	144.05	146.7862424	143.1014614
290	1.3281	1.329202624	1.328194244	13.367	13.40645675	13.3739433	40.659	40.98377119	40.68202138	68.629	69.45758417	68.60209617	97.168	98.64769895	96.95485536	140.71	143.3085436	139.8762213
295	1.3055	1.306579112	1.30560339	13.133	13.17018781	13.13937145	39.9	40.20702609	39.92226223	67.269	68.05282618	67.24863019	95.136	96.53634043	94.95024955	137.56	140.023703	136.8194889
300	1.2837	1.284714829	1.28377054	12.907	12.94236297	12.91312854	39.171	39.46167148	39.19260768	65.969	66.71096857	65.95382989	93.201	94.52777385	93.0390169	134.57	136.9143729	133.9167818
305	1.2626	1.26357209	1.262658042	12.689	12.72252399	12.69476543	38.47	38.7457089	38.4911783	64.725	65.42748736	64.71360997	91.356	92.61388978	91.21410542	131.74	133.9653458	131.1554881
310	1.2421	1.24311567	1.242230713	12.479	12.51024609	12.48386601	37.796	38.05731499	37.81625988	63.532	64.19830921	63.52428951	89.592	90.78746408	89.46922035	129.04	131.1632241	128.5244551
315	1.2224	1.223312605	1.22245566	12.275	12.30513487	12.28004657	37.147	37.39482198	37.16630726	62.386	63.01975431	62.38260282	87.906	89.04203557	87.79884108	126.47	128.496149	126.014015
320	1.2032	1.204132015	1.203302093	12.078	12.10682358	12.08295262	36.521	36.75670079	36.53992369	61.286	61.88848807	61.28564287	86.29	87.37180389	86.19810797	124.02	125.9535793	123.6157537
325	1.1847	1.185544939	1.184741104	11.888	11.91497068	11.89225009	35.917	36.1415464	35.93578956	60.228	60.80147988	60.23066606	84.74	85.77154386	84.6624435	121.68	123.5261061	121.3217602
330	1.1667	1.167524188	1.166745463	11.703	11.72925772	11.70761819	35.334	35.54806502	35.35260619	59.209	59.7559679	59.21494058	83.252	84.23653307	83.18726138	119.44	121.2053007	119.1240572
335	1.1492	1.150044215	1.149289542	11.525	11.54938728	11.52875284	34.771	34.97506291	34.78913376	58.228	58.7494287	58.23585467	81.822	82.76249049	81.76817814	117.29	118.9835851	117.0150229
340	1.1323	1.133080988	1.132349318	11.352	11.37508131	11.355378	34.227	34.42143656	34.24429959	57.282	57.77955105	57.2912155	80.447	81.34552406	80.40158858	115.23	116.8541239	114.9885215
345	1.1158	1.116611881	1.115902332	11.184	11.20607952	11.18725064	33.7	33.88616397	33.71724658	56.368	56.8442132	56.37938164	79.122	79.98208581	79.08491735	113.25	114.8107324	113.0403895
350	1.0999	1.100615573	1.099927473	11.021	11.04213796	11.02414827	33.191	33.36829703	33.20722677	55.486	55.94146311	55.49897136	77.845	78.66893314	77.81605618	111.35	112.8477984	111.1673278
355	1.0843	1.085071954	1.084404685	10.862	10.88302769	10.86584737	32.697	32.86695475	32.71341398	54.633	55.06950114	54.64835322	76.613	77.40309546	76.59238891	109.52	110.9602151	109.3649967
360	1.0693	1.069962042	1.069314804	10.709	10.72853371	10.7121151	32.219	32.38131718	32.23483636	53.809	54.22666491	53.825467	75.424	76.18184509	75.41045431	107.76	109.1433232	107.6273682
365	1.0546	1.055267902	1.05463968	10.56	10.57845381	10.56272758	31.755	31.91062003	31.77054376	53.011	53.41141594	53.02828409	74.274	75.00267203	74.26683196	106.06	107.3928618	105.9484651
370	1.0403	1.040972576	1.040362408	10.415	10.43259766	10.41749945	31.305	31.45414992	31.31987292	52.238	52.62232791	52.25552988	73.163	73.86326185	73.1595228	104.42	105.7049248	104.3250528
375	1.0264	1.027060019	1.02646734	10.273	10.29078593	10.27629078	30.868	31.01124004	30.88251045	51.488	51.85807621	51.50685258	72.088	72.76147626	72.08826657	102.84	104.0759235	102.7572473
380	1.0129	1.013515034	1.012939692	10.136	10.15284948	10.13897282	30.443	30.58126626	30.4581921	50.762	51.11742872	50.782005	71.047	71.69533604	71.05297696	101.31	102.5025542	101.2454614
385	0.99971	1.000323223	0.999764956	10.003	10.01862864	10.0053744	30.031	30.16364372	30.04623364	50.057	50.39923757	50.07957548	70.038	70.663006	70.05132578	99.829	100.9817689	99.78571158
390	0.98688	0.987470929	0.986928606	9.8726	9.887972555	9.875258026	29.63	29.75782365	29.64532571	49.373	49.70243181	49.39643929	69.061	69.66278158	69.07770747	98.397	99.5107508	98.36762325
395	0.97437	0.974945191	0.974416445	9.746	9.76073857	9.748358025	29.241	29.36329055	29.25387486	48.709	49.02601081	48.72868934	68.112	68.69307704	68.12502129	97.01	98.08689157	96.97791204
400	0.96217	0.962733701	0.962215393	9.6226	9.636791663	9.624462416	28.861	28.97955963	28.87072751	48.063	48.36903841	48.07359858	67.191	67.75241488	67.18841041	95.666	96.70777195	95.60765544
