 TITLE = "Density VS Temperature for Oxygen" 

 VARIABLES = T	rho_NIST_0.6	rho_Soave_0.6	rho_new_0.6	T1	rho_NIST_1	rho_Soave_1	rho_new_1	rho_NIST_2	rho_Soave_2	rho_new_2 rho_NIST_3	rho_Soave_3	rho_new_3 T2 rho_model3_0.6 T3 rho_model3_1 T4 rho_model3_2 T5 rho_model3_3
100	697.0368595	768.6861853	667.0895216	100	704.5323302	780.5952709	692.1110234	720.6938553	805.2797103	736.317725	734.3081647	825.083322	767.5346909	100	702.4900056	100	701.1080601	100	723.0990307	100	736.445524
105	665.2941865	722.9155271	635.7427854	105	675.0571123	738.9787029	665.8255531	695.0790331	770.5524574	715.8845464	711.2034607	794.7260305	749.9514824	105	672.9326015	105	674.3807534	105	694.5361109	105	710.8923236
110	628.2060829	667.9706077	595.5446242	110	641.8487892	691.0047924	634.3002225	667.5783123	732.5211655	692.7088693	686.9915632	762.2888161	730.443082	110	632.3039223	110	646.0202743	110	666.1127347	110	686.1489303
115	580.7250059	596.0775772	533.8292469	115	602.6179039	633.5351651	592.945603	637.5921824	690.5470037	664.8659321	661.4475759	727.6024793	707.6833413	115	564.5745436	115	609.3541747	115	636.7157414	115	661.0135661
125	73.28701391	75.66646215	75.38015236	125	459.6264495	431.1313854	409.5403455	566.1079042	591.1467072	586.3403379	605.2226021	650.9292361	647.5364992	125	74.09611671	125	432.7787222	125	567.3960622	125	605.5586851
130	67.11416564	69.17745096	69.14590437	130	156.5479654	164.7693339	164.3625981	521.0318283	531.3934753	530.5418496	573.8725844	608.8833763	608.3194668	130	67.48471638	130	161.6675982	130	521.8873529	130	574.1523369
135	62.31887533	64.10470768	64.02742028	135	130.2318693	136.4693406	135.9094269	465.719474	464.0372954	460.9522725	539.9381586	564.6786105	562.7311051	135	62.38867223	135	132.2825402	135	464.9466033	135	540.0392887
140	58.40835509	59.96096991	59.74943771	140	115.5021969	120.5035373	119.3356137	398.2066562	392.6764656	382.2700809	503.3089888	519.0682076	512.0577381	140	58.34840536	140	116.0345248	140	396.9489126	140	503.2751564
145	55.11703394	56.47466911	56.12779093	145	105.2660131	109.4091749	107.7834885	328.9575391	328.3552952	312.4954867	464.3830936	473.4162473	459.478481	145	55.04318093	145	105.1840697	145	329.1359432	145	464.339266
150	52.28422213	53.47821756	53.02862281	150	97.45739581	100.9639503	99.07667184	275.7287325	279.8034044	263.3861643	424.4442488	429.6070637	409.5760933	150	52.24527994	150	97.24716861	150	276.3175216	150	424.5089608
155	49.80488142	50.86067254	50.34934476	155	91.17491135	94.1886144	92.20487313	239.466253	245.3178576	230.3778368	385.6724294	389.5205932	366.1767653	155	49.80182497	155	91.03851688	155	239.6767568	155	385.861237
160	47.60642053	48.54470121	48.00892793	160	85.9414363	88.5621376	86.60224373	214.027689	220.2037972	207.1379704	350.3201712	354.3467549	330.5771747	160	47.61989703	160	85.91022451	160	213.9538992	160	350.5340971
165	45.63650647	46.47421877	45.94255258	165	81.47316785	83.77362442	81.91482905	195.1363195	201.0950278	189.8368801	319.654295	324.3221169	302.0059593	165	45.64822398	165	81.50469958	165	194.9998041	165	319.802688
170	43.8561335	44.60724984	44.09838561	170	77.58740648	79.62252703	77.90597528	180.4103166	185.9721388	176.328414	293.7639112	298.99675	278.9732219	170	43.85813351	170	77.63218219	170	180.3263665	170	293.8388025
175	42.23543429	42.9115634	42.43538246	175	74.15958242	75.97192523	74.41143974	168.4967445	173.6206444	165.3622844	272.0736789	277.6429403	260.0770406	175	42.22913192	175	74.19068472	175	168.4808927	175	272.1123442
180	40.7510228	41.36187796	40.92154137	180	71.10095512	72.72420322	71.31525469	158.5814005	163.2792779	156.1754611	253.8327487	259.5247765	244.2370622	180	40.74175418	180	71.11491526	180	158.6047539	180	253.8661756
185	39.38424048	39.93800317	39.5323255	185	68.34608082	69.8073466	68.53511605	150.1456819	154.4486155	148.2858185	238.3499841	244.0088008	230.6843544	185	39.37642507	185	68.35104467	185	150.1773807	185	238.3872416
190	38.11996007	38.62356419	38.2491534	190	65.84532151	67.1667351	66.01252392	142.8427407	146.7871837	141.381041	225.0611	230.5854754	218.8894905	190	38.11513894	190	65.84977483	190	142.8670636	190	225.0979625
195	36.94574622	37.40510213	37.05797416	195	63.56014126	64.75997984	63.70560482	136.4309352	140.0530238	135.2539798	213.5261495	218.8559159	208.490388	195	36.94314653	195	63.56783423	195	136.4461661	195	213.5569975
200	35.85125235	36.2714248	35.94799616	200	61.46003086	62.55354263	61.58373993	130.73608	134.069394	129.7627146	203.4071337	208.5101916	199.2349935	200	35.84934976	200	61.47041714	200	130.7467269	200	203.4304491
205	34.82777783	35.21312839	34.910644	205	59.52042812	60.52044654	59.62363215	125.6289636	128.7037962	124.8052994	194.4443914	199.3069323	190.9402708	205	34.82551813	205	59.53134649	205	125.6393548	205	194.4621814
210	33.86793694	34.22223895	33.93878468	210	57.72127047	58.63868056	57.80659366	121.0113759	123.8546644	120.3040486	186.437065	191.0568186	183.4652291	210	33.8651032	210	57.73112049	210	121.0232255	210	186.4521306
215	32.96540724	33.29193909	33.02622047	215	56.04596247	56.8900604	56.11684338	116.8070969	119.4426314	116.1962624	179.2282166	183.6099646	176.6947936	215	32.96233739	215	56.05437991	215	116.8200181	215	179.2422588
220	32.11473553	32.41635698	32.16740642	220	54.48062316	55.25939741	54.54057242	112.9558971	115.40463	112.4292034	172.6938382	176.8464915	170.5312447	220	32.11186035	220	54.48805464	220	112.9688373	220	172.7071833
225	31.31118615	31.59040114	31.35732792	225	53.0135271	53.73388085	53.06552344	109.4094287	111.6898045	108.9576702	166.7348135	170.6695314	164.8903251	225	31.30873446	225	53.02053795	225	109.4216655	225	166.7470933
230	30.55062113	30.80962974	30.59146995	230	51.63468205	52.30261106	51.68085503	106.1283412	108.2566111	105.7429521	161.2710335	165.0000257	159.6997631	230	30.54857998	230	51.6415533	230	106.1397122	230	161.2819103
235	29.8294043	30.07014597	29.86581932	235	50.33550519	50.95624138	50.37711101	103.0802136	105.0707202	102.7523258	156.2370614	159.7728352	154.8986319	235	29.82763596	235	50.34221486	235	103.0908831	235	156.2465345
240	29.14432395	29.36851367	29.17686104	240	49.1085715	49.68669981	49.14618058	100.2380416	102.1034696	99.95860267	151.5789108	154.9338075	150.4366472	240	29.1426989	240	49.1149745	240	100.2482087	240	151.5872372
245	28.49252979	28.70168853	28.52154959	245	47.94741584	48.48697018	47.98119578	97.57911196	99.33070692	97.33950701	147.2516281	150.437547	146.2730189	245	28.49099211	245	47.95341033	245	97.58886869	245	147.25911
250	27.87148125	28.06696163	27.89725417	250	46.84637547	47.35091796	46.87636398	95.08415256	96.73190886	94.87687028	143.2174574	146.245701	142.3748784	250	27.8700408	250	46.85195888	250	95.09349409	250	143.2243
255	27.27890465	27.4619127	27.30168723	255	45.80046363	46.27315055	45.8267611	92.73668047	94.28950325	92.55573487	139.4444352	142.3256321	138.7154979	255	27.27759505	255	45.80569775	255	92.74557431	255	139.4507294
260	26.71275753	26.88437127	26.73283046	260	44.80526695	45.24890388	44.82812391	90.52249623	91.98834032	90.36350218	135.9053016	138.6493795	135.2725939	260	26.71160041	260	44.81021858	260	90.53093268	260	135.91108
265	26.17119875	26.33238405	26.18887026	265	43.85686162	44.27394988	43.87667308	88.42928674	89.81527584	88.28923308	132.5766487	135.1928383	132.0269403	265	26.1701919	265	43.86156802	265	88.43728712	265	132.5819438
270	25.65256323	25.80418739	25.66815017	270	42.95174429	43.34452016	42.96898571	86.44631004	87.75883919	86.32315756	129.4382497	131.9351067	128.9614083	270	25.65168849	270	42.95621329	270	86.4539094	270	129.4431152
275	25.15534054	25.29818404	25.16914168	275	42.08677469	42.45724281	42.10191958	84.56414283	85.80896658	84.45639202	126.4725228	128.8579621	126.0604264	275	25.15457751	275	42.09100297	275	84.57137166	275	126.477025
280	24.67815665	24.81292327	24.69043021	280	41.25912774	41.60908956	41.27257946	82.77447622	83.95678466	82.68081852	123.664103	125.9454373	123.3097666	280	24.67749152	280	41.26311715	280	82.78135375	280	123.6683014
285	24.21975824	24.34708382	24.23071061	285	40.46625324	40.79733142	40.47830892	81.06994928	82.19443377	80.98906054	120.9994934	123.1834751	120.6965218	285	24.2191849	285	40.47001577	285	81.07648725	285	121.0034311
290	23.77899925	23.89945934	23.78878598	290	39.70584176	40.01950121	39.71669089	79.44401224	80.51492241	79.37449055	118.4667828	120.5596449	118.209142	290	23.77851558	290	39.70939533	290	79.45022169	290	118.4704878
295	23.35482919	23.46894566	23.36356528	295	38.97579572	39.27336171	38.98554464	77.89081337	78.91200656	77.83122358	116.0554123	118.0629094	115.8374387	295	23.35443296	295	38.97915766	295	77.89670855	295	116.0589058
300	22.94628302	23.05452993	22.95405749	300	38.27420459	38.55687847	38.28291279	76.40510467	77.38008909	76.35407356	113.7559836	115.68343	113.5725102	300	22.94596999	300	38.27738804	300	76.41070288	300	113.7592865
305	22.55247233	22.65528097	22.55936195	305	37.59932364	37.86819654	37.60703812	74.98216289	75.91413524	74.93847264	111.5600987	113.412405	111.4065894	305	22.55223662	305	37.60233777	305	74.98748204	305	111.5632335
310	22.1725776	22.27034101	22.17865644	310	36.94955558	37.20562033	36.95633413	73.61772293	74.50960136	73.5803679	109.4602265	111.2419326	109.3328444	310	22.17241302	310	36.95240774	310	73.62277913	310	109.4632151
315	21.80584145	21.89891831	21.81118502	315	36.32343472	36.56759628	36.32935475	72.3079214	73.16237446	72.27611603	107.4495901	109.1648968	107.3451744	315	21.80574254	315	36.32613229	315	72.31272796	315	107.4524507
320	21.45156261	21.54028078	21.45624737	320	35.71961309	35.95269772	35.72476821	71.04924851	71.86872058	71.02239362	105.5220719	107.1748688	105.4380357	320	21.45152498	320	35.72216417	320	71.05381647	320	105.5248179
325	21.10909068	21.19375022	21.11319073	325	35.13684846	35.35961176	35.14133783	69.83850697	70.62524073	69.81613326	103.6721325	105.2660245	103.6063207	325	21.10911071	325	35.13926151	325	69.84284648	325	103.674774
330	20.77782144	20.85869739	20.78140464	330	34.5739937	34.78712774	34.57791022	68.67277651	69.4288328	68.65448653	101.8947418	103.4330731	101.8452898	330	20.77789587	330	34.57627704	330	68.67689832	330	101.8972886
335	20.45719272	20.53453747	20.46031799	335	34.02998757	34.23412713	34.03340928	67.54938341	68.27665877	67.53480811	100.1853202	101.6711955	100.1505457	335	20.45731837	335	34.03214899	335	67.55329947	335	100.1877835
340	20.14668064	20.22072614	20.14939721	340	33.50384645	33.69957464	33.50683355	66.46587395	67.16611628	66.45465118	98.53968708	99.97599179	98.5180304	340	20.14685432	340	33.50589302	340	66.46959675	340	98.54207929
345	19.84579634	19.91675598	19.84814484	345	32.99465719	33.18251036	32.99725406	65.41999134	66.09481377	65.41176471	96.95401715	98.34343533	96.94402459	345	19.84601485	345	32.99659493	345	65.42353211	345	96.9563487
350	19.55408302	19.62215337	19.55609769	350	32.50157062	32.68204276	32.503811	64.40965563	65.06054892	64.40408584	95.42480215	96.76983286	95.42513726	350	19.55434318	350	32.50340446	350	64.41302266	350	95.42707817
355	19.27111325	19.33647559	19.27282436	355	32.02379587	32.19734255	32.02570861	63.43294599	64.0612896	63.42972511	93.94881749	95.25178977	93.95827981	355	19.27141205	355	32.02552996	355	63.43614456	355	93.95103742
360	18.9964866	19.05930831	18.99792219	360	31.56059526	31.72763713	31.56220837	62.48808524	63.09515724	62.48694571	92.52309326	93.78617966	92.54062776	360	18.99682141	360	31.56223394	360	62.49111995	360	92.52525506
365	18.72982749	18.79026326	18.73101406	365	31.11127975	31.27220568	31.11262178	61.57342612	62.16041208	61.57414079	91.14488861	92.37011767	91.16957818	365	18.73019621	365	31.11282858	365	61.5763044	365	91.1469958
370	18.47078322	18.52897618	18.47174558	370	30.67520487	30.83037476	30.6763039	60.68743921	61.25544016	60.68981323	89.81166942	91.00093685	89.84271173	370	18.47118424	370	30.6766708	370	60.6901731	370	89.81373531
375	18.21902221	18.27510493	18.21978277	375	30.25176705	30.40151437	30.25264847	59.82870211	60.37874177	59.83256099	88.52108844	89.67616747	88.55776587	375	18.21945399	375	30.25315701	375	59.83130587	375	88.52313217
380	17.9742324	18.02832781	17.97481063	380	29.84040028	29.98503435	29.84108485	58.99588999	59.5289212	59.00106922	87.27096778	88.39351854	87.31262142	380	17.97469287	380	29.8417188	380	58.99837376	380	87.27300226
385	17.73611981	17.78834198	17.7365322	385	29.44057321	29.58038122	29.44107664	58.18776694	58.70467756	58.19410763	86.0592834	87.15086146	86.10529972	385	17.73660614	385	29.44182079	385	58.19013132	385	86.06130308
390	17.50440723	17.55486211	17.50466795	390	29.05178639	29.18703529	29.05212089	57.40317845	57.9047966	57.41053031	84.8841513	85.94621551	84.93396444	390	17.50491632	390	29.05296078	390	57.40541572	390	84.88613182
395	17.27883295	17.32761909	17.27895507	395	28.67356985	28.80450801	28.67374709	56.6410445	57.12814339	56.64927433	83.74381515	84.77773481	83.79692088	395	17.27936265	395	28.67467055	395	56.64314887	395	83.74573131
400	17.05914975	17.10635883	17.05914651	400	28.3054809	28.43233964	28.30551514	55.90035347	56.37365573	55.90935458	82.63663531	83.64369673	82.69260733	400	17.05969987	400	28.30651408	400	55.90233414	400	82.63848819
