 TITLE = "Density VS Temperature for Oxygen" 

  VARIABLES =  T	rho_NIST_0.1Mpa	rho_SRK_0.1Mpa	rho_NIST_1Mpa	rho_SRK_1Mpa	rho_NIST_3Mpa	rho_SRK_3Mpa	rho_NIST_5Mpa	rho_SRK_5Mpa	rho_NIST_7Mpa	rho_SRK_7Mpa	rho_NIST_10Mpa	rho_SRK_10Mpa
60	1282.1	1279.262555	1283.2	1280.223428	1285.6	1282.312435	1287.9	1284.340292	1290.3	1286.31006	1293.7	1289.161943
65	1259.8	1259.390761	1261	1260.526365	1263.6	1262.990722	1266.2	1265.377163	1268.7	1267.689955	1272.4	1271.029547
70	1237.1	1238.437209	1238.4	1239.77461	1241.2	1242.670804	1244.1	1245.467728	1246.8	1248.171349	1250.9	1252.063613
75	1214	1216.31595	1215.5	1217.887751	1218.6	1221.283323	1221.7	1224.552178	1224.7	1227.702718	1229.2	1232.223074
80	1190.6	1192.923119	1192.2	1194.76913	1195.7	1198.745829	1199.1	1202.560154	1202.4	1206.224036	1207.3	1211.460736
85	1166.7	1168.131839	1168.4	1170.301427	1172.3	1174.959599	1176.1	1179.40847	1179.7	1183.665171	1185.1	1189.722366
90	1142.1	1141.784869	1144.1	1144.340378	1148.4	1149.805208	1152.6	1154.998009	1156.7	1159.943743	1162.6	1166.945519
95	4.1642	4.157429313	1119	1116.70559	1123.9	1123.136255	1128.6	1129.209464	1133.1	1134.962254	1139.7	1143.058012
100	3.9411	3.936710378	1093	1087.166681	1098.5	1094.77025	1103.9	1101.897352	1109	1108.604196	1116.3	1117.975965
105	3.7418	3.739013153	1065.8	1055.421504	1072.2	1064.47495	1078.2	1072.881419	1084	1080.728678	1092.2	1091.601249
110	3.5625	3.560810316	1037.2	1021.060124	1044.6	1031.947028	1051.6	1041.933915	1058.2	1051.162858	1067.4	1063.818143
115	3.4001	3.399277703	1006.7	983.5011922	1015.5	996.7771126	1023.6	1008.760042	1031.2	1019.69098	1041.8	1034.488912
120	3.2524	3.25212389	38.246	38.00927543	984.3	958.388726	993.94	972.9665297	1002.8	986.0380176	1015	1003.447877
125	3.1174	3.117467858	35.777	35.68282662	950.5	915.9224589	962.23	934.008172	972.81	949.8443232	987.05	970.4933918
130	2.9935	2.99374941	33.715	33.68926581	913.01	867.9897925	927.76	891.0899164	940.66	910.624494	957.54	935.3768607
135	2.8793	2.879662424	31.942	31.95216866	869.91	812.0540724	889.49	842.9690823	905.73	867.6968005	926.17	897.7876568
140	2.7736	2.774104335	30.39	30.41863749	816.97	742.3654429	845.54	787.4959788	867.04	820.053248	892.47	857.3325929
145	2.6756	2.676137379	29.014	29.05048929	117.06	116.6070839	791.96	720.2872141	822.91	766.0976746	855.79	813.5091834
150	2.5845	2.584958474	27.779	27.81923921	105.75	105.8263262	717.26	628.9367886	770.16	703.0517126	815.2	765.6758829
155	2.4994	2.499875556	26.664	26.70306448	97.576	97.78807622	284.95	278.3296495	701.63	625.3935377	769.3	713.0393335
160	2.4199	2.420288797	25.648	25.6848753	91.156	91.39032094	207.36	206.57025	595.61	520.5604922	716.01	654.7421843
165	2.3453	2.345675548	24.718	24.75103943	85.875	86.09210873	179.97	179.6914297	411.92	383.7469419	652.5	590.3437
170	2.2752	2.275578174	23.861	23.89051043	81.4	81.5846045	162.68	162.5196076	305.95	297.8961528	577.01	521.3913241
175	2.2093	2.209594141	23.069	23.09421509	77.526	77.67382309	150.06	149.9094851	259.04	254.7529847	495.45	453.8680242
180	2.1471	2.147367878	22.333	22.35461229	74.118	74.22954768	140.16	139.981485	230.6	227.6730999	423.27	396.0936071
185	2.0883	2.088584059	21.648	21.66536873	71.083	71.15996539	132.04	131.8258439	210.58	208.3016084	369.11	351.2815061
190	2.0328	2.032962013	21.007	21.0211162	68.351	68.39783968	125.18	124.9299957	195.29	193.3774719	329.85	317.2959719
195	1.9801	1.980251047	20.406	20.41726677	65.872	65.89242215	119.26	118.9757344	183.02	181.3268388	300.49	291.0159648
200	1.9301	1.930226515	19.842	19.84987025	63.608	63.60445324	114.07	113.7516349	172.82	171.2771805	277.64	270.0852253
205	1.8826	1.882686493	19.31	19.31550261	61.527	61.50293135	109.45	109.1099602	164.13	162.6966073	259.23	252.9450179
210	1.8374	1.837448956	18.808	18.8111778	59.604	59.56294696	105.3	104.9433736	156.6	155.2378355	243.97	238.5757335
215	1.7943	1.794349369	18.333	18.33427716	57.82	57.76418502	101.55	101.1714281	149.96	148.6620416	231.04	226.2950654
220	1.7532	1.753238618	17.883	17.8824925	56.158	56.08986205	98.123	97.73227837	144.04	142.7981919	219.88	215.6321737
225	1.7139	1.713981234	17.456	17.45377973	54.605	54.52595429	94.978	94.57736236	138.72	137.5197472	210.12	206.2520861
230	1.6764	1.676453859	17.05	17.04632076	53.148	53.06062607	92.076	91.66785852	133.89	132.7305532	201.46	197.9097722
235	1.6405	1.64054391	16.664	16.658492	51.779	51.68379906	89.384	88.9722513	129.48	128.3558956	193.71	190.4215257
240	1.6062	1.606148425	16.295	16.28883818	50.488	50.38682253	86.879	86.46461245	125.43	124.3366107	186.72	183.6466089
245	1.5732	1.573173046	15.943	15.9360503	49.268	49.16221751	84.538	84.1233597	121.68	120.6250821	180.36	177.4751411
250	1.5416	1.54153114	15.607	15.59894715	48.113	48.00347575	82.344	81.93034173	118.21	117.1824424	174.54	171.8198941
255	1.5112	1.511143015	15.285	15.27645954	47.017	46.9049	80.282	79.87015168	114.97	113.9765716	169.18	166.6105985
260	1.482	1.481935236	14.977	14.96761698	45.976	45.86147578	78.338	77.92960399	111.95	110.9806342	164.23	161.7899044
265	1.4539	1.453840023	14.681	14.67153612	44.985	44.8687675	76.501	76.09732998	109.11	108.1719911	159.64	157.3104601
270	1.4269	1.42679471	14.397	14.38741095	44.04	43.92283352	74.762	74.36346128	106.45	105.5313764	155.35	153.1327603
275	1.4008	1.400741272	14.125	14.11450426	43.138	43.02015629	73.113	72.71937914	103.93	103.0422657	151.35	149.2235366
280	1.3757	1.375625902	13.863	13.85214023	42.276	42.15758426	71.545	71.15751392	101.56	100.6903851	147.59	145.5545343
285	1.3515	1.35139863	13.61	13.599698	41.45	41.33228349	70.052	69.67118303	99.304	98.46332477	144.05	142.1015722
290	1.3281	1.328012988	13.367	13.35660604	40.659	40.54169687	68.629	68.25445899	97.168	96.35023138	140.71	138.84381
295	1.3055	1.305425707	13.133	13.12233724	39.9	39.78350973	67.269	66.90206097	95.136	94.34156159	137.56	135.7631708
300	1.2837	1.283596445	12.907	12.89640453	39.171	39.05562058	65.969	65.6092651	93.201	92.42888183	134.57	132.8438825
305	1.2626	1.262487542	12.689	12.67835706	38.47	38.35611609	64.725	64.37182975	91.356	90.60470478	131.74	130.0721089
310	1.2421	1.242063801	12.479	12.46777684	37.796	37.68324964	63.532	63.1859328	89.592	88.86235483	129.04	127.4356515
315	1.2224	1.22229229	12.275	12.26427569	37.147	37.03542283	62.386	62.04811885	87.906	87.19585634	126.47	124.923705
320	1.2032	1.203142159	12.078	12.06749261	36.521	36.41116944	61.286	60.95525437	86.29	85.59984043	124.02	122.5266575
325	1.1847	1.184584481	11.888	11.87709133	35.917	35.80914154	60.228	59.90448945	84.74	84.06946671	121.68	120.2359236
330	1.1667	1.166592101	11.703	11.69275825	35.334	35.22809729	59.209	58.89322511	83.252	82.60035709	119.44	118.0438065
335	1.1492	1.149139506	11.525	11.51420044	34.771	34.66689035	58.228	57.91908508	81.822	81.18853961	117.29	115.9433814
340	1.1323	1.132202697	11.352	11.341144	34.227	34.1244605	57.282	56.97989148	80.447	79.83040046	115.23	113.9283977
345	1.1158	1.115759083	11.184	11.17333248	33.7	33.5998254	56.368	56.07364366	79.122	78.52264286	113.25	111.9931956
350	1.0999	1.099787375	11.021	11.01052545	33.191	33.09207332	55.486	55.19849981	77.845	77.2622516	111.35	110.1326359
355	1.0843	1.084267497	10.862	10.85249732	32.697	32.60035666	54.633	54.35276085	76.613	76.04646238	109.52	108.3420386
360	1.0693	1.069180496	10.709	10.69903609	32.219	32.12388621	53.809	53.53485629	75.424	74.87273519	107.76	106.6171313
365	1.0546	1.05450847	10.56	10.54994243	31.755	31.66192604	53.011	52.74333185	74.274	73.73873112	106.06	104.9540038
370	1.0403	1.040234492	10.415	10.40502865	31.305	31.21378893	52.238	51.97683842	73.163	72.64229198	104.42	103.3490694
375	1.0264	1.026342543	10.273	10.26411786	30.868	30.77883223	51.488	51.2341224	72.088	71.58142251	102.84	101.7990306
380	1.0129	1.012817459	10.136	10.12704324	30.443	30.35645422	50.762	50.51401703	71.047	70.55427469	101.31	100.3008495
385	0.99971	0.999644865	10.003	9.993647243	30.031	29.94609076	50.057	49.81543472	70.038	69.55913383	99.829	98.85172193
390	0.98688	0.986811131	9.8726	9.863781027	29.63	29.54721233	49.373	49.13736017	69.061	68.59440631	98.397	97.44905432
395	0.97437	0.974303323	9.746	9.737303794	29.241	29.15932133	48.709	48.47884427	68.112	67.65860863	97.01	96.09044374
400	0.96217	0.962109156	9.6226	9.614082274	28.861	28.78194962	48.063	47.83899856	67.191	66.75035773	95.666	94.77365996
