 TITLE = "PR density_T" 

  VARIABLES = Temperature	PR_cp_01	NIST_cp_01	PR_cp_1	NIST_cp_1	PR_cp_3	NIST_cp_3	PR_cp_5	NIST_cp_5	PR_cp_7	NIST_cp_7	PR_cp_10	NIST_cp_10
60	1.211389938	1.6732	1.206067907	1.6712	1.194847428	1.6668	1.184389179	1.6627	1.174613768	1.6587	1.161083814	1.6529
65	1.249755438	1.677	1.243293176	1.6752	1.22974936	1.6715	1.217221744	1.6679	1.205593624	1.6645	1.189625452	1.6597
70	1.29153078	1.6779	1.2836585	1.676	1.267272324	1.6719	1.252247931	1.6681	1.238412521	1.6645	1.219580296	1.6594
75	1.33742981	1.6786	1.32779074	1.6763	1.30788712	1.6714	1.289821887	1.6669	1.273336645	1.6626	1.251120444	1.6566
80	1.388390496	1.6814	1.37650306	1.6785	1.352188205	1.6725	1.330379597	1.6669	1.310685827	1.6616	1.284445413	1.6543
85	1.445675565	1.6878	1.43087379	1.6842	1.400939549	1.6766	1.374465304	1.6696	1.350848455	1.6631	1.319787869	1.6542
90	1.51103475	1.6989	1.492370586	1.6943	1.455143371	1.6848	1.422769396	1.676	1.394301933	1.6679	1.357421002	1.6569
95	0.859984212	0.94128	1.563053989	1.7097	1.516146421	1.6976	1.476183906	1.6866	1.441641173	1.6765	1.397667997	1.6629
100	0.859836725	0.9352	1.645928075	1.7313	1.585810544	1.7158	1.535886112	1.7019	1.493619009	1.6893	1.440914201	1.6725
105	0.860044343	0.93319	1.745582589	1.7607	1.666799093	1.7405	1.603468652	1.7227	1.551204787	1.7068	1.487622839	1.6859
110	0.860532987	0.93155	1.869463478	1.8001	1.763085149	1.7733	1.681150057	1.7501	1.61567155	1.7297	1.538355373	1.7035
115	0.861246687	0.9298	2.030654431	1.8535	1.880917543	1.8167	1.772131733	1.7858	1.688729671	1.7594	1.593797907	1.7262
120	0.862142457	0.92799	1.039573271	1.2568	2.030826926	1.875	1.881238777	1.8325	1.772738864	1.7974	1.654795272	1.7546
125	0.863186804	0.92623	1.014747872	1.167	2.232315185	1.9558	2.016155399	1.8948	1.871058342	1.8466	1.722394375	1.7903
130	0.864353289	0.92461	0.995866767	1.121	2.526827325	2.0741	2.190036416	1.9803	1.988653306	1.9113	1.797897182	1.8353
135	0.865620808	0.92313	0.981168914	1.0896	3.024473915	2.2646	2.427756743	2.1042	2.133206548	1.999	1.882919479	1.8924
140	0.866972333	0.92182	0.969528281	1.0655	4.183015398	2.6345	2.783783078	2.2996	2.317299011	2.1232	1.979438542	1.9663
145	0.868394002	0.92066	0.960189974	1.046	1.628613277	2.0174	3.410091579	2.6603	2.563047202	2.3116	2.089776311	2.0641
150	0.869874431	0.91964	0.952628307	1.0299	1.438594745	1.6573	5.012505786	3.6164	2.912892335	2.6301	2.216364167	2.1974
155	0.871404201	0.91875	0.946465615	1.0165	1.324700655	1.4805	10.36517436	11.835	3.456180069	3.2809	2.360866276	2.3855
160	0.872975458	0.91797	0.941423408	1.0052	1.248525709	1.371	2.87488082	3.0446	4.369148543	5.1709	2.521564993	2.6592
165	0.874581617	0.91729	0.937291738	0.9956	1.193994291	1.2951	2.06744971	2.1847	5.232136401	7.1556	2.686597897	3.0505
170	0.876217118	0.9167	0.933909298	0.98742	1.153111429	1.2389	1.732066553	1.828	3.781071211	3.8039	2.820509699	3.4932
175	0.877877243	0.91619	0.931150085	0.98038	1.121423676	1.1956	1.544973841	1.6268	2.656920044	2.6593	2.855080416	3.6601
180	0.879557968	0.91575	0.928914248	0.97429	1.09624173	1.1613	1.42484983	1.4958	2.122548521	2.1512	2.732477171	3.3117
185	0.881255842	0.91538	0.927121636	0.969	1.075840093	1.1334	1.341037238	1.4032	1.827227447	1.8661	2.490626509	2.8017
190	0.882967894	0.91506	0.925707181	0.96438	1.059058052	1.1104	1.27925333	1.3343	1.642186705	1.6834	2.227768603	2.3941
195	0.884691556	0.9148	0.924617515	0.96032	1.045084602	1.0911	1.231895928	1.2809	1.515992863	1.5564	2.002080585	2.103
200	0.886424598	0.91458	0.923808464	0.95675	1.033335153	1.0748	1.194527014	1.2384	1.424712187	1.4629	1.824141573	1.8945
205	0.888165078	0.91442	0.923243162	0.9536	1.02337719	1.0608	1.164373034	1.2038	1.355803971	1.3914	1.686587341	1.741
210	0.889911298	0.91431	0.922890603	0.95082	1.01488356	1.0487	1.13960727	1.1751	1.302084477	1.335	1.579643164	1.6246
215	0.891661768	0.91424	0.922724533	0.94835	1.007602055	1.0382	1.118975376	1.151	1.259147622	1.2895	1.495302718	1.534
220	0.89341518	0.91421	0.922722578	0.94617	1.001335007	1.029	1.101586261	1.1305	1.224141839	1.2519	1.427704143	1.4618
225	0.895170378	0.91423	0.922865562	0.94423	0.99592523	1.0209	1.086788774	1.1129	1.195140111	1.2206	1.372673217	1.4031
230	0.89692634	0.91429	0.923136957	0.94252	0.991246122	1.0138	1.074095612	1.0976	1.170793182	1.194	1.32723447	1.3546
235	0.898682162	0.9144	0.923522451	0.94101	0.987194539	1.0074	1.063134576	1.0843	1.150127938	1.1712	1.28924168	1.314
240	0.900437039	0.91455	0.924009588	0.93969	0.983685592	1.0018	1.053616315	1.0726	1.132424722	1.1515	1.257122309	1.2795
245	0.902190254	0.91475	0.924587485	0.93853	0.980648763	0.99671	1.045312387	1.0622	1.117139748	1.1343	1.229704904	1.25
250	0.903941169	0.91499	0.925246592	0.93753	0.978024985	0.99219	1.03803996	1.053	1.103854394	1.1192	1.206102564	1.2244
255	0.905689212	0.91527	0.925978501	0.93667	0.975764404	0.98815	1.031650928	1.0449	1.092241096	1.1059	1.185633483	1.2021
260	0.907433872	0.9156	0.926775777	0.93594	0.973824647	0.98453	1.02602401	1.0375	1.082039825	1.0941	1.16776605	1.1826
265	0.909174691	0.91598	0.92763183	0.93533	0.972169474	0.98129	1.021058917	1.031	1.073041516	1.0836	1.152080318	1.1653
270	0.910911256	0.9164	0.928540797	0.93484	0.970767703	0.97838	1.016671988	1.0251	1.06507614	1.0742	1.138240563	1.1499
275	0.912643198	0.91686	0.929497447	0.93446	0.969592362	0.97578	1.01279287	1.0198	1.058003995	1.0658	1.125975438	1.1363
280	0.914370183	0.91737	0.9304971	0.93418	0.968620001	0.97345	1.009361971	1.015	1.051709219	1.0582	1.115063414	1.124
285	0.916091911	0.91793	0.931535561	0.934	0.967830139	0.97138	1.00632847	1.0107	1.046094914	1.0513	1.105321961	1.113
290	0.917808111	0.91853	0.932609054	0.93392	0.967204807	0.96954	1.003648764	1.0068	1.041079409	1.0451	1.096599406	1.1031
295	0.919518538	0.91918	0.933714179	0.93392	0.96672818	0.96792	1.001285225	1.0033	1.036593387	1.0395	1.088768726	1.0941
300	0.921222972	0.91987	0.934847863	0.934	0.966386265	0.96649	0.999205214	1.0001	1.032577628	1.0345	1.081722778	1.086
305	0.922921213	0.9206	0.936007325	0.93417	0.966166647	0.96525	0.997380278	0.99729	1.028981238	1.0299	1.075370581	1.0786
310	0.924613082	0.92138	0.937190042	0.93441	0.966058273	0.96417	0.995785503	0.99474	1.025760237	1.0257	1.0696344	1.0719
315	0.926298413	0.9222	0.938393723	0.93473	0.966051273	0.96325	0.99439898	0.99245	1.022876421	1.0219	1.064447435	1.0658
320	0.927977061	0.92306	0.939616279	0.93512	0.966136805	0.96248	0.993201365	0.9904	1.020296447	1.0185	1.059751978	1.0602
325	0.929648891	0.92396	0.940855809	0.93557	0.966306929	0.96185	0.992175517	0.98858	1.017991084	1.0154	1.055497923	1.0551
330	0.931313783	0.9249	0.942110573	0.93609	0.966554494	0.96135	0.991306194	0.98696	1.015934601	1.0126	1.051641562	1.0505
335	0.932971629	0.92588	0.943378982	0.93667	0.966873042	0.96097	0.990579799	0.98554	1.014104258	1.0101	1.048144603	1.0463
340	0.934622329	0.9269	0.944659577	0.9373	0.967256731	0.9607	0.989984162	0.98429	1.012479882	1.0078	1.04497336	1.0425
345	0.936265795	0.92796	0.945951022	0.938	0.967700262	0.96054	0.989508362	0.98322	1.011043524	1.0058	1.042098086	1.039
350	0.937901948	0.92905	0.947252088	0.93875	0.968198819	0.96048	0.989142569	0.98229	1.009779152	1.004	1.039492416	1.0358
355	0.939530715	0.93017	0.948561645	0.93955	0.968748015	0.96051	0.988877914	0.98152	1.008672411	1.0024	1.037132902	1.0329
360	0.941152032	0.93133	0.949878651	0.9404	0.969343846	0.96063	0.988706375	0.98087	1.007710405	1.0009	1.034998624	1.0303
365	0.942765841	0.93253	0.951202147	0.94129	0.969982654	0.96084	0.988620679	0.98036	1.006881521	0.99967	1.03307086	1.0279
370	0.944372091	0.93375	0.952531247	0.94223	0.970661086	0.96113	0.988614215	0.97996	1.00617527	0.99857	1.031332807	1.0257
375	0.945970735	0.935	0.95386513	0.94321	0.971376069	0.96149	0.988680966	0.97967	1.005582159	0.99762	1.029769344	1.0238
380	0.947561733	0.93628	0.955203039	0.94424	0.972124777	0.96192	0.988815441	0.97949	1.005093576	0.99681	1.028366825	1.022
385	0.949145049	0.93758	0.956544272	0.9453	0.972904612	0.96242	0.989012619	0.97941	1.004701688	0.99614	1.027112908	1.0205
390	0.950720651	0.93892	0.957888179	0.9464	0.973713178	0.96298	0.989267904	0.97941	1.004399359	0.99558	1.025996403	1.0191
395	0.952288512	0.94027	0.959234155	0.94753	0.974548264	0.9636	0.989577078	0.97951	1.004180072	0.99514	1.025007142	1.0179
400	0.953848609	0.94165	0.960581641	0.94869	0.975407827	0.96427	0.989936264	0.97968	1.004037867	0.99481	1.024135866	1.0168
