 TITLE = "Density VS Temperature for Oxygen" 

  VARIABLES = T	rho_NIST_0.1Mpa	rho_SRK_0.1Mpa	rho_NIST_1Mpa	rho_SRK_1Mpa	rho_NIST_5Mpa	rho_SRK_5Mpa	rho_NIST_7Mpa	rho_SRK_7Mpa	rho_NIST_8Mpa	rho_SRK_8Mpa	rho_NIST_10Mpa	rho_SRK_10Mpa
220	2.4394	2.441360778	1167	1077.487993	1175.6	1089.654535	1179.7	1095.307475	1181.7	1098.038067	1185.6	1103.321584
230	2.3288	2.331661103	1129	1037.024022	1139.3	1052.134238	1144.2	1059.052426	1146.5	1062.373217	1151.2	1068.762432
240	2.2282	2.231602653	24.857	24.69253084	1100.7	1010.710921	1106.6	1019.309739	1109.4	1023.401966	1114.9	1031.216235
250	2.1363	2.139942991	23.435	23.36002412	1058.9	964.3665375	1066.2	975.2942396	1069.7	980.4311145	1076.4	990.137955
260	2.0519	2.055648103	22.215	22.18944761	1012.6	911.464018	1022.1	925.8231913	1026.5	932.446106	1035	944.7700805
270	1.9741	1.977849789	21.147	21.14950469	959.39	849.0206255	972.5	868.9507667	978.46	877.8474574	989.46	894.0030818
280	1.9021	1.905813234	20.199	20.21705081	893.9	770.2669792	914.25	801.0065959	922.92	813.8212547	938.22	836.0927001
290	1.8352	1.838911988	19.349	19.37448543	148.41	145.2538864	839.25	713.1181187	854.2	734.4365375	878.06	768.0080096
300	1.773	1.776608453	18.579	18.60811317	128.4	127.2523479	706.06	561.3445244	753.17	621.5112925	801.62	683.6266832
310	1.715	1.718438477	17.878	17.9070705	116.13	115.4940831	210.63	206.3550586	327.71	310.5392126	685.77	567.4507457
320	1.6606	1.663999083	17.234	17.26259815	107.22	106.7509396	178.74	176.2486628	231.91	226.2457805	448.28	396.7727528
330	1.6097	1.612938607	16.641	16.66753337	100.22	99.81171205	160.11	158.1891084	198.87	195.0761586	310.26	294.3054228
340	1.5618	1.564948696	16.092	16.11594668	94.478	94.07906684	146.95	145.2867321	178.65	175.604605	258.62	249.0392191
350	1.5167	1.519757778	15.581	15.60287642	89.619	89.21176468	136.82	135.2920824	164.16	161.5147742	228.8	221.6666958
360	1.4742	1.477125687	15.105	15.12413091	85.418	84.99568272	128.61	127.1711743	152.93	150.53863	208.25	202.3944445
370	1.434	1.436839207	14.659	14.6761387	81.726	81.2873371	121.75	120.3593574	143.82	141.5942308	192.74	187.6804524
380	1.396	1.398708371	14.241	14.2558334	78.44	77.98577098	115.86	114.5135311	136.18	134.0792616	180.38	175.8707755
390	1.3599	1.362563345	13.848	13.86056405	75.484	75.01721502	110.73	109.409333	129.63	127.6235481	170.18	166.0650542
400	1.3257	1.328251813	13.477	13.48802436	72.804	72.32611466	106.18	104.891928	123.9	121.9832562	161.53	157.7208127
410	1.2931	1.295636758	13.127	13.13619641	70.355	69.86958693	102.11	100.8499553	118.84	116.9892871	154.05	150.4867756
420	1.2622	1.264594577	12.796	12.80330532	68.104	67.61384144	98.436	97.20065445	114.31	112.5196051	147.48	144.1228885
430	1.2327	1.235013465	12.482	12.48778242	66.024	65.53178355	95.09	93.88085902	110.21	108.4832949	141.63	138.4580997
440	1.2045	1.206792035	12.183	12.18823512	64.094	63.60135948	92.025	90.84127908	106.49	104.810842	136.39	133.3663851
450	1.1776	1.179838122	11.899	11.90342205	62.295	61.80438307	89.2	88.04272777	103.07	101.4479322	131.63	128.7523245
460	1.1519	1.154067753	11.629	11.63223238	60.613	60.12568525	86.584	85.45354842	99.928	98.35134182	127.3	124.5420066
470	1.1273	1.129404252	11.371	11.37366856	59.035	58.55248497	84.151	83.04781107	97.016	95.48612796	123.32	120.6770675
480	1.1037	1.105777462	11.125	11.12683181	57.55	57.07391582	81.88	80.80401769	94.307	92.82365354	119.65	117.1106529
490	1.0811	1.083123058	10.889	10.89090975	56.15	55.68066428	79.752	78.70415319	91.778	90.34016677	116.24	113.8046056
500	1.0594	1.061381956	10.664	10.66516603	54.826	54.3646894	77.754	76.73297692	89.41	88.01575823	113.07	110.7274597
510	1.0386	1.040499784	10.448	10.44893132	53.571	53.11900287	75.87	74.87748521	87.185	85.83358135	110.11	107.8529777
520	1.0185	1.02042642	10.241	10.24159567	52.38	51.93749451	74.092	73.12649765	85.089	83.77926035	107.33	105.1590656
530	0.99926	1.001115585	10.042	10.04260187	51.248	50.81479238	72.408	71.47033449	83.109	81.84043409	104.72	102.6269537
540	0.98071	0.982524477	9.8512	9.851439725	50.169	49.7461496	70.812	69.90056207	81.235	80.00640014	102.26	100.2405688
550	0.96283	0.964613451	9.6675	9.667641056	49.14	48.72735201	69.294	68.4097899	79.458	78.26783375	99.93	97.98604795
560	0.94559	0.947345732	9.4907	9.490775364	48.157	47.75464215	67.849	66.99150718	77.769	76.61656371	97.725	95.85135558
570	0.92897	0.93068716	9.3203	9.320446015	47.216	46.82465632	66.472	65.63995002	76.16	75.04539171	95.633	93.82598
580	0.91292	0.914605958	9.1562	9.156286888	46.315	45.93437208	65.156	64.34999274	74.627	73.54794558	93.644	91.90068988
590	0.89741	0.89907253	8.9978	8.997959429	45.451	45.08106415	63.898	63.11705804	73.162	72.11855905	91.749	90.06733719
600	0.88242	0.884059273	8.8449	8.845150047	44.621	44.26226719	62.694	61.93704244	71.762	70.75217248	89.941	88.31869636
610	0.86793	0.869540415	8.6972	8.697567797	43.824	43.47574421	61.539	60.80625388	70.42	69.44425034	88.214	86.64833205
620	0.85391	0.855491865	8.5545	8.554942332	43.057	42.71945958	60.43	59.72135921	69.135	68.19071219	86.561	85.05048957
630	0.84033	0.841891075	8.4164	8.417022068	42.319	41.99155594	59.365	58.67933975	67.9	66.9878746	84.977	83.52000357
640	0.82718	0.82871692	8.2829	8.283572554	41.607	41.29033425	58.341	57.67745343	66.714	65.83240192	83.458	82.05222138
650	0.81444	0.815949586	8.1535	8.154375003	40.921	40.6142366	57.354	56.71320255	65.573	64.7212645	81.999	80.64293836
660	0.80208	0.803570472	8.0282	8.029224985	40.259	39.96183121	56.404	55.78430591	64.475	63.65170287	80.597	79.28834302
670	0.79009	0.791562096	7.9068	7.907931241	39.619	39.33179943	55.488	54.88867492	63.416	62.62119704	79.248	77.98497024
680	0.77846	0.779908011	7.789	7.790314619	39	38.72292429	54.603	54.0243928	62.395	61.62743996	77.948	76.72966121
690	0.76716	0.768592734	7.6747	7.676207115	38.402	38.13408052	53.748	53.18969654	61.409	60.66831457	76.695	75.51952889
700	0.75619	0.757601671	7.5638	7.565451003	37.823	37.56422568	52.922	52.38296116	60.457	59.74187379	75.486	74.35192824
710	0.74552	0.746921057	7.4561	7.457898046	37.262	37.01239243	52.123	51.60268585	59.537	58.84632313	74.318	73.22443032
720	0.73516	0.736537897	7.3514	7.353408781	36.718	36.47768156	51.35	50.84748189	58.646	57.98000535	73.189	72.13479978
730	0.72508	0.726439912	7.2497	7.251851868	36.191	35.95925591	50.601	50.1160619	57.784	57.14138711	72.098	71.08097514
740	0.71527	0.716615491	7.1508	7.153103499	35.68	35.45633485	49.875	49.40723043	56.949	56.32904706	71.042	70.06105153
750	0.70572	0.707053647	7.0546	7.057046854	35.184	34.96818946	49.171	48.71987553	56.139	55.54166542	70.019	69.07326549
760	0.69643	0.697743975	6.9609	6.963571609	34.702	34.49413811	48.487	48.05296129	55.354	54.77801467	69.027	68.11598154
770	0.68738	0.688676611	6.8698	6.872573486	34.233	34.03354254	47.824	47.4055212	54.592	54.03695133	68.066	67.18768032
780	0.67856	0.679842204	6.781	6.783953832	33.778	33.58580437	47.18	46.7766522	53.852	53.31740855	67.134	66.28694804
790	0.66996	0.671231874	6.6945	6.697619245	33.335	33.1503619	46.554	46.16550933	53.134	52.61838958	66.228	65.41246707
800	0.66158	0.662837191	6.6102	6.613481222	32.904	32.72668722	45.945	45.57130097	52.435	51.93896185	65.349	64.56300761
