 TITLE = "Density VS Temperature for Oxygen" 

VARIABLES =  T	rho_NIST_0.1Mpa	rho_Soave_0.1Mpa	rho_new_0.1Mpa	rho_NIST_1Mpa	rho_Soave_1Mpa	rho_new_1Mpa	rho_NIST_3Mpa	rho_Soave_3Mpa	rho_new_3Mpa	rho_NIST_5Mpa	rho_Soave_5Mpa	rho_new_5Mpa	rho_NIST_7Mpa	rho_Soave_7Mpa	rho_new_7Mpa	rho_NIST_10Mpa	rho_Soave_10Mpa	rho_new_10Mpa	
60	1282.120673	1435.077686	1269.770586	1283.205185	1435.879226	1273.985476	1285.592387	1437.822311	1282.816902	1287.948966	1439.713726	1290.996929	1290.275921	1441.555851	1298.612601	1293.712838	1444.231431	1309.128115
65	1259.815847	1414.015193	1242.292731	1260.999865	1414.98466	1247.045813	1263.602668	1417.289173	1256.957936	1266.167576	1419.527119	1266.087302	1268.695979	1421.701868	1274.546715	1272.422953	1424.852255	1286.170396
70	1237.090041	1391.728506	1220.625475	1238.390366	1392.893662	1225.761773	1241.244294	1395.617987	1236.439151	1244.05074	1398.256512	1246.236908	1246.81169	1400.814027	1255.288095	1250.8718	1404.507929	1267.686907
75	1214.029291	1368.109432	1195.825255	1215.46418	1369.504006	1201.492703	1218.607532	1372.71859	1213.218034	1221.690943	1375.822322	1223.917664	1224.71728	1378.822057	1233.757209	1229.155477	1383.140138	1247.174608
80	1190.58626	1343.028612	1169.615216	1192.177285	1344.694109	1175.919733	1195.654948	1348.484951	1188.885616	1199.056401	1352.131957	1200.636565	1202.38582	1355.645022	1211.383593	1207.253096	1360.682686	1225.958661
85	1166.656939	1316.329614	1144.000209	1168.430666	1318.317865	1150.981204	1172.297422	1322.791348	1165.245746	1176.066458	1327.077012	1178.079572	1179.743924	1331.189307	1189.749507	1185.100341	1337.060308	1205.487562
90	1142.105542	1287.820472	1117.410297	1144.09559	1290.197334	1125.184656	1148.420036	1295.487103	1140.946703	1152.617849	1300.529506	1155.005623	1156.698204	1305.34595	1167.704239	1162.615979	1312.187151	1184.720081
95	4.164228935	4.161173737	4.131433427	1119.018058	1260.112133	1097.882283	1123.888048	1266.389174	1115.440927	1128.591735	1272.336735	1130.936284	1133.143057	1277.987114	1144.820122	1139.710356	1285.964848	1163.284034
100	3.941120633	3.940277332	3.918131784	1093.012735	1227.783543	1069.520139	1098.543516	1235.271444	1089.189006	1103.852221	1242.314089	1106.325706	1108.960504	1248.96132	1121.536636	1116.286536	1258.280051	1141.592117
105	3.74180515	3.742385776	3.725945788	1065.84861	1192.849683	1039.757481	1072.195697	1201.848748	1061.960701	1078.23993	1210.23478	1081.003555	1084.015936	1218.086903	1097.719373	1092.238101	1229.001254	1119.541832
110	3.562462765	3.563984302	3.551876582	1037.223963	1154.82476	1007.952504	1044.604613	1165.752069	1033.309101	1051.561055	1175.814697	1054.625781	1058.150724	1185.142832	1073.086088	1067.444973	1197.974664	1096.907159
115	3.400136789	3.402256125	3.39348768	1006.722507	1113.02766	973.2879594	1015.453974	1126.48808	1002.73104	1023.570218	1138.689222	1026.836445	1031.171152	1149.85547	1047.362039	1041.767491	1165.018774	1073.481611
120	3.252443805	3.254914038	3.248754608	38.24643237	38.40174542	37.26017753	984.3043135	1083.368856	969.6818756	993.9429193	1098.37608	997.3047708	1002.831759	1111.87886	1020.321124	1015.038261	1129.917144	1049.117648
125	3.11743256	3.120079285	3.115926025	35.77665966	36.03922271	35.31098205	950.5049361	1035.379362	934.1980559	962.2284699	1054.212315	966.2852958	972.8091541	1070.764263	992.2841211	987.0507215	1092.408718	1024.153208
130	2.993489755	2.996192731	2.99353	33.71512089	34.01412665	33.56340474	913.0085375	980.8978824	894.5308132	927.7628951	1005.239199	932.6936479	940.6583738	1025.910829	962.4445765	957.5424917	1052.174696	997.9820496
135	2.879270018	2.88194857	2.880246114	31.94247118	32.24939715	31.99249937	869.9117672	917.0001394	845.9601426	889.489951	949.9703343	893.665745	905.7348985	976.4811115	928.6512201	926.1701901	1008.820789	968.9638836
140	2.773642302	2.776244105	2.775431699	30.3904483	30.69155022	30.57207195	816.9725823	837.1766226	786.8092762	845.5365767	885.8543943	850.2973652	867.0429154	921.2457508	892.3725576	892.4699178	961.8536171	938.5609139
145	2.67564845	2.678141174	2.678044523	29.01360876	29.29986527	29.28639156	117.0553579	120	118	791.9633865	807.7275119	801.8913695	822.9072491	858.2708628	853.8819812	855.7933344	910.6513858	907.2644219
150	2.58447093	2.586836152	2.587013651	27.7794565	28.04961727	28.07355306	105.7480611	108.9933808	109.6011594	717.2574568	701.0796798	718.5742193	770.158398	784.2106317	794.9933325	815.2028519	854.4354536	862.1557844
155	2.499407525	2.501636359	2.501513556	26.663785	26.91648456	26.90047095	97.57554582	100.5160888	100.1826732	284.9530324	297.0320542	281.9439298	701.6342911	692.4622913	681.3030658	769.303793	792.2746064	785.4424504
160	2.419851332	2.421941326	2.421358146	25.64804234	25.88309318	25.80936731	91.15566578	93.78744462	92.4678829	207.3643082	217.5221086	204.4704384	595.6143143	568.3696064	483.4108048	716.0109781	723.243753	681.8348694
165	2.345274823	2.347227768	2.346437082	24.71768866	24.93557451	24.83812082	85.87531499	88.22801598	86.66076676	179.9660837	188.1608767	177.6737955	411.9188878	411.3479223	336.835436	652.496819	647.132461	580.6420809
170	2.275217036	2.277037437	2.276228347	23.86111376	24.06268451	23.96502206	81.400349	83.50767766	82.0566228	162.6782088	169.5369752	161.6026828	305.9497439	316.9988464	279.4960483	577.0103662	566.5048655	495.9772339
175	2.209273211	2.210967216	2.210139746	23.06889739	23.25518383	23.15713481	77.52631465	79.41943743	78.05405402	150.0581797	155.9303098	149.3975978	259.0434901	269.6618412	245.5101134	495.4538204	489.199311	425.6288364
180	2.14708632	2.14866099	2.147811232	22.33328923	22.50539085	22.4063525	74.11833958	75.8245636	74.51813342	140.155726	145.2608869	139.5827418	230.6035224	239.9972456	221.9314063	423.2700611	424.4920704	372.5512515
185	2.08834012	2.089802929	2.088964281	21.64783489	21.80685281	21.71051596	71.08254719	72.62537676	71.41036105	132.0366801	136.5255443	131.6072951	210.578175	218.8389084	204.6575315	369.1131984	374.919398	334.5249111
190	2.032753397	2.034111894	2.033297269	21.0071012	21.15409934	21.0617188	68.35088064	69.75043565	68.62879397	125.1786717	129.1607968	124.8646669	195.2901301	202.5889659	191.0388468	329.8485919	337.5020147	305.780017
195	1.980075173	1.981336764	1.980544917	20.40647101	20.54245472	20.45369103	65.87238742	67.14588184	66.10299858	119.2594159	122.8177433	118.9974482	183.0163609	189.5069987	179.7644956	300.4917887	308.6278557	282.9267909
200	1.93008069	1.931252501	1.930488448	19.84198719	19.96789293	19.8831299	63.60790784	64.77009549	63.80216915	114.0659245	117.2651027	113.8464191	172.8190447	178.6276099	170.259558	277.6447592	285.6659601	264.3881411
205	1.882568033	1.883656822	1.882924875	19.31023246	19.42692417	19.34647754	61.52668258	62.59024496	61.694135	109.4500609	112.341602	109.2711553	164.1340514	169.3624933	162.0885877	259.2335183	266.8915268	248.9762545
210	1.837355257	1.838367377	1.837667302	18.8082355	18.91650504	18.84020902	59.60410152	60.57997584	59.74849344	105.3046293	107.9302939	105.1535442	156.596856	161.3278313	154.9233651	243.9747642	251.1782329	235.8304191
215	1.794277955	1.795219329	1.794550839	18.33339674	18.43396674	18.36166933	57.82016131	58.71781444	57.94503525	101.5495608	103.9436827	101.4191057	149.9588803	154.2599457	148.5653117	231.0429656	237.7721212	224.4417834
220	1.753187168	1.754063293	1.7534265	17.88342903	17.97695704	17.90856558	56.15837931	56.98603554	56.26750202	98.12347472	100.3146134	98.01139522	144.0433368	147.97022	142.8714833	219.8849228	226.1525343	214.4550176
225	1.713947595	1.714763553	1.714157612	17.45630979	17.54339301	17.47872679	54.60501075	55.36984086	54.70084055	94.97828521	96.99043508	94.88117937	138.7201826	142.3192743	137.7241418	210.1158929	215.9488257	205.5884992
230	1.676436048	1.677196522	1.676620194	17.05024199	17.13142222	17.07027193	53.14847267	53.85675107	53.23282712	92.07562241	93.92911723	91.99035225	133.8910754	137.2013261	133.0356103	201.459468	206.8897594	197.6386489
235	1.640540116	1.641249412	1.640701566	16.66362209	16.73939063	16.68156999	51.77891228	52.43614792	51.85351643	89.38438232	91.09658506	89.30921484	129.4799074	132.5342807	128.7397682	193.7114286	198.7719446	190.4559404
240	1.606156997	1.60681907	1.60629846	16.29501353	16.36581583	16.31113634	50.48787828	51.09892404	50.55413059	86.87900308	88.46484043	86.81249031	125.4266124	128.2532088	124.7821189	186.7171991	191.4395659	183.9203595
245	1.573192489	1.57381097	1.573316227	15.9431246	16.00936465	15.95763383	49.26806694	49.83721129	49.32705017	84.53822396	86.01060621	84.4789636	121.6829814	124.3059153	121.1181823	180.357304	184.770993	177.9362816
250	1.541560101	1.542138317	1.54166811	15.60678989	15.66883422	15.61987071	48.11312339	48.64416758	48.16577754	82.34417324	83.71432812	82.29111993	118.2097535	120.6498451	117.712137	174.5376992	178.6697006	172.428367
255	1.511180274	1.511721276	1.511274309	15.28495453	15.34313593	15.29676864	47.01748429	47.51380744	47.06461881	80.28168581	81.5594267	80.23402771	114.9745438	117.2498705	114.5341165	169.1831661	173.0579617	167.3350484
260	1.481979698	1.482486282	1.482061276	14.97666097	15.03128179	14.98734673	45.97625185	46.44086619	46.01853593	78.33778429	79.53172778	78.29479556	111.950337	114.0766753	111.558847	164.2326903	167.8723716	162.6051772
265	1.453890702	1.454365432	1.453961153	14.68103751	14.73237274	14.69071538	44.98509209	45.42068987	45.02309664	76.50127878	77.61902267	76.46235082	109.11437	111.1055543	108.7650221	159.6361577	163.0606085	158.1963778
270	1.426850723	1.427295949	1.426911224	14.39728858	14.44558854	14.40606458	44.0401518	44.44914543	44.07437321	74.7624542	75.81072412	74.72709212	106.4472901	108.3155054	106.1344777	155.351946	158.5790472	154.073099
275	1.400801829	1.401219706	1.400853415	14.12468631	14.17017908	14.13265319	43.13799038	43.52254668	43.16885462	73.11282308	74.09759426	73.08060085	103.9325109	105.6885333	103.6515297	151.3451395	154.3909732	150.2050896
280	1.375690296	1.376082803	1.375733882	13.86256321	13.90545687	13.86980247	42.27552324	42.637593	42.30339776	71.54492806	72.47152702	71.51547733	101.5557129	103.209109	101.3025883	147.5861839	150.4652263	146.5664979
285	1.351466229	1.351835184	1.351502629	13.61030589	13.65079043	13.61688959	41.44997471	41.7913181	41.47518046	70.05218256	70.92537257	70.02519075	99.30445152	100.8637442	99.07581852	144.0498586	146.7751568	143.1351007
290	1.328083229	1.328430301	1.328113165	13.36734945	13.40559857	13.37334139	40.65883846	40.98104698	40.68165579	68.6287411	69.45279436	68.60393865	97.16784615	98.64065405	96.96083312	140.7144819	143.2978132	139.8916254
295	1.305498088	1.305824811	1.305522203	13.13317267	13.16934535	13.13862946	39.899844	40.20435963	39.92051824	67.26939287	68.04815182	67.24654494	95.13633075	96.52948515	94.94847111	137.5612883	140.0133017	136.8192653
300	1.283670519	1.283978306	1.283689388	12.90729376	12.94153565	12.91226579	39.17092833	39.45906007	39.18967554	65.96947371	66.70640333	65.94837669	93.20145218	94.52109644	93.03062019	134.5739357	136.9042774	133.9032948
305	1.262562913	1.262853064	1.262577048	12.68926656	12.72171125	12.69379874	38.4702117	38.74315007	38.48722224	64.72479285	65.4230255	64.70526813	91.35570555	92.60737963	91.20005803	131.7381115	133.9555355	131.1307337
310	1.242140116	1.242413829	1.242149977	12.47867722	12.5094474	12.4828097	37.79597672	38.05480642	37.81141891	63.53157151	64.19394544	63.51346197	89.59239889	90.78111159	89.45033109	129.041215	131.1536804	128.4900915
315	1.222369235	1.222627616	1.222375236	12.27514129	12.30434973	12.27891011	37.14665051	37.39236152	37.16067457	62.38639104	63.01548377	62.36956084	87.90554099	89.035832	87.7756556	126.4720986	128.4868554	125.9711626
320	1.203219459	1.203463526	1.20322197	12.07830103	12.10605151	12.08173851	36.52078909	36.75428644	36.5335281	61.28614912	61.88430629	61.2704767	86.28974788	87.36574127	86.17081647	124.0208565	125.9445206	123.5648196
325	1.184661891	1.184892586	1.184661244	11.88782314	11.91421125	11.89095813	35.9170639	36.13917628	35.92863505	60.22802221	60.79738273	60.21339581	84.74016436	85.7656149	84.63109799	121.6786493	123.5172688	121.2628733
330	1.166669406	1.1668876	1.166665904	11.70339657	11.72851049	11.70625539	35.33425003	35.54573739	35.34476063	59.2094336	59.75195157	59.19576094	83.25239772	84.23073107	83.15224854	119.4375586	121.1966723	119.0580006
335	1.149216516	1.149423013	1.149210431	11.52473075	11.54865186	11.52733726	34.77121586	34.97277612	34.78076322	58.2280257	58.74548962	58.2152278	81.82246151	82.75680928	81.7303963	117.2904654	118.9751543	116.9435783
340	1.132279245	1.132474792	1.132270819	11.35155381	11.37435732	11.35392883	34.22691402	34.41918907	34.23557888	57.28163626	57.77568593	57.26962451	80.44672756	81.33995796	80.36197158	115.2309475	116.8458803	114.9135302
345	1.115835024	1.116020311	1.115824476	11.18361112	11.2053666	11.18577383	33.70037333	33.88395433	33.70823118	56.36827763	56.84041895	56.3569805	79.12188482	79.97662954	79.04376312	113.2531933	114.8026667	112.962439
350	1.099862581	1.100038249	1.099850126	11.02066389	11.04143575	11.02263306	33.19069179	33.36612388	33.19782289	55.4861187	55.93773686	55.47550544	77.84490395	78.66358182	77.77287797	111.3519273	112.8399018	111.0854676
355	1.084341857	1.0845085	1.084327669	10.86248794	10.88233588	10.86427875	32.69703026	32.86481679	32.70349071	54.63346916	55.0658402	54.62346755	76.6130067	77.39784455	76.5465092	109.5223479	110.9524794	109.2779064
360	1.069253916	1.069412086	1.069238138	10.70887259	10.72785197	10.71049731	32.21860685	32.37921319	32.22443371	53.80876562	54.22306676	53.79927329	75.42363926	76.17669036	75.36209012	107.7600729	109.135741	107.535477
365	1.054580867	1.054731076	1.054563684	10.55961961	10.57778185	10.56109475	31.75469199	31.90854886	31.75996627	53.01055941	53.40787821	53.00161304	74.2744491	74.99760954	74.2175733	106.0610927	107.3854262	105.8548777
370	1.040305794	1.040448521	1.040287364	10.4145423	10.4319352	10.41588201	31.30460395	31.45211049	31.30939084	52.23750581	52.61884838	52.22911598	73.16326467	73.8582879	73.11077154	104.4217302	105.6976294	104.2324984
375	1.026412693	1.02654838	1.026393046	10.2734647	10.29013268	10.2746706	30.86770481	31.00923131	30.87196426	51.48835454	51.85465278	51.48026146	72.08807757	72.7565874	72.03919126	102.8386055	104.0687623	102.6641012
380	1.012886404	1.013015466	1.012865681	10.13622075	10.15220519	10.13730559	30.44339692	30.57928725	30.44719166	50.76194122	51.11405941	50.75417803	71.0470269	71.69052903	71.00155779	101.3086054	102.4955216	101.1477902
385	0.999712565	0.999835387	0.999691064	10.00265361	10.01799306	10.00364589	30.03111965	30.1616935	30.03465506	50.05717985	50.39592052	50.05017801	70.03838537	70.6582778	69.996926	99.82885643	100.9748597	99.68227774
390	0.986877552	0.986994493	0.986855133	9.872615042	9.887345449	9.873499882	29.63034646	29.75590133	29.6334496	49.37305608	49.69916524	49.36623334	69.06054705	69.65812932	69.02178082	98.39670128	99.50396016	98.26125629
395	0.974368437	0.974479833	0.974344876	9.745964798	9.760119707	9.746719156	29.24058225	29.36139528	29.24301243	48.70862113	49.02279306	48.70122334	68.11201644	68.68849802	68.07432105	97.00967816	98.08021489	96.88172755
400	0.962172943	0.962279108	0.962149807	9.62257008	9.636180822	9.623348502	28.86136103	28.97769061	28.86444065	48.06298639	48.3658679	48.0584924	67.19139874	67.74790655	67.16121605	95.66550232	96.70120493	95.55709403
