TITLE = "oxygen alpha prediction MODEL 2" 

  VARIABLES = Tr	model_uncorrected	model_corrected	bias	upper	lower
0.566618099	1.778763583	2.339096895	0.560333311	2.359633781	2.318560009
0.567671444	1.777274884	2.328721726	0.551446842	2.349029028	2.308414424
0.568724788	1.775786185	2.3183882	0.542602015	2.338500391	2.298276008
0.569778132	1.774297485	2.308099283	0.533801798	2.328047466	2.2881511
0.570831476	1.772808786	2.297857864	0.525049078	2.317669864	2.278045864
0.57188482	1.771320086	2.287666748	0.516346661	2.307367239	2.267966256
0.572938164	1.769831387	2.277528655	0.507697269	2.297139319	2.257917992
0.573991508	1.768342688	2.267446224	0.499103537	2.286985924	2.247906525
0.575044852	1.766853988	2.257422004	0.490568016	2.276906982	2.237937026
0.576098196	1.765365289	2.247458457	0.482093169	2.266902538	2.228014376
0.57715154	1.763876589	2.237557957	0.473681368	2.256972757	2.218143157
0.578204885	1.76238789	2.227722786	0.465334896	2.247117922	2.20832765
0.579258229	1.76089919	2.217955136	0.457055946	2.23733843	2.198571842
0.580311573	1.759410491	2.208257107	0.448846616	2.227634784	2.188879431
0.581364917	1.757921792	2.198630707	0.440708916	2.218007585	2.179253829
0.582418261	1.756433092	2.189077849	0.432644757	2.208457518	2.16969818
0.583471605	1.754944393	2.179600353	0.424655961	2.19898534	2.160215367
0.584524949	1.753455693	2.170199945	0.416744252	2.189591868	2.150808022
0.585578293	1.751966994	2.160878256	0.408911263	2.180277968	2.141478544
0.586631637	1.750478294	2.151636823	0.401158529	2.171044538	2.132229108
0.587684981	1.748989595	2.142477088	0.393487493	2.161892499	2.123061676
0.588738326	1.747500896	2.133400397	0.385899501	2.152822781	2.113978013
0.58979167	1.746012196	2.124408004	0.378395807	2.143836314	2.104979693
0.590845014	1.744523497	2.115501066	0.37097757	2.134934016	2.096068117
0.591898358	1.743034797	2.10668065	0.363645853	2.126116782	2.087244517
0.592951702	1.741546098	2.097947726	0.356401628	2.117385481	2.07850997
0.594005046	1.740057398	2.089303173	0.349245775	2.10874094	2.069865406
0.59505839	1.738568699	2.080747779	0.34217908	2.100183943	2.061311615
0.596111734	1.73708	2.07228224	0.33520224	2.09171522	2.05284926
0.597165078	1.7355913	2.063907161	0.328315861	2.083335445	2.044478878
0.598218422	1.734102601	2.05562306	0.32152046	2.075045228	2.036200893
0.599271767	1.732613901	2.047430366	0.314816465	2.066845112	2.028015621
0.600325111	1.731125202	2.039329422	0.30820422	2.05873557	2.019923274
0.601378455	1.729636502	2.031320484	0.301683982	2.050717	2.011923968
0.602431799	1.728147803	2.023403727	0.295255924	2.042789723	2.00401773
0.603485143	1.726659104	2.01557924	0.288920137	2.034953982	1.996204498
0.604538487	1.725170404	2.007847035	0.282676631	2.027209939	1.988484132
0.605591831	1.723681705	2.000207043	0.276525338	2.019557675	1.980856412
0.606645175	1.722193005	1.992659118	0.270466113	2.011997188	1.973321047
0.607698519	1.720704306	1.985203038	0.264498732	2.004528397	1.965877679
0.608751863	1.719215606	1.977838509	0.258622903	1.997151137	1.958525881
0.609805208	1.717726907	1.970565164	0.252838257	1.989865163	1.951265166
0.610858552	1.716238208	1.963382568	0.24714436	1.982670148	1.944094988
0.611911896	1.714749508	1.956290217	0.241540709	1.97556569	1.937014744
0.61296524	1.713260809	1.949287543	0.236026734	1.968551306	1.93002378
0.614018584	1.711772109	1.942373915	0.230601805	1.961626442	1.923121388
0.615071928	1.71028341	1.93554864	0.22526523	1.954790468	1.916306813
0.616125272	1.70879471	1.92881097	0.220016259	1.948042686	1.909579254
0.617178616	1.707306011	1.922160097	0.214854086	1.941382329	1.902937866
0.61823196	1.705817312	1.915595163	0.209777851	1.934808566	1.89638176
0.619285304	1.704328612	1.909115256	0.204786644	1.928320503	1.889910009
0.620338649	1.702839913	1.902719418	0.199879505	1.92191719	1.883521646
0.621391993	1.701351213	1.896406643	0.19505543	1.915597618	1.877215668
0.622445337	1.699862514	1.890175882	0.190313368	1.909360728	1.870991037
0.623498681	1.698373815	1.884026046	0.185652232	1.903205412	1.864846681
0.624552025	1.696885115	1.877956007	0.181070892	1.897130517	1.858781498
0.625605369	1.695396416	1.871964601	0.176568185	1.891134848	1.852794354
0.626658713	1.693907716	1.86605063	0.172142914	1.885217171	1.846884088
0.627712057	1.692419017	1.860212866	0.16779385	1.879376219	1.841049513
0.628765401	1.690930317	1.854450055	0.163519737	1.873610692	1.835289417
0.629818745	1.689441618	1.848760913	0.159319295	1.867919263	1.829602564
0.63087209	1.687952919	1.843144138	0.15519122	1.86230058	1.823987696
0.631925434	1.686464219	1.837598404	0.151134185	1.856753271	1.818443537
0.632978778	1.68497552	1.832122369	0.147146849	1.851275944	1.812968794
0.634032122	1.68348682	1.826714675	0.143227855	1.845867195	1.807562155
0.635085466	1.681998121	1.821373951	0.13937583	1.840525606	1.802222296
0.63613881	1.680509421	1.816098817	0.135589396	1.835249752	1.796947882
0.637192154	1.679020722	1.810887883	0.131867161	1.830038201	1.791737565
0.638245498	1.677532023	1.805739756	0.128207733	1.82488952	1.786589992
0.639298842	1.676043323	1.800653037	0.124609714	1.819802274	1.7815038
0.640352186	1.674554624	1.795626328	0.121071705	1.814775032	1.776477625
0.641405531	1.673065924	1.790658233	0.117592308	1.809806365	1.7715101
0.642458875	1.671577225	1.785747357	0.114170132	1.804894855	1.766599858
0.643512219	1.670088525	1.780892312	0.110803787	1.800039092	1.761745533
0.644565563	1.668599826	1.776091721	0.107491895	1.795237676	1.756945765
0.645618907	1.667111127	1.771344211	0.104233084	1.790489223	1.752199199
0.646672251	1.665622427	1.766648426	0.101025998	1.785792364	1.747504488
0.647725595	1.664133728	1.76200302	0.097869293	1.781145746	1.742860295
0.648778939	1.662645028	1.757406667	0.094761639	1.776548037	1.738265297
0.649832283	1.661156329	1.752858054	0.091701725	1.771997926	1.733718183
0.650885627	1.659667629	1.74835589	0.088688261	1.767494121	1.729217659
0.651938972	1.65817893	1.743898904	0.085719974	1.763035359	1.724762449
0.652992316	1.656690231	1.739485847	0.082795616	1.758620396	1.720351298
0.65404566	1.655201531	1.735115494	0.079913963	1.754248019	1.715982969
0.655099004	1.653712832	1.730786646	0.077073814	1.749917039	1.711656252
0.656152348	1.652224132	1.72649813	0.074273997	1.745626298	1.707369961
0.657205692	1.650735433	1.7222488	0.071513367	1.741374666	1.703122934
0.658259036	1.649246733	1.71803754	0.068790807	1.737161041	1.698914039
0.65931238	1.647758034	1.713863265	0.066105231	1.732984357	1.694742174
0.660365724	1.646269335	1.70972492	0.063455585	1.728843574	1.690606265
0.661419068	1.644780635	1.70562148	0.060840845	1.724737688	1.686505273
0.662472413	1.643291936	1.701551957	0.058260022	1.720665727	1.682438187
0.663525757	1.641803236	1.697515394	0.055712157	1.716626752	1.678404035
0.664579101	1.640314537	1.693510867	0.05319633	1.712619857	1.674401877
0.665632445	1.638825837	1.689537489	0.050711652	1.708644171	1.670430808
0.666685789	1.637337138	1.685594408	0.04825727	1.704698856	1.66648996
0.667739133	1.635848439	1.681680807	0.045832369	1.700783112	1.662578503
0.668792477	1.634359739	1.677795905	0.043436166	1.696896169	1.658695641
0.669845821	1.63287104	1.673938957	0.041067918	1.693037295	1.654840619
0.670899165	1.63138234	1.670109255	0.038726915	1.689205792	1.651012718
0.671952509	1.629893641	1.666306126	0.036412485	1.685400997	1.647211256
0.673005854	1.628404942	1.662528935	0.034123994	1.681622281	1.64343559
0.674059198	1.626916242	1.658777083	0.031860841	1.677869049	1.639685117
0.675112542	1.625427543	1.655050005	0.029622462	1.674140743	1.635959267
0.676165886	1.623938843	1.651347174	0.027408331	1.670436836	1.632257512
0.67721923	1.622450144	1.647668098	0.025217954	1.666756838	1.628579358
0.678272574	1.620961444	1.64401232	0.023050875	1.663100289	1.62492435
0.679325918	1.619472745	1.640379416	0.020906671	1.659466766	1.621292067
0.680379262	1.617984046	1.636768999	0.018784954	1.655855874	1.617682125
0.681432606	1.616495346	1.633180713	0.016685367	1.652267254	1.614094173
0.68248595	1.615006647	1.629614236	0.014607589	1.648700576	1.610527896
0.683539295	1.613517947	1.626069277	0.012551329	1.645155542	1.606983011
0.684592639	1.612029248	1.622545575	0.010516328	1.641631884	1.603459267
0.685645983	1.610540548	1.619042904	0.008502355	1.638129363	1.599956445
0.686699327	1.609051849	1.615561061	0.006509212	1.634647768	1.596474354
0.687752671	1.60756315	1.612099877	0.004536727	1.631186918	1.593012835
0.688806015	1.60607445	1.608659206	0.002584756	1.627746658	1.589571755
0.689859359	1.604585751	1.605238931	0.000653181	1.624326856	1.586151006
0.690912703	1.603097051	1.60183896	-0.001258091	1.62092741	1.58275051
0.691966047	1.601608352	1.598459223	-0.003149129	1.617548237	1.579370209
0.693019391	1.600119652	1.595099675	-0.005019978	1.614189282	1.576010068
0.694072736	1.598630953	1.591760291	-0.006870662	1.610850508	1.572670075
0.69512608	1.597142254	1.588441068	-0.008701185	1.607531899	1.569350238
0.696179424	1.595653554	1.585142021	-0.010511533	1.604233461	1.566050582
0.697232768	1.594164855	1.581863183	-0.012301672	1.600955215	1.562771151
0.698286112	1.592676155	1.578604602	-0.014071553	1.597697202	1.559512003
0.699339456	1.591187456	1.575366344	-0.015821111	1.594459477	1.556273212
0.7003928	1.589698756	1.572148487	-0.017550269	1.59124211	1.553054864
0.701446144	1.588210057	1.56895112	-0.019258937	1.588045185	1.549857056
0.702499488	1.586721358	1.565774346	-0.020947011	1.584868796	1.546679897
0.703552832	1.585232658	1.562618276	-0.022614382	1.581713048	1.543523504
0.704606177	1.583743959	1.559483028	-0.02426093	1.578578058	1.540387999
0.705659521	1.582255259	1.55636873	-0.02588653	1.575463946	1.537273513
0.706712865	1.58076656	1.553275512	-0.027491048	1.572370843	1.53418018
0.707766209	1.57927786	1.55020351	-0.029074351	1.569298882	1.531108138
0.708819553	1.577789161	1.547152863	-0.030636298	1.5662482	1.528057525
0.709872897	1.576300462	1.544123711	-0.032176751	1.563218939	1.525028483
0.710926241	1.574811762	1.541116193	-0.033695569	1.560211238	1.522021149
0.711979585	1.573323063	1.53813045	-0.035192613	1.557225238	1.519035662
0.713032929	1.571834363	1.535166617	-0.036667747	1.554261079	1.516072155
0.714086273	1.570345664	1.532224827	-0.038120837	1.551318896	1.513130758
0.715139618	1.568856964	1.529305208	-0.039551756	1.548398821	1.510211596
0.716192962	1.567368265	1.526407883	-0.040960382	1.54550098	1.507314786
0.717246306	1.565879566	1.523532966	-0.0423466	1.542625494	1.504440438
0.71829965	1.564390866	1.520680564	-0.043710302	1.539772473	1.501588655
0.719352994	1.562902167	1.517850774	-0.045051393	1.536942021	1.498759527
0.720406338	1.561413467	1.515043684	-0.046369784	1.534134231	1.495953137
0.721459682	1.559924768	1.512259369	-0.047665399	1.531349183	1.493169554
0.722513026	1.558436069	1.509497892	-0.048938176	1.528586948	1.490408836
0.72356637	1.556947369	1.506759305	-0.050188064	1.525847583	1.487671028
0.724619714	1.55545867	1.504043645	-0.051415025	1.52313113	1.48495616
0.725673059	1.55396997	1.501350933	-0.052619037	1.520437618	1.482264248
0.726726403	1.552481271	1.498681177	-0.053800094	1.517767058	1.479595296
0.727779747	1.550992571	1.496034367	-0.054958204	1.515119448	1.476949286
0.728833091	1.549503872	1.493410478	-0.056093393	1.512494767	1.47432619
0.729886435	1.548015173	1.490809468	-0.057205704	1.509892977	1.47172596
0.730939779	1.546526473	1.488231277	-0.058295196	1.507314022	1.469148531
0.731993123	1.545037774	1.485675826	-0.059361948	1.50475783	1.466593821
0.733046467	1.543549074	1.483143019	-0.060406056	1.502224306	1.464061731
0.734099811	1.542060375	1.480632741	-0.061427633	1.49971334	1.461552143
0.735153155	1.540571675	1.47814486	-0.062426815	1.497224801	1.45906492
0.7362065	1.539082976	1.475679223	-0.063403753	1.494758538	1.456599907
0.737259844	1.537594277	1.473235657	-0.064358619	1.492314381	1.454156933
0.738313188	1.536105577	1.470813974	-0.065291604	1.489892142	1.451735805
0.739366532	1.534616878	1.468413962	-0.066202915	1.487491611	1.449336313
0.740419876	1.533128178	1.466035395	-0.067092783	1.485112561	1.446958229
0.74147322	1.531639479	1.463678025	-0.067961454	1.482754743	1.444601306
0.742526564	1.530150779	1.461341585	-0.068809194	1.480417893	1.442265278
0.743579908	1.52866208	1.459025793	-0.069636287	1.478101724	1.439949863
0.744633252	1.527173381	1.456730347	-0.070443033	1.475805934	1.43765476
0.745686596	1.525684681	1.454454927	-0.071229754	1.473530202	1.435379653
0.746739941	1.524195982	1.452199197	-0.071996785	1.471274188	1.433124206
0.747793285	1.522707282	1.449962804	-0.072744478	1.469037539	1.430888069
0.748846629	1.521218583	1.447745379	-0.073473204	1.466819883	1.428670875
0.749899973	1.519729883	1.445546538	-0.074183346	1.464620832	1.426472244
0.750953317	1.518241184	1.443365881	-0.074875303	1.462439985	1.424291778
0.752006661	1.516752485	1.441202996	-0.075549488	1.460276925	1.422129067
0.753060005	1.515263785	1.439057457	-0.076206328	1.458131225	1.419983688
0.754113349	1.513775086	1.436928824	-0.076846262	1.456002442	1.417855206
0.755166693	1.512286386	1.434816648	-0.077469739	1.453890124	1.415743172
0.756220037	1.510797687	1.432720467	-0.07807722	1.451793805	1.413647128
0.757273382	1.509308987	1.43063981	-0.078669177	1.449713014	1.411566606
0.758326726	1.507820288	1.428574198	-0.07924609	1.447647268	1.409501129
0.75938007	1.506331589	1.426523144	-0.079808445	1.445596076	1.407450211
0.760433414	1.504842889	1.424486152	-0.080356737	1.443558944	1.405413361
0.761486758	1.50335419	1.422462724	-0.080891466	1.441535368	1.403390079
0.762540102	1.50186549	1.420452353	-0.081413138	1.439524843	1.401379862
0.763593446	1.500376791	1.418454531	-0.08192226	1.437526859	1.399382204
0.76464679	1.498888091	1.416468748	-0.082419343	1.435540903	1.397396593
0.765700134	1.497399392	1.414494491	-0.082904901	1.433566463	1.395422518
0.766753478	1.495910693	1.412531247	-0.083379446	1.431603026	1.393459467
0.767806823	1.494421993	1.410578504	-0.08384349	1.429650079	1.391506928
0.768860167	1.492933294	1.408635752	-0.084297542	1.427707113	1.389564391
0.769913511	1.491444594	1.406702485	-0.08474211	1.425773622	1.387631347
0.770966855	1.489955895	1.404778199	-0.085177696	1.423849103	1.385707295
0.772020199	1.488467196	1.402862399	-0.085604797	1.421933061	1.383791736
0.773073543	1.486978496	1.400954593	-0.086023904	1.420025007	1.381884178
0.774126887	1.485489797	1.399054298	-0.086435499	1.418124459	1.379984137
0.775180231	1.484001097	1.39716104	-0.086840057	1.416230944	1.378091136
0.776233575	1.482512398	1.395274356	-0.087238042	1.414344001	1.376204711
0.777286919	1.481023698	1.393393792	-0.087629907	1.412463177	1.374324406
0.778340264	1.479534999	1.391518906	-0.088016093	1.410588034	1.372449777
0.779393608	1.4780463	1.38964927	-0.08839703	1.408718144	1.370580395
0.780446952	1.4765576	1.38778447	-0.08877313	1.406853097	1.368715842
0.781500296	1.475068901	1.385924106	-0.089144794	1.404992494	1.366855718
0.78255364	1.473580201	1.384067796	-0.089512406	1.403135954	1.364999637
0.783606984	1.472091502	1.382215171	-0.08987633	1.401283112	1.36314723
0.784660328	1.470602802	1.380365884	-0.090236918	1.399433622	1.361298147
0.785713672	1.469114103	1.378519604	-0.090594499	1.397587152	1.359452055
0.786767016	1.467625404	1.376676018	-0.090949386	1.395743395	1.357608641
0.78782036	1.466136704	1.374834836	-0.091301869	1.393902058	1.355767613
0.788873705	1.464648005	1.372995785	-0.091652219	1.392062873	1.353928698
0.789927049	1.463159305	1.371158618	-0.092000688	1.39022559	1.352091645
0.790980393	1.461670606	1.369323104	-0.092347502	1.388389981	1.350256227
0.792033737	1.460181906	1.367489038	-0.092692868	1.38655584	1.348422236
0.793087081	1.458693207	1.365656238	-0.093036969	1.384722985	1.346589491
0.794140425	1.457204508	1.363824542	-0.093379965	1.382891255	1.34475783
0.795193769	1.455715808	1.361993815	-0.093721993	1.381060511	1.342927118
0.796247113	1.454227109	1.360163942	-0.094063167	1.37923064	1.341097244
0.797300457	1.452738409	1.358334835	-0.094403574	1.377401552	1.339268119
0.798353801	1.45124971	1.356506429	-0.094743281	1.375573178	1.337439679
0.799407146	1.44976101	1.354678682	-0.095082329	1.373745477	1.335611886
0.80046049	1.448272311	1.352851577	-0.095420734	1.37191843	1.333784725
0.801513834	1.446783612	1.351025123	-0.095758489	1.370092039	1.331958206
0.802567178	1.445294912	1.349199348	-0.096095564	1.368266335	1.330132362
0.803620522	1.443806213	1.34737431	-0.096431903	1.366441368	1.328307252
0.804673866	1.442317513	1.345550085	-0.096767428	1.364617214	1.326482957
0.80572721	1.440828814	1.343726776	-0.097102038	1.362793971	1.324659581
0.806780554	1.439340114	1.341904507	-0.097435608	1.36097176	1.322837254
0.807833898	1.437851415	1.340083425	-0.09776799	1.359150724	1.321016125
0.808887242	1.436362716	1.338263698	-0.098099018	1.357331029	1.319196367
0.809940587	1.434874016	1.336445517	-0.098428499	1.355512861	1.317378174
0.810993931	1.433385317	1.334629093	-0.098756223	1.353696427	1.31556176
0.812047275	1.431896617	1.332814657	-0.09908196	1.351881954	1.31374736
0.813100619	1.430407918	1.331002458	-0.09940546	1.35006969	1.311935226
0.814153963	1.428919218	1.329192766	-0.099726453	1.348259899	1.310125632
0.815207307	1.427430519	1.327385866	-0.100044653	1.346452866	1.308318867
0.816260651	1.42594182	1.325582062	-0.100359757	1.344648889	1.306515236
0.817313995	1.42445312	1.323781673	-0.100671447	1.342848285	1.304715061
0.818367339	1.422964421	1.321985031	-0.100979389	1.341051386	1.302918677
0.819420683	1.421475721	1.320192485	-0.101283236	1.339258536	1.301126434
0.820474028	1.419987022	1.318404393	-0.101582629	1.337470093	1.299338693
0.821527372	1.418498323	1.316621127	-0.101877195	1.335686428	1.297555826
0.822580716	1.417009623	1.314843069	-0.102166554	1.333907921	1.295778216
0.82363406	1.415520924	1.313070607	-0.102450316	1.332134962	1.294006253
0.824687404	1.414032224	1.311304142	-0.102728083	1.330367949	1.292240334
0.825740748	1.412543525	1.309544076	-0.102999449	1.328607287	1.290480864
0.826794092	1.411054825	1.307790819	-0.103264006	1.326853387	1.288728251
0.827847436	1.409566126	1.306044785	-0.103521341	1.325106663	1.286982907
0.82890078	1.408077427	1.304306389	-0.103771037	1.323367533	1.285245246
0.829954124	1.406588727	1.302576048	-0.104012679	1.321636416	1.28351568
0.831007469	1.405100028	1.300854178	-0.10424585	1.319913731	1.281794625
0.832060813	1.403611328	1.299141193	-0.104470135	1.318199896	1.28008249
0.833114157	1.402122629	1.297437505	-0.104685124	1.316495326	1.278379683
0.834167501	1.400633929	1.295743518	-0.104890411	1.314800431	1.276686606
0.835220845	1.39914523	1.294059635	-0.105085595	1.313115615	1.275003655
0.836274189	1.397656531	1.292386247	-0.105270284	1.311441276	1.273331217
0.837327533	1.396167831	1.290723737	-0.105444094	1.309777803	1.271669671
0.838380877	1.394679132	1.289072479	-0.105606653	1.308125574	1.270019384
0.839434221	1.393190432	1.287432834	-0.105757598	1.306484956	1.268380712
0.840487565	1.391701733	1.28580515	-0.105896583	1.304856301	1.266753998
0.84154091	1.390213033	1.28418976	-0.106023274	1.30323995	1.26513957
0.842594254	1.388724334	1.282586982	-0.106137352	1.301636225	1.263537738
0.843647598	1.387235635	1.280997115	-0.10623852	1.300045432	1.261948798
0.844700942	1.385746935	1.279420442	-0.106326493	1.298467857	1.260373026
0.845754286	1.384258236	1.277857224	-0.106401012	1.296903769	1.258810679
0.84680763	1.382769536	1.276307701	-0.106461835	1.295353411	1.257261991
0.847860974	1.381280837	1.274772093	-0.106508744	1.293817008	1.255727177
0.848914318	1.379792137	1.273250594	-0.106541544	1.292294759	1.254206428
0.849967662	1.378303438	1.271743374	-0.106560064	1.290786838	1.252699911
0.851021006	1.376814739	1.27025058	-0.106564158	1.289293393	1.251207767
0.852074351	1.375326039	1.26877233	-0.106553709	1.287814547	1.249730113
0.853127695	1.37383734	1.267308715	-0.106528625	1.286350391	1.248267038
0.854181039	1.37234864	1.265859798	-0.106488842	1.284900991	1.246818605
0.855234383	1.370859941	1.264425613	-0.106434328	1.28346638	1.245384846
0.856287727	1.369371241	1.263006165	-0.106365076	1.282046564	1.243965766
0.857341071	1.367882542	1.261601427	-0.106281115	1.280641514	1.242561341
0.858394415	1.366393843	1.260211342	-0.1061825	1.27925117	1.241171515
0.859447759	1.364905143	1.258835822	-0.106069322	1.277875442	1.239796201
0.860501103	1.363416444	1.257474744	-0.1059417	1.276514203	1.238435284
0.861554447	1.361927744	1.256127955	-0.105799789	1.275167296	1.237088614
0.862607792	1.360439045	1.254795269	-0.105643776	1.273834528	1.235756011
0.863661136	1.358950345	1.253476468	-0.105473878	1.272515673	1.234437262
0.86471448	1.357461646	1.252171297	-0.105290349	1.27121047	1.233132124
0.865767824	1.355972947	1.250879471	-0.105093475	1.269918624	1.231840318
0.866821168	1.354484247	1.249600672	-0.104883576	1.268639807	1.230561536
0.867874512	1.352995548	1.248334546	-0.104661002	1.267373656	1.229295436
0.868927856	1.351506848	1.247080709	-0.10442614	1.266119773	1.228041644
0.8699812	1.350018149	1.245838741	-0.104179408	1.264877728	1.226799754
0.871034544	1.34852945	1.244608193	-0.103921256	1.263647057	1.225569329
0.872087888	1.34704075	1.243388582	-0.103652168	1.262427264	1.224349901
0.873141233	1.345552051	1.242179393	-0.103372657	1.261217818	1.223140969
0.874194577	1.344063351	1.240980081	-0.10308327	1.260018159	1.221942003
0.875247921	1.342574652	1.23979007	-0.102784582	1.258827697	1.220752443
0.876301265	1.341085952	1.238608754	-0.102477199	1.257645808	1.2195717
0.877354609	1.339597253	1.237435499	-0.102161754	1.256471842	1.218399156
0.878407953	1.338108554	1.236269643	-0.101838911	1.255305121	1.217234165
0.879461297	1.336619854	1.235110496	-0.101509358	1.254144937	1.216076055
0.880514641	1.335131155	1.233957343	-0.101173812	1.252990558	1.214924127
0.881567985	1.333642455	1.232809443	-0.100833013	1.251841227	1.213777659
0.882621329	1.332153756	1.231666032	-0.100487724	1.250696163	1.212635901
0.883674674	1.330665056	1.230526323	-0.100138733	1.249554562	1.211498084
0.884728018	1.329176357	1.229389509	-0.099786848	1.248415602	1.210363417
0.885781362	1.327687658	1.228254761	-0.099432896	1.247278437	1.209231086
0.886834706	1.326198958	1.227121234	-0.099077724	1.246142207	1.20810026
0.88788805	1.324710259	1.225988063	-0.098722196	1.245006035	1.20697009
0.888941394	1.323221559	1.22485437	-0.098367189	1.243869028	1.205839711
0.889994738	1.32173286	1.223719262	-0.098013598	1.242730282	1.204708242
0.891048082	1.32024416	1.222581834	-0.097662326	1.241588879	1.203574789
0.892101426	1.318755461	1.221441171	-0.09731429	1.240443894	1.202438448
0.89315477	1.317266762	1.220296347	-0.096970414	1.239294393	1.201298301
0.894208115	1.315778062	1.219146432	-0.09663163	1.238139437	1.200153426
0.895261459	1.314289363	1.217990488	-0.096298875	1.236978083	1.199002892
0.896314803	1.312800663	1.216827574	-0.09597309	1.235809385	1.197845762
0.897368147	1.311311964	1.215656748	-0.095655216	1.234632398	1.196681097
0.898421491	1.309823264	1.214477067	-0.095346197	1.233446177	1.195507957
0.899474835	1.308334565	1.213287592	-0.095046973	1.232249782	1.194325401
0.900528179	1.306845866	1.212087385	-0.094758481	1.231042279	1.193132491
0.901581523	1.305357166	1.210875516	-0.09448165	1.229822739	1.191928293
0.902634867	1.303868467	1.209651061	-0.094217406	1.228590245	1.190711878
0.903688211	1.302379767	1.208413107	-0.09396666	1.227343889	1.189482326
0.904741556	1.300891068	1.207160752	-0.093730316	1.226082779	1.188238726
0.9057949	1.299402368	1.205893107	-0.093509262	1.224806034	1.186980179
0.906848244	1.297913669	1.204609297	-0.093304372	1.223512795	1.185705799
0.907901588	1.29642497	1.203308465	-0.093116504	1.222202216	1.184414715
0.908954932	1.29493627	1.201989775	-0.092946495	1.220873475	1.183106075
0.910008276	1.293447571	1.200652408	-0.092795163	1.219525772	1.181779043
0.91106162	1.291958871	1.199295569	-0.092663303	1.21815833	1.180432807
0.912114964	1.290470172	1.197918487	-0.092551685	1.216770397	1.179066577
0.913168308	1.288981472	1.196520417	-0.092461055	1.215361249	1.177679585
0.914221652	1.287492773	1.195100642	-0.092392131	1.213930192	1.176271092
0.915274997	1.286004074	1.193658473	-0.092345601	1.212476559	1.174840387
0.916328341	1.284515374	1.192193252	-0.092322122	1.210999717	1.173386787
0.917381685	1.283026675	1.190704354	-0.092322321	1.209499066	1.171909642
0.918435029	1.281537975	1.189191187	-0.092346789	1.20797404	1.170408333
0.919488373	1.280049276	1.187653193	-0.092396083	1.206424108	1.168882277
0.920541717	1.278560577	1.186089851	-0.092470725	1.204848777	1.167330926
0.921595061	1.277071877	1.18450068	-0.092571197	1.203247591	1.165753769
0.922648405	1.275583178	1.182885234	-0.092697943	1.201620133	1.164150335
0.923701749	1.274094478	1.18124311	-0.092851369	1.199966027	1.162520192
0.924755093	1.272605779	1.179573943	-0.093031836	1.198284936	1.160862949
0.925808438	1.271117079	1.177877412	-0.093239667	1.196576567	1.159178256
0.926861782	1.26962838	1.176153239	-0.093475141	1.194840668	1.15746581
0.927915126	1.268139681	1.174401188	-0.093738492	1.19307703	1.155725347
0.92896847	1.266650981	1.172621069	-0.094029912	1.191285487	1.153956651
0.930021814	1.265162282	1.170812736	-0.094349546	1.189465919	1.152159553
0.931075158	1.263673582	1.168976088	-0.094697494	1.187618249	1.150333928
0.932128502	1.262184883	1.167111072	-0.095073811	1.185742446	1.148479698
0.933181846	1.260696183	1.165217678	-0.095478505	1.183838523	1.146596834
0.93423519	1.259207484	1.163295946	-0.095911538	1.181906537	1.144685355
0.935288534	1.257718785	1.161345961	-0.096372824	1.179946594	1.142745327
0.936341879	1.256230085	1.159367853	-0.096862232	1.177958842	1.140776865
0.937395223	1.254741386	1.157361803	-0.097379582	1.175943475	1.138780132
0.938448567	1.253252686	1.155328036	-0.09792465	1.173900733	1.13675534
0.939501911	1.251763987	1.153266823	-0.098497164	1.171830899	1.134702748
0.940555255	1.250275287	1.151178483	-0.099096805	1.169734301	1.132622665
0.941608599	1.248786588	1.149063379	-0.099723209	1.167611312	1.130515446
0.942661943	1.247297889	1.14692192	-0.100375968	1.165462347	1.128381493
0.943715287	1.245809189	1.144754561	-0.101054628	1.163287865	1.126221257
0.944768631	1.24432049	1.142561799	-0.101758691	1.161088366	1.124035232
0.945821975	1.24283179	1.140344175	-0.102487615	1.158864391	1.121823959
0.94687532	1.241343091	1.138102273	-0.103240817	1.156616524	1.119588023
0.947928664	1.239854391	1.135836719	-0.104017673	1.154345386	1.117328051
0.948982008	1.238365692	1.133548176	-0.104817516	1.152051639	1.115044713
0.950035352	1.236876993	1.131237351	-0.105639641	1.149735981	1.112738721
0.951088696	1.235388293	1.128904987	-0.106483306	1.147399147	1.110410827
0.95214204	1.233899594	1.126551863	-0.107347731	1.145041908	1.108061818
0.953195384	1.232410894	1.124178796	-0.108232099	1.142665069	1.105692523
0.954248728	1.230922195	1.121786634	-0.109135561	1.140269467	1.103303802
0.955302072	1.229433495	1.119376261	-0.110057234	1.137855971	1.100896551
0.956355416	1.227944796	1.116948591	-0.110996205	1.135425482	1.098471699
0.957408761	1.226456097	1.114504565	-0.111951531	1.132978926	1.096030204
0.958462105	1.224967397	1.112045157	-0.112922241	1.13051726	1.093573053
0.959515449	1.223478698	1.109571362	-0.113907336	1.128041464	1.09110126
0.960568793	1.221989998	1.107084202	-0.114905796	1.125552542	1.088615863
0.961622137	1.220501299	1.104584723	-0.115916576	1.123051522	1.086117924
0.962675481	1.2190126	1.102073987	-0.116938612	1.12053945	1.083608525
0.963728825	1.2175239	1.09955308	-0.11797082	1.118017393	1.081088767
0.964782169	1.216035201	1.097023101	-0.119012099	1.115486435	1.078559768
0.965835513	1.214546501	1.094485167	-0.120061334	1.112947673	1.076022661
0.966888857	1.213057802	1.091940404	-0.121117397	1.110402219	1.07347859
0.967942202	1.211569102	1.089389953	-0.12217915	1.107851196	1.070928709
0.968995546	1.210080403	1.08683496	-0.123245443	1.105295737	1.068374183
0.97004889	1.208591704	1.084276581	-0.124315123	1.102736982	1.065816179
0.971102234	1.207103004	1.081715974	-0.12538703	1.100176077	1.06325587
0.972155578	1.205614305	1.0791543	-0.126460004	1.097614171	1.06069443
0.973208922	1.204125605	1.076592723	-0.127532882	1.095052414	1.058133032
0.974262266	1.202636906	1.074032402	-0.128604503	1.092491959	1.055572846
0.97531561	1.201148206	1.071474495	-0.129673712	1.089933952	1.053015037
0.976368954	1.199659507	1.068920151	-0.130739356	1.087379539	1.050460764
0.977422298	1.198170808	1.066370515	-0.131800292	1.084829857	1.047911174
0.978475643	1.196682108	1.06382672	-0.132855388	1.082286035	1.045367405
0.979528987	1.195193409	1.061289888	-0.133903521	1.079749194	1.042830581
0.980582331	1.193704709	1.058761125	-0.134943584	1.07722044	1.040301811
0.981635675	1.19221601	1.056241525	-0.135974485	1.074700866	1.037782184
0.982689019	1.19072731	1.053732162	-0.136995148	1.072191549	1.035272775
0.983742363	1.189238611	1.051234091	-0.13800452	1.069693549	1.032774633
0.984795707	1.187749912	1.048748346	-0.139001566	1.067207905	1.030288786
0.985849051	1.186261212	1.046275937	-0.139985275	1.064735635	1.027816239
0.986902395	1.184772513	1.043817851	-0.140954662	1.062277733	1.025357969
0.987955739	1.183283813	1.041375047	-0.141908766	1.05983517	1.022914925
0.989009084	1.181795114	1.038948458	-0.142846656	1.057408889	1.020488027
0.990062428	1.180306414	1.036538985	-0.14376743	1.054999803	1.018078166
0.991115772	1.178817715	1.034147499	-0.144670216	1.052608798	1.0156862
0.992169116	1.177329016	1.03177484	-0.145554176	1.050236727	1.013312952
0.99322246	1.175840316	1.029421812	-0.146418504	1.047884412	1.010959213
0.994275804	1.174351617	1.027089187	-0.14726243	1.045552637	1.008625737
0.995329148	1.172862917	1.024777698	-0.148085219	1.043242155	1.006313241
0.996382492	1.171374218	1.022488042	-0.148886176	1.040953679	1.004022406
0.997435836	1.169885518	1.020220879	-0.149664639	1.038687886	1.001753872
0.99848918	1.168396819	1.017976828	-0.150419991	1.036445413	0.999508244
0.999542525	1.16690812	1.01575647	-0.15115165	1.034226858	0.997286082
1.000595869	1.16541942	1.013560342	-0.151859078	1.032032776	0.995087909
1.001649213	1.163930721	1.011388944	-0.152541776	1.029863684	0.992914205
1.002702557	1.162442021	1.009242731	-0.15319929	1.027720052	0.99076541
1.003755901	1.160953322	1.007122117	-0.153831205	1.025602311	0.988641922
1.004809245	1.159464622	1.005027472	-0.154437151	1.023510847	0.986544097
1.005862589	1.157975923	1.002959124	-0.155016799	1.021446001	0.984472246
1.006915933	1.156487224	1.000917356	-0.155569867	1.01940807	0.982426642
1.007969277	1.154998524	0.998902411	-0.156096113	1.017397308	0.980407514
1.009022621	1.153509825	0.996914484	-0.156595341	1.015413921	0.978415047
1.010075966	1.152021125	0.99495373	-0.157067395	1.013458073	0.976449387
1.01112931	1.150532426	0.993020259	-0.157512167	1.011529882	0.974510635
1.012182654	1.149043727	0.991114138	-0.157929589	1.009629422	0.972598854
1.013235998	1.147555027	0.989235392	-0.158319635	1.00775672	0.970714063
1.014289342	1.146066328	0.987384002	-0.158682325	1.005911763	0.968856242
1.015342686	1.144577628	0.98555991	-0.159017718	1.00409449	0.96702533
1.01639603	1.143088929	0.983763014	-0.159325915	1.002304801	0.965221226
1.017449374	1.141600229	0.981993171	-0.159607058	1.000542549	0.963443793
1.018502718	1.14011153	0.980250201	-0.159861328	0.99880755	0.961692853
1.019556062	1.138622831	0.978533883	-0.160088947	0.997099574	0.959968192
1.020609407	1.137134131	0.976843957	-0.160290174	0.995418355	0.958269559
1.021662751	1.135645432	0.975180127	-0.160465304	0.993763586	0.956596669
1.022716095	1.134156732	0.973542061	-0.160614671	0.992134921	0.954949201
1.023769439	1.132668033	0.97192939	-0.160738643	0.990531979	0.953326801
1.024822783	1.131179333	0.970341712	-0.160837622	0.988954341	0.951729082
1.025876127	1.129690634	0.968778593	-0.160912041	0.987401557	0.950155628
1.026929471	1.128201935	0.967239566	-0.160962369	0.985873141	0.948605991
1.027982815	1.126713235	0.965724135	-0.1609891	0.984368575	0.947079695
1.029036159	1.125224536	0.964231775	-0.160992761	0.982887314	0.945576236
1.030089503	1.123735836	0.962761932	-0.160973904	0.98142878	0.944095084
1.031142848	1.122247137	0.961314028	-0.160933108	0.979992373	0.942635684
1.032196192	1.120758437	0.959887461	-0.160870977	0.978577463	0.941197458
1.033249536	1.119269738	0.958481603	-0.160788135	0.977183399	0.939779807
1.03430288	1.117781039	0.957095807	-0.160685231	0.975809507	0.938382108
1.035356224	1.116292339	0.955729408	-0.160562932	0.974455093	0.937003722
1.036409568	1.11480364	0.954381718	-0.160421922	0.973119445	0.935643991
1.037462912	1.11331494	0.953052038	-0.160262903	0.971801834	0.934302242
1.038516256	1.111826241	0.95173965	-0.160086591	0.970501516	0.932977785
1.0395696	1.110337541	0.950443826	-0.159893715	0.969217733	0.931669919
1.040622944	1.108848842	0.949163825	-0.159685017	0.967949719	0.93037793
1.041676289	1.107360143	0.947898896	-0.159461246	0.966696696	0.929101096
1.042729633	1.105871443	0.946648283	-0.159223161	0.96545788	0.927838685
1.043782977	1.104382744	0.945411219	-0.158971525	0.964232479	0.926589959
1.044836321	1.102894044	0.944186937	-0.158707108	0.963019701	0.925354173
1.045889665	1.101405345	0.942974664	-0.158430681	0.961818748	0.924130579
1.046943009	1.099916645	0.941773628	-0.158143018	0.960628826	0.922918429
1.047996353	1.098427946	0.940583056	-0.157844891	0.959449139	0.921716972
1.049049697	1.096939247	0.939402177	-0.157537069	0.958278897	0.920525457
1.050103041	1.095450547	0.938230226	-0.157220321	0.957117313	0.919343139
1.051156385	1.093961848	0.93706644	-0.156895407	0.955963608	0.918169273
1.05220973	1.092473148	0.935910066	-0.156563082	0.95481701	0.917003122
1.053263074	1.090984449	0.934760357	-0.156224091	0.953676759	0.915843956
1.054316418	1.089495749	0.933616578	-0.155879172	0.952542105	0.91469105
1.055369762	1.08800705	0.932478002	-0.155529048	0.951412311	0.913543692
1.056423106	1.086518351	0.931343917	-0.155174433	0.950286655	0.912401179
1.05747645	1.085029651	0.930213627	-0.154816025	0.94916443	0.911262823
1.058529794	1.083540952	0.929086446	-0.154454505	0.948044946	0.910127946
1.059583138	1.082052252	0.92796171	-0.154090542	0.946927532	0.908995888
1.060636482	1.080563553	0.92683877	-0.153724783	0.945811537	0.907866003
1.061689826	1.079074854	0.925716995	-0.153357858	0.944696328	0.906737663
1.062743171	1.077586154	0.924595777	-0.152990377	0.943581296	0.905610258
1.063796515	1.076097455	0.923474526	-0.152622929	0.942465853	0.904483198
1.064849859	1.074608755	0.922352675	-0.15225608	0.941349438	0.903355913
1.065903203	1.073120056	0.921229682	-0.151890374	0.940231509	0.902227855
1.066956547	1.071631356	0.920105025	-0.151526332	0.939111554	0.901098496
1.068009891	1.070142657	0.918978209	-0.151164448	0.937989083	0.899967335
1.069063235	1.068653958	0.917848763	-0.150805195	0.936863635	0.89883389
1.070116579	1.067165258	0.916716242	-0.150449016	0.935734775	0.897697709
1.071169923	1.065676559	0.915580228	-0.150096331	0.934602096	0.896558359
1.072223267	1.064187859	0.914440328	-0.149747531	0.933465218	0.895415439
1.073276612	1.06269916	0.913296179	-0.14940298	0.932323789	0.89426857
1.074329956	1.06121046	0.912147444	-0.149063016	0.931177487	0.893117401
1.0753833	1.059721761	0.910993813	-0.148727948	0.930026016	0.891961609
1.076436644	1.058233062	0.909835005	-0.148398057	0.928869112	0.890800898
1.077489988	1.056744362	0.908670768	-0.148073594	0.927706537	0.889634998
1.078543332	1.055255663	0.907500876	-0.147754786	0.926538083	0.88846367
1.079596676	1.053766963	0.906325135	-0.147441828	0.925363569	0.887286701
1.08065002	1.052278264	0.905143375	-0.147134889	0.924182845	0.886103906
1.081703364	1.050789564	0.903955457	-0.146834107	0.922995786	0.884915128
1.082756708	1.049300865	0.902761269	-0.146539596	0.921802299	0.88372024
1.083810053	1.047812166	0.901560727	-0.146251439	0.920602314	0.88251914
1.084863397	1.046323466	0.900353773	-0.145969693	0.919395792	0.881311754
1.085916741	1.044834767	0.899140378	-0.145694389	0.918182717	0.880098038
1.086970085	1.043346067	0.897920537	-0.14542553	0.916963102	0.878877972
1.088023429	1.041857368	0.896694274	-0.145163093	0.915736985	0.877651564
1.089076773	1.040368668	0.895461637	-0.144907032	0.914504428	0.876418846
1.090130117	1.038879969	0.894222697	-0.144657272	0.913265517	0.875179877
1.091183461	1.03739127	0.892977552	-0.144413717	0.912020362	0.873934742
1.092236805	1.03590257	0.891726323	-0.144176247	0.910769098	0.872683549
1.093290149	1.034413871	0.890469152	-0.143944718	0.909511877	0.871426428
1.094343494	1.032925171	0.889206205	-0.143718966	0.908248876	0.870163534
1.095396838	1.031436472	0.887937668	-0.143498804	0.906980292	0.868895044
1.096450182	1.029947772	0.886663747	-0.143284026	0.90570634	0.867621154
1.097503526	1.028459073	0.885384667	-0.143074406	0.904427253	0.866342081
1.09855687	1.026970374	0.884100673	-0.1428697	0.903143283	0.865058064
1.099610214	1.025481674	0.882812027	-0.142669647	0.901854697	0.863769356
1.100663558	1.023992975	0.881519005	-0.14247397	0.900561779	0.862476231
1.101716902	1.022504275	0.880221901	-0.142282374	0.899264827	0.861178976
1.102770246	1.021015576	0.878921022	-0.142094553	0.89796415	0.859877895
1.10382359	1.019526876	0.877616689	-0.141910187	0.896660073	0.858573305
1.104876935	1.018038177	0.876309235	-0.141728942	0.89535293	0.857265539
1.105930279	1.016549478	0.874999002	-0.141550476	0.894043066	0.855954937
1.106983623	1.015060778	0.873686344	-0.141374434	0.892730835	0.854641854
1.108036967	1.013572079	0.872371624	-0.141200455	0.891416597	0.853326651
1.109090311	1.012083379	0.871055212	-0.141028168	0.890100723	0.8520097
1.110143655	1.01059468	0.869737483	-0.140857197	0.888783586	0.850691379
1.111196999	1.009105981	0.868418819	-0.140687161	0.887465567	0.849372072
1.112250343	1.007617281	0.867099607	-0.140517674	0.886147048	0.848052167
1.113303687	1.006128582	0.865780236	-0.140348345	0.884828416	0.846732057
1.114357031	1.004639882	0.864461097	-0.140178786	0.883510057	0.845412136
1.115410376	1.003151183	0.863142581	-0.140008602	0.88219236	0.844092802
1.11646372	1.001662483	0.861825081	-0.139837402	0.880875712	0.84277445
1.117517064	1.000173784	0.860508988	-0.139664796	0.879560499	0.841457476
1.118570408	0.998685085	0.859194689	-0.139490395	0.878247106	0.840142272
1.119623752	0.997196385	0.857882571	-0.139313814	0.876935912	0.838829229
1.120677096	0.995707686	0.856573013	-0.139134672	0.875627294	0.837518733
1.12173044	0.994218986	0.855266393	-0.138952594	0.874321621	0.836211164
1.122783784	0.992730287	0.853963078	-0.138767209	0.873019259	0.834906897
1.123837128	0.991241587	0.852663433	-0.138578155	0.871720565	0.8336063
1.124890472	0.989752888	0.85136781	-0.138385078	0.87042589	0.83230973
1.125943817	0.988264189	0.850076556	-0.138187633	0.869135572	0.83101754
1.126997161	0.986775489	0.848790007	-0.137985482	0.867849946	0.829730068
1.128050505	0.98528679	0.847508488	-0.137778302	0.866569331	0.828447645
1.129103849	0.98379809	0.846232314	-0.137565776	0.865294039	0.827170589
1.130157193	0.982309391	0.844961788	-0.137347603	0.864024369	0.825899207
1.131210537	0.980820691	0.843697199	-0.137123492	0.862760608	0.824633791
1.132263881	0.979331992	0.842438826	-0.136893166	0.861503029	0.823374623
1.133317225	0.977843293	0.841186931	-0.136656361	0.860251895	0.822121968
1.134370569	0.976354593	0.839941765	-0.136412828	0.859007451	0.820876078
1.135423913	0.974865894	0.838703561	-0.136162332	0.857769932	0.819637191
1.136477258	0.973377194	0.837472541	-0.135904654	0.856539556	0.818405526
1.137530602	0.971888495	0.836248907	-0.135639587	0.855316525	0.81718129
1.138583946	0.970399795	0.83503285	-0.135366945	0.854101028	0.815964672
1.13963729	0.968911096	0.833824542	-0.135086554	0.852893237	0.814755846
1.140690634	0.967422397	0.832624139	-0.134798258	0.851693309	0.813554968
1.141743978	0.965933697	0.831431781	-0.134501917	0.850501383	0.812362178
1.142797322	0.964444998	0.830247591	-0.134197407	0.849317584	0.811177598
1.143850666	0.962956298	0.829071677	-0.133884621	0.84814202	0.810001335
1.14490401	0.961467599	0.827904129	-0.13356347	0.84697478	0.808833477
1.145957354	0.959978899	0.826745019	-0.133233881	0.845815941	0.807674096
1.147010699	0.9584902	0.825594404	-0.132895796	0.84466556	0.806523247
1.148064043	0.957001501	0.824452324	-0.132549176	0.843523679	0.805380969
1.149117387	0.955512801	0.823318803	-0.132193998	0.842390323	0.804247283
1.150170731	0.954024102	0.822193848	-0.131830254	0.841265502	0.803122194
1.151224075	0.952535402	0.82107745	-0.131457953	0.840149209	0.80200569
1.152277419	0.951046703	0.819969583	-0.13107712	0.839041421	0.800897745
1.153330763	0.949558003	0.818870208	-0.130687795	0.837942101	0.799798316
1.154384107	0.948069304	0.81777927	-0.130290035	0.836851195	0.798707344
1.155437451	0.946580605	0.816696696	-0.129883909	0.835768635	0.797624757
1.156490795	0.945091905	0.815622403	-0.129469502	0.834694339	0.796550466
1.15754414	0.943603206	0.814556291	-0.129046915	0.833628211	0.795484372
1.158597484	0.942114506	0.813498248	-0.128616258	0.832570139	0.794426357
1.159650828	0.940625807	0.812448148	-0.128177659	0.83152	0.793376295
1.160704172	0.939137108	0.811405852	-0.127731255	0.830477659	0.792334045
1.161757516	0.937648408	0.810371211	-0.127277197	0.829442967	0.791299455
1.16281086	0.936159709	0.809344062	-0.126815647	0.828415764	0.79027236
1.163864204	0.934671009	0.808324233	-0.126346777	0.82739588	0.789252586
1.164917548	0.93318231	0.80731154	-0.12587077	0.826383132	0.788239948
1.165970892	0.93169361	0.806305791	-0.125387819	0.825377331	0.787234252
1.167024236	0.930204911	0.805306786	-0.124898125	0.824378276	0.786235295
1.168077581	0.928716212	0.804314312	-0.124401899	0.823385758	0.785242866
1.169130925	0.927227512	0.803328154	-0.123899358	0.822399561	0.784256747
1.170184269	0.925738813	0.802348087	-0.123390726	0.821419461	0.783276712
1.171237613	0.924250113	0.801373879	-0.122876234	0.820445229	0.782302529
1.172290957	0.922761414	0.800405295	-0.122356119	0.819476628	0.781333962
1.173344301	0.921272714	0.799442093	-0.121830622	0.818513417	0.780370769
1.174397645	0.919784015	0.798484028	-0.121299987	0.817555352	0.779412704
1.175450989	0.918295316	0.797530852	-0.120764464	0.816602184	0.778459519
1.176504333	0.916806616	0.796582312	-0.120224304	0.815653661	0.777510963
1.177557677	0.915317917	0.795638155	-0.119679761	0.814709529	0.776566782
1.178611022	0.913829217	0.794698127	-0.11913109	0.813769534	0.775626721
1.179664366	0.912340518	0.793761972	-0.118578546	0.812833419	0.774690525
1.18071771	0.910851818	0.792829434	-0.118022384	0.811900928	0.773757941
1.181771054	0.909363119	0.791900259	-0.11746286	0.810971806	0.772828712
1.182824398	0.90787442	0.790974194	-0.116900226	0.810045799	0.771902588
1.183877742	0.90638572	0.790050986	-0.116334734	0.809122655	0.770979317
1.184931086	0.904897021	0.789130388	-0.115766632	0.808202125	0.770058652
1.18598443	0.903408321	0.788212155	-0.115196167	0.807283961	0.769140348
1.187037774	0.901919622	0.787296044	-0.114623578	0.806367922	0.768224165
1.188091118	0.900430922	0.786381818	-0.114049104	0.80545377	0.767309866
1.189144463	0.898942223	0.785469246	-0.113472977	0.804541272	0.766397221
1.190197807	0.897453524	0.784558102	-0.112895422	0.8036302	0.765486004
1.191251151	0.895964824	0.783648164	-0.11231666	0.802720333	0.764575994
1.192304495	0.894476125	0.782739219	-0.111736906	0.801811457	0.763666981
1.193357839	0.892987425	0.78183106	-0.111156365	0.800903364	0.762758756
1.194411183	0.891498726	0.780923489	-0.110575237	0.799995854	0.761851123
1.195464527	0.890010026	0.780016312	-0.109993714	0.799088735	0.760943889
1.196517871	0.888521327	0.779109347	-0.10941198	0.798181822	0.760036873
1.197571215	0.887032628	0.77820242	-0.108830207	0.79727494	0.7591299
1.198624559	0.885543928	0.777295365	-0.108248564	0.796367924	0.758222805
1.199677904	0.884055229	0.776388024	-0.107667205	0.795460616	0.757315432
1.200731248	0.882566529	0.775480252	-0.107086278	0.79455287	0.756407634
1.201784592	0.88107783	0.77457191	-0.10650592	0.793644546	0.755499273
1.202837936	0.87958913	0.773662872	-0.105926259	0.792735519	0.754590224
1.20389128	0.878100431	0.772753019	-0.105347412	0.79182567	0.753680369
1.204944624	0.876611732	0.771842246	-0.104769486	0.790914892	0.7527696
1.205997968	0.875123032	0.770930455	-0.104192577	0.79000309	0.75185782
1.207051312	0.873634333	0.77001756	-0.103616772	0.789090176	0.750944945
1.208104656	0.872145633	0.769103486	-0.103042147	0.788176076	0.750030897
1.209158	0.870656934	0.768188167	-0.102468767	0.787260724	0.749115611
1.210211345	0.869168235	0.767271549	-0.101896686	0.786344066	0.748199032
1.211264689	0.867679535	0.766353587	-0.101325948	0.785426058	0.747281116
1.212318033	0.866190836	0.765434248	-0.100756588	0.784506668	0.746361828
1.213371377	0.864702136	0.764513508	-0.100188628	0.783585872	0.745441144
1.214424721	0.863213437	0.763591355	-0.099622082	0.782663657	0.744519052
1.215478065	0.861724737	0.762667784	-0.099056953	0.781740022	0.743595547
1.216531409	0.860236038	0.761742804	-0.098493234	0.780814973	0.742670636
1.217584753	0.858747339	0.760816431	-0.097930908	0.779888527	0.741744334
1.218638097	0.857258639	0.75988869	-0.097369949	0.778960712	0.740816667
1.219691441	0.85576994	0.758959617	-0.096810323	0.778031564	0.739887671
1.220744786	0.85428124	0.758029257	-0.096251983	0.777101126	0.738957388
1.22179813	0.852792541	0.757097662	-0.095694879	0.776169454	0.738025871
1.222851474	0.851303841	0.756164895	-0.095138947	0.775236608	0.737093181
1.223904818	0.849815142	0.755231024	-0.094584118	0.77430266	0.736159388
1.224958162	0.848326443	0.754296128	-0.094030315	0.773367687	0.735224568
1.226011506	0.846837743	0.75336029	-0.093477453	0.772431775	0.734288806
1.22706485	0.845349044	0.752423604	-0.09292544	0.771495015	0.733352193
1.228118194	0.843860344	0.751486167	-0.092374178	0.770557507	0.732414827
1.229171538	0.842371645	0.750548084	-0.091823561	0.769619356	0.731476812
1.230224882	0.840882945	0.749609466	-0.09127348	0.768680672	0.730538259
1.231278227	0.839394246	0.748670429	-0.090723817	0.767741573	0.729599285
1.232331571	0.837905547	0.747731094	-0.090174452	0.76680218	0.728660008
1.233384915	0.836416847	0.746791587	-0.08962526	0.765862618	0.727720556
1.234438259	0.834928148	0.745852038	-0.08907611	0.764923018	0.726781058
1.235491603	0.833439448	0.744912579	-0.088526869	0.763983512	0.725841647
1.236544947	0.831950749	0.743973349	-0.0879774	0.763044239	0.72490246
1.237598291	0.830462049	0.743034487	-0.087427563	0.762105337	0.723963636
1.238651635	0.82897335	0.742096133	-0.086877217	0.761166949	0.723025318
1.239704979	0.827484651	0.741158434	-0.086326217	0.760229218	0.722087649
1.240758323	0.825995951	0.740221532	-0.085774419	0.75929229	0.721150775
1.241811668	0.824507252	0.739285576	-0.085221676	0.75835631	0.720214842
1.242865012	0.823018552	0.738350712	-0.084667841	0.757421426	0.719279997
1.243918356	0.821529853	0.737417086	-0.084112767	0.756487784	0.718346388
1.2449717	0.820041153	0.736484846	-0.083556307	0.755555531	0.717414161
1.246025044	0.818552454	0.735554138	-0.082998317	0.754624813	0.716483462
1.247078388	0.817063755	0.734625105	-0.082438649	0.753695773	0.715554437
1.248131732	0.815575055	0.733697893	-0.081877162	0.752768556	0.714627229
1.249185076	0.814086356	0.732772641	-0.081313715	0.751843302	0.71370198
1.25023842	0.812597656	0.73184949	-0.080748167	0.75092015	0.712778829
1.251291764	0.811108957	0.730928574	-0.080180383	0.749999237	0.711857912
1.252345109	0.809620257	0.730010029	-0.079610229	0.749080694	0.710939363
1.253398453	0.808131558	0.729093983	-0.079037575	0.748164653	0.710023313
1.254451797	0.806642859	0.728180562	-0.078462296	0.747251238	0.709109887
1.255505141	0.805154159	0.72726989	-0.077884269	0.746340571	0.708199208
1.256558485	0.80366546	0.726362083	-0.077303377	0.745432771	0.707291395
1.257611829	0.80217676	0.725457255	-0.076719505	0.74452795	0.70638656
1.258665173	0.800688061	0.724555515	-0.076132546	0.743626217	0.705484813
1.259718517	0.799199362	0.723656964	-0.075542397	0.742727673	0.704586256
1.260771861	0.797710662	0.722761702	-0.07494896	0.741832418	0.703690987
1.261825205	0.796221963	0.721869821	-0.074352142	0.740940542	0.7027991
1.26287855	0.794733263	0.720981407	-0.073751856	0.740052133	0.701910681
1.263931894	0.793244564	0.72009654	-0.073148024	0.739167271	0.70102581
1.264985238	0.791755864	0.719215296	-0.072540569	0.73828603	0.700144562
1.266038582	0.790267165	0.718337742	-0.071929423	0.737408478	0.699267006
1.267091926	0.788778466	0.717463941	-0.071314525	0.736534678	0.698393204
1.26814527	0.787289766	0.716593948	-0.070695818	0.735664685	0.697523211
1.269198614	0.785801067	0.715727812	-0.070073254	0.734798547	0.696657077
1.270251958	0.784312367	0.714865576	-0.069446791	0.733936308	0.695794845
1.271305302	0.782823668	0.714007276	-0.068816392	0.733078003	0.694936549
1.272358646	0.781334968	0.713152941	-0.068182027	0.732223662	0.69408222
1.273411991	0.779846269	0.712302594	-0.067543675	0.731373307	0.693231881
1.274465335	0.77835757	0.711456251	-0.066901319	0.730526954	0.692385547
1.275518679	0.77686887	0.710613921	-0.066254949	0.729684614	0.691543229
1.276572023	0.775380171	0.709775608	-0.065604562	0.728846288	0.690704928
1.277625367	0.773891471	0.708941309	-0.064950162	0.728011975	0.689870643
1.278678711	0.772402772	0.708111013	-0.064291759	0.727181663	0.689040363
1.279732055	0.770914072	0.707284705	-0.063629367	0.726355338	0.688214072
1.280785399	0.769425373	0.706462363	-0.06296301	0.725532978	0.687391749
1.281838743	0.767936674	0.705643959	-0.062292715	0.724714553	0.686573365
1.282892087	0.766447974	0.704829459	-0.061618515	0.723900032	0.685758886
1.283945432	0.764959275	0.704018824	-0.060940451	0.723089374	0.684948273
1.284998776	0.763470575	0.703212008	-0.060258567	0.722282535	0.684141481
1.28605212	0.761981876	0.702408962	-0.059572914	0.721479464	0.68333846
1.287105464	0.760493176	0.70160963	-0.058883546	0.720680106	0.682539154
1.288158808	0.759004477	0.700813952	-0.058190525	0.719884402	0.681743503
1.289212152	0.757515778	0.700021864	-0.057493914	0.719092285	0.680951442
1.290265496	0.756027078	0.699233295	-0.056793783	0.718303688	0.680162902
1.29131884	0.754538379	0.698448173	-0.056090206	0.717518538	0.679377808
1.292372184	0.753049679	0.69766642	-0.055383259	0.716736755	0.678596085
1.293425528	0.75156098	0.696887955	-0.054673025	0.715958261	0.677817649
1.294478873	0.75007228	0.696112694	-0.053959586	0.715182971	0.677042418
1.295532217	0.748583581	0.69534055	-0.053243032	0.714410796	0.676270303
1.296585561	0.747094882	0.69457143	-0.052523451	0.713641648	0.675501213
1.297638905	0.745606182	0.693805244	-0.051800938	0.712875433	0.674735056
1.298692249	0.744117483	0.693041895	-0.051075588	0.712112055	0.673971735
1.299745593	0.742628783	0.692281286	-0.050347497	0.711351418	0.673211154
1.300798937	0.741140084	0.691523318	-0.049616766	0.710593424	0.672453212
1.301852281	0.739651384	0.69076789	-0.048883494	0.70983797	0.67169781
1.302905625	0.738162685	0.690014901	-0.048147784	0.709084957	0.670944846
1.303958969	0.736673986	0.689264249	-0.047409737	0.708334281	0.670194216
1.305012314	0.735185286	0.688515828	-0.046669458	0.70758584	0.669445817
1.306065658	0.733696587	0.687769538	-0.045927049	0.70683953	0.668699546
1.307119002	0.732207887	0.687025272	-0.045182615	0.706095247	0.667955298
1.308172346	0.730719188	0.686282929	-0.044436259	0.705352889	0.66721297
1.30922569	0.729230489	0.685542406	-0.043688083	0.704612352	0.666472459
1.310279034	0.727741789	0.684803599	-0.04293819	0.703873535	0.665733663
1.311332378	0.72625309	0.684066409	-0.042186681	0.703136337	0.664996481
1.312385722	0.72476439	0.683330734	-0.041433656	0.702400657	0.664260811
1.313439066	0.723275691	0.682596477	-0.040679214	0.701666397	0.663526557
1.31449241	0.721786991	0.681863541	-0.039923451	0.700933461	0.66279362
1.315545755	0.720298292	0.681131831	-0.039166461	0.700201754	0.662061907
1.316599099	0.718809593	0.680401254	-0.038408339	0.699471183	0.661331325
1.317652443	0.717320893	0.67967172	-0.037649173	0.698741658	0.660601782
1.318705787	0.715832194	0.678943142	-0.036889052	0.698013091	0.659873193
1.319759131	0.714343494	0.678215434	-0.03612806	0.697285397	0.659145472
1.320812475	0.712854795	0.677488515	-0.03536628	0.696558493	0.658418536
1.321865819	0.711366095	0.676762305	-0.03460379	0.695832302	0.657692308
1.322919163	0.709877396	0.676036729	-0.033840667	0.695106746	0.656966713
1.323972507	0.708388697	0.675311715	-0.033076982	0.694381753	0.656241677
1.325025851	0.706899997	0.674587193	-0.032312804	0.693657254	0.655517132
1.326079196	0.705411298	0.673863099	-0.031548199	0.692933183	0.654793015
1.32713254	0.703922598	0.673139372	-0.030783227	0.69220948	0.654069264
1.328185884	0.702433899	0.672415953	-0.030017946	0.691486085	0.653345821
1.329239228	0.700945199	0.671692789	-0.02925241	0.690762944	0.652622635
1.330292572	0.6994565	0.670969832	-0.028486668	0.690040008	0.651899655
1.331345916	0.697967801	0.670247034	-0.027720766	0.689317231	0.651176838
1.33239926	0.696479101	0.669524355	-0.026954746	0.68859457	0.650454141
1.333452604	0.694990402	0.668801758	-0.026188644	0.687871987	0.64973153
1.334505948	0.693501702	0.66807921	-0.025422493	0.687149449	0.64900897
1.335559292	0.692013003	0.667356681	-0.024656322	0.686426926	0.648286435
1.336612637	0.690524303	0.666634147	-0.023890156	0.685704393	0.647563901
1.337665981	0.689035604	0.665911588	-0.023124016	0.684981829	0.646841347
1.338719325	0.687546905	0.665188987	-0.022357917	0.684259217	0.646118758
1.339772669	0.686058205	0.664466333	-0.021591873	0.683536543	0.645396122
1.340826013	0.684569506	0.663743616	-0.02082589	0.682813799	0.644673433
1.341879357	0.683080806	0.663020834	-0.020059973	0.68209098	0.643950687
1.342932701	0.681592107	0.662297985	-0.019294122	0.681368086	0.643227884
1.343986045	0.680103407	0.661575074	-0.018528333	0.680645119	0.642505029
1.345039389	0.678614708	0.660852109	-0.017762599	0.679922087	0.641782131
1.346092733	0.677126009	0.660129101	-0.016996908	0.679199001	0.6410592
1.347146078	0.675637309	0.659406064	-0.016231245	0.678475875	0.640336253
1.348199422	0.67414861	0.658683018	-0.015465592	0.677752727	0.639613309
1.349252766	0.67265991	0.657959984	-0.014699927	0.677029579	0.638890389
1.35030611	0.671171211	0.657236987	-0.013934224	0.676306455	0.638167519
1.351359454	0.669682512	0.656514057	-0.013168455	0.675583385	0.637444728
1.352412798	0.668193812	0.655791223	-0.012402589	0.674860399	0.636722048
1.353466142	0.666705113	0.655068521	-0.011636591	0.674137531	0.635999511
1.354519486	0.665216413	0.654345988	-0.010870425	0.67341482	0.635277156
1.35557283	0.663727714	0.653623662	-0.010104052	0.672692303	0.634555021
1.356626174	0.662239014	0.652901587	-0.009337428	0.671970025	0.633833148
1.357679519	0.660750315	0.652179805	-0.00857051	0.671248029	0.633111581
1.358732863	0.659261616	0.651458364	-0.007803252	0.670526362	0.632390366
1.359786207	0.657772916	0.650737312	-0.007035604	0.669805074	0.631669549
1.360839551	0.656284217	0.650016698	-0.006267519	0.669084215	0.630949181
1.361892895	0.654795517	0.649296574	-0.005498943	0.668363837	0.630229312
1.362946239	0.653306818	0.648576994	-0.004729824	0.667643995	0.629509993
1.363999583	0.651818118	0.647858011	-0.003960107	0.666924743	0.628791279
1.365052927	0.650329419	0.647139681	-0.003189738	0.666206139	0.628073223
1.366106271	0.64884072	0.646422059	-0.00241866	0.66548824	0.627355879
1.367159616	0.64735202	0.645705204	-0.001646816	0.664771103	0.626639304
1.36821296	0.645863321	0.644989171	-0.000874149	0.664054789	0.625923554
1.369266304	0.644374621	0.64427402	-0.000100601	0.663339355	0.625208684
1.370319648	0.642885922	0.643559807	0.000673886	0.662624862	0.624494752
1.371372992	0.641397222	0.642846592	0.001449369	0.66191137	0.623781814
1.372426336	0.639908523	0.642134431	0.002225908	0.661198937	0.623069926
1.37347968	0.638419824	0.641423383	0.00300356	0.660487623	0.622359144
1.374533024	0.636931124	0.640713505	0.003782381	0.659777486	0.621649525
1.375586368	0.635442425	0.640004854	0.004562429	0.659068585	0.620941122
1.376639712	0.633953725	0.639297484	0.005343759	0.658360977	0.620233991
1.377693057	0.632465026	0.638591452	0.006126426	0.657654719	0.619528185
1.378746401	0.630976326	0.63788681	0.006910484	0.656949865	0.618823756
1.379799745	0.629487627	0.637183613	0.007695986	0.65624647	0.618120756
1.380853089	0.627998928	0.636481911	0.008482983	0.655544586	0.617419236
1.381906433	0.626510228	0.635781754	0.009271526	0.654844265	0.616719244
1.382959777	0.625021529	0.635083192	0.010061663	0.654145556	0.616020827
1.384013121	0.623532829	0.63438627	0.01085344	0.653448506	0.615324033
1.385066465	0.62204413	0.633691033	0.011646903	0.652753162	0.614628905
1.386119809	0.62055543	0.632997526	0.012442096	0.652059567	0.613935486
1.387173153	0.619066731	0.63230579	0.013239059	0.651367763	0.613243816
1.388226498	0.617578032	0.631615863	0.014037831	0.650677789	0.612553936
1.389279842	0.616089332	0.630927782	0.01483845	0.649989683	0.611865882
1.390333186	0.614600633	0.630241584	0.015640951	0.649303479	0.611179689
1.39138653	0.613111933	0.6295573	0.016445367	0.64861921	0.61049539
1.392439874	0.611623234	0.628874961	0.017251727	0.647936906	0.609813016
1.393493218	0.610134534	0.628194595	0.018060061	0.647256595	0.609132596
1.394546562	0.608645835	0.627516228	0.018870393	0.6465783	0.608454156
1.395599906	0.607157136	0.626839883	0.019682747	0.645902045	0.60777772
1.39665325	0.605668436	0.62616558	0.020497144	0.645227849	0.60710331
1.397706594	0.604179737	0.625493338	0.021313601	0.64455573	0.606430946
1.398759939	0.602691037	0.624823172	0.022132135	0.643885701	0.605760643
1.399813283	0.601202338	0.624155096	0.022952758	0.643217775	0.605092418
1.400866627	0.599713639	0.623489121	0.023775482	0.64255196	0.604426282
1.401919971	0.598224939	0.622825254	0.024600315	0.641888264	0.603762244
1.402973315	0.59673624	0.622163501	0.025427261	0.64122669	0.603100312
1.404026659	0.59524754	0.621503865	0.026256325	0.64056724	0.60244049
1.405080003	0.593758841	0.620846347	0.027087506	0.639909912	0.601782782
1.406133347	0.592270141	0.620190945	0.027920804	0.639254705	0.601127186
1.407186691	0.590781442	0.619537655	0.028756213	0.638601611	0.6004737
1.408240035	0.589292743	0.61888647	0.029593728	0.637950622	0.599822318
1.40929338	0.587804043	0.618237382	0.030433338	0.637301729	0.599173034
1.410346724	0.586315344	0.617590378	0.031275034	0.636654918	0.598525837
1.411400068	0.584826644	0.616945445	0.032118801	0.636010176	0.597880715
1.412453412	0.583337945	0.616302569	0.032964624	0.635367484	0.597237653
1.413506756	0.581849245	0.61566173	0.033812484	0.634726824	0.596596635
1.4145601	0.580360546	0.615022909	0.034662363	0.634088177	0.595957641
1.415613444	0.578871847	0.614386085	0.035514238	0.633451519	0.59532065
1.416666788	0.577383147	0.613751233	0.036368086	0.632816826	0.594685639
1.417720132	0.575894448	0.613118328	0.03722388	0.632184073	0.594052582
1.418773476	0.574405748	0.612487342	0.038081594	0.631553232	0.593421452
1.419826821	0.572917049	0.611858247	0.038941198	0.630924275	0.592792219
1.420880165	0.571428349	0.611231012	0.039802663	0.630297172	0.592164853
1.421933509	0.56993965	0.610605605	0.040665955	0.62967189	0.59153932
1.422986853	0.568450951	0.609981992	0.041531042	0.629048399	0.590915586
1.424040197	0.566962251	0.609360139	0.042397888	0.628426664	0.590293615
1.425093541	0.565473552	0.60874001	0.043266458	0.62780665	0.58967337
1.426146885	0.563984852	0.608121567	0.044136715	0.627188322	0.589054812
1.427200229	0.562496153	0.607504772	0.045008619	0.626571643	0.588437901
1.428253573	0.561007453	0.606889586	0.045882133	0.625956577	0.587822595
1.429306917	0.559518754	0.606275969	0.046757215	0.625343085	0.587208854
1.430360262	0.558030055	0.605663881	0.047633826	0.624731128	0.586596633
1.431413606	0.556541355	0.605053279	0.048511924	0.624120668	0.585985889
1.43246695	0.555052656	0.604444122	0.049391466	0.623511666	0.585376579
1.433520294	0.553563956	0.603836368	0.050272412	0.62290408	0.584768656
1.434573638	0.552075257	0.603229974	0.051154717	0.62229787	0.584162077
1.435626982	0.550586557	0.602624896	0.052038338	0.621692996	0.583556796
1.436680326	0.549097858	0.602021091	0.052923233	0.621089416	0.582952766
1.43773367	0.547609159	0.601418517	0.053809358	0.62048709	0.582349944
1.438787014	0.546120459	0.600817129	0.05469667	0.619885976	0.581748283
1.439840358	0.54463176	0.600216885	0.055585126	0.619286032	0.581147739
1.440893703	0.54314306	0.599617742	0.056474681	0.618687216	0.580548267
1.441947047	0.541654361	0.599019656	0.057365295	0.618089488	0.579949823
1.443000391	0.540165661	0.598422584	0.058256923	0.617492806	0.579352363
1.444053735	0.538676962	0.597826486	0.059149524	0.616897128	0.578755845
1.445107079	0.537188263	0.59723132	0.060043057	0.616302412	0.578160227
1.446160423	0.535699563	0.596637043	0.06093748	0.615708619	0.577565468
1.447213767	0.534210864	0.596043617	0.061832753	0.615115706	0.576971527
1.448267111	0.532722164	0.595451001	0.062728837	0.614523634	0.576378368
1.449320455	0.531233465	0.594859156	0.063625692	0.613932362	0.57578595
1.450373799	0.529744766	0.594268045	0.06452328	0.613341851	0.57519424
1.451427144	0.528256066	0.593677631	0.065421565	0.612752061	0.574603201
1.452480488	0.526767367	0.593087876	0.066320509	0.612162953	0.5740128
1.453533832	0.525278667	0.592498747	0.067220079	0.611574489	0.573423005
1.454587176	0.523789968	0.591910208	0.06812024	0.610986631	0.572833785
1.45564052	0.522301268	0.591322228	0.069020959	0.610399344	0.572245112
1.456693864	0.520812569	0.590734773	0.069922204	0.60981259	0.571656957
1.457747208	0.51932387	0.590147815	0.070823945	0.609226334	0.571069296
1.458800552	0.51783517	0.589561323	0.071726153	0.608640543	0.570482103
1.459853896	0.516346471	0.588975269	0.072628799	0.608055183	0.569895356
1.46090724	0.514857771	0.588389628	0.073531856	0.607470222	0.569309033
1.461960585	0.513369072	0.587804372	0.0744353	0.606885629	0.568723115
1.463013929	0.511880372	0.587219479	0.075339107	0.606301375	0.568137584
1.464067273	0.510391673	0.586634927	0.076243254	0.605717431	0.567552423
1.465120617	0.508902974	0.586050693	0.07714772	0.60513377	0.566967616
1.466173961	0.507414274	0.585466759	0.078052485	0.604550368	0.56638315
1.467227305	0.505925575	0.584883107	0.078957532	0.6039672	0.565799013
1.468280649	0.504436875	0.584299719	0.079862843	0.603384246	0.565215192
1.469333993	0.502948176	0.583716581	0.080768405	0.602801483	0.564631678
1.470387337	0.501459476	0.583133679	0.081674202	0.602218895	0.564048462
1.471440681	0.499970777	0.582551001	0.082580224	0.601636466	0.563465536
1.472494026	0.498482078	0.581968537	0.083486459	0.60105418	0.562882894
1.47354737	0.496993378	0.581386277	0.084392899	0.600472026	0.562300529
1.474600714	0.495504679	0.580804215	0.085299536	0.599889994	0.561718437
1.475654058	0.494015979	0.580222344	0.086206365	0.599308076	0.561136613
1.476707402	0.49252728	0.579640661	0.087113381	0.598726266	0.560555055
1.477760746	0.49103858	0.579059162	0.088020581	0.598144563	0.55997376
1.47881409	0.489549881	0.578477845	0.088927964	0.597562964	0.559392726
1.479867434	0.488061182	0.577896713	0.089835531	0.596981473	0.558811953
1.480920778	0.486572482	0.577315765	0.090743283	0.596400092	0.558231438
1.481974122	0.485083783	0.576735006	0.091651223	0.595818828	0.557651183
1.483027467	0.483595083	0.576154439	0.092559356	0.59523769	0.557071188
1.484080811	0.482106384	0.575574072	0.093467688	0.59465669	0.556491454
1.485134155	0.480617684	0.574993912	0.094376228	0.594075842	0.555911982
1.486187499	0.479128985	0.574413968	0.095284983	0.59349516	0.555332776
1.487240843	0.477640286	0.57383425	0.096193965	0.592914664	0.554753836
1.488294187	0.476151586	0.573254771	0.097103185	0.592334375	0.554175168
1.489347531	0.474662887	0.572675544	0.098012657	0.591754313	0.553596774
1.490400875	0.473174187	0.572096582	0.098922395	0.591174506	0.553018659
1.491454219	0.471685488	0.571517903	0.099832415	0.590594978	0.552440828
1.492507563	0.470196788	0.570939523	0.100742734	0.590015758	0.551863288
1.493560908	0.468708089	0.57036146	0.101653371	0.589436876	0.551286044
1.494614252	0.46721939	0.569783735	0.102564346	0.588858365	0.550709106
1.495667596	0.46573069	0.569206368	0.103475678	0.588280256	0.550132481
1.49672094	0.464241991	0.568629382	0.104387391	0.587702585	0.549556179
1.497774284	0.462753291	0.568052799	0.105299508	0.587125387	0.548980211
1.498827628	0.461264592	0.567476644	0.106212052	0.586548697	0.54840459
1.499880972	0.459775893	0.566900941	0.107125049	0.585972553	0.547829329
1.500934316	0.458287193	0.566325718	0.108038525	0.585396993	0.547254444
1.50198766	0.456798494	0.565751002	0.108952509	0.584822054	0.546679951
1.503041004	0.455309794	0.565176821	0.109867027	0.584247774	0.546105868
1.504094349	0.453821095	0.564603205	0.11078211	0.583674193	0.545532217
1.505147693	0.452332395	0.564030183	0.111697787	0.583101347	0.544959018
1.506201037	0.450843696	0.563457786	0.11261409	0.582529275	0.544386296
1.507254381	0.449354997	0.562886046	0.113531049	0.581958015	0.543814077
1.508307725	0.447866297	0.562314996	0.114448699	0.581387601	0.54324239
1.509361069	0.446377598	0.561744668	0.115367071	0.580818072	0.542671265
1.510414413	0.444888898	0.561175098	0.116286199	0.580249461	0.542100734
1.511467757	0.443400199	0.560606318	0.117206119	0.579681803	0.541530832
1.512521101	0.441911499	0.560038364	0.118126864	0.579115131	0.540961597
1.513574445	0.4404228	0.559471271	0.119048471	0.578549476	0.540393066
1.51462779	0.438934101	0.558905076	0.119970975	0.577984869	0.539825282
1.515681134	0.437445401	0.558339814	0.120894413	0.57742134	0.539258288
1.516734478	0.435956702	0.557775522	0.121818821	0.576858916	0.538692129
1.517787822	0.434468002	0.557212238	0.122744236	0.576297624	0.538126852
1.518841166	0.432979303	0.556649997	0.123670695	0.575737489	0.537562505
1.51989451	0.431490603	0.556088838	0.124598235	0.575178536	0.53699914
1.520947854	0.430001904	0.555528798	0.125526894	0.574620788	0.536436808
1.522001198	0.428513205	0.554969914	0.126456709	0.574064266	0.535875562
1.523054542	0.427024505	0.554412223	0.127387718	0.573508991	0.535315454
1.524107886	0.425535806	0.553855763	0.128319957	0.572954984	0.534756541
1.525161231	0.424047106	0.55330057	0.129253463	0.572402264	0.534198876
1.526214575	0.422558407	0.552746681	0.130188274	0.571850849	0.533642513
1.527267919	0.421069707	0.552194133	0.131124425	0.571300758	0.533087508
1.528321263	0.419581008	0.551642961	0.132061953	0.570752009	0.532533913
1.529374607	0.418092309	0.551093201	0.133000893	0.570204621	0.531981782
1.530427951	0.416603609	0.550544888	0.133941279	0.569658611	0.531431165
1.531481295	0.41511491	0.549998056	0.134883146	0.569113999	0.530882112
1.532534639	0.41362621	0.549452738	0.135826528	0.568570805	0.530334671
1.533587983	0.412137511	0.548908966	0.136771456	0.568029048	0.529788885
1.534641327	0.410648811	0.548366773	0.137717962	0.56748875	0.529244797
1.535694672	0.409160112	0.547826189	0.138666077	0.566949933	0.528702444
1.536748016	0.407671413	0.547287242	0.13961583	0.566412622	0.528161862
1.53780136	0.406182713	0.546749962	0.140567249	0.565876843	0.527623082
1.538854704	0.404694014	0.546214375	0.141520361	0.565342621	0.527086129
1.539908048	0.403205314	0.545680506	0.142475192	0.564809987	0.526551025
1.540961392	0.401716615	0.545148379	0.143431764	0.564278972	0.526017786
1.542014736	0.400227915	0.544618015	0.1443901	0.563749607	0.525486424
1.54306808	0.398739216	0.544089436	0.14535022	0.563221929	0.524956944
1.544121424	0.397250517	0.54356266	0.146312143	0.562695973	0.524429347
1.545174768	0.395761817	0.543037702	0.147275885	0.562171777	0.523903626
1.546228113	0.394273118	0.542514577	0.148241459	0.561649382	0.523379771
1.547281457	0.392784418	0.541993297	0.149208878	0.561128829	0.522857764
1.548334801	0.391295719	0.541473871	0.150178152	0.56061016	0.522337582
1.549388145	0.38980702	0.540956306	0.151149287	0.560093418	0.521819194
1.550441489	0.38831832	0.540440607	0.152122287	0.559578646	0.521302568
1.551494833	0.386829621	0.539926775	0.153097155	0.559065888	0.520787663
1.552548177	0.385340921	0.53941481	0.154073888	0.558555187	0.520274433
1.553601521	0.383852222	0.538904705	0.155052484	0.558046582	0.519762829
1.554654865	0.382363522	0.538396455	0.156032933	0.557540115	0.519252795
1.555708209	0.380874823	0.537890048	0.157015225	0.557035822	0.518744275
1.556761554	0.379386124	0.537385471	0.157999347	0.556533735	0.518237206
1.557814898	0.377897424	0.536882704	0.15898528	0.556033883	0.517731525
1.558868242	0.376408725	0.536381727	0.159973003	0.555536291	0.517227163
1.559921586	0.374920025	0.535882515	0.16096249	0.555040976	0.516724054
1.56097493	0.373431326	0.535385038	0.161953712	0.554547948	0.516222129
1.562028274	0.371942626	0.534889263	0.162946637	0.554057208	0.515721318
1.563081618	0.370453927	0.534395152	0.163941225	0.55356875	0.515221554
1.564134962	0.368965228	0.533902664	0.164937436	0.553082556	0.514722771
1.565188306	0.367476528	0.533411751	0.165935223	0.552598598	0.514224904
1.56624165	0.365987829	0.532922363	0.166934535	0.552116834	0.513727893
1.567294995	0.364499129	0.532434444	0.167935315	0.551637209	0.51323168
1.568348339	0.36301043	0.531947934	0.168937504	0.551159654	0.512736213
1.569401683	0.36152173	0.531462765	0.169941035	0.550684087	0.512241444
1.570455027	0.360033031	0.530978869	0.170945838	0.550210406	0.511747331
1.571508371	0.358544332	0.530496167	0.171951836	0.549738496	0.511253839
1.572561715	0.357055632	0.53001458	0.172958947	0.549268222	0.510760937
1.573615059	0.355566933	0.529534019	0.173967086	0.548799434	0.510268603
1.574668403	0.354078233	0.529054392	0.174976159	0.548331963	0.509776821
1.575721747	0.352589534	0.528575601	0.175986067	0.547865621	0.50928558
1.576775091	0.351100834	0.528097541	0.176996706	0.547400205	0.508794877
1.577828436	0.349612135	0.527620102	0.178007967	0.546935492	0.508304712
1.57888178	0.348123436	0.527143168	0.179019733	0.546471245	0.507815092
1.579935124	0.346634736	0.526666617	0.180031881	0.546007209	0.507326026
1.580988468	0.345146037	0.52619032	0.181044283	0.545543115	0.506837525
1.582041812	0.343657337	0.525714142	0.182056805	0.545078683	0.506349601
1.583095156	0.342168638	0.525237942	0.183069304	0.544613619	0.505862264
1.5841485	0.340679938	0.524761571	0.184081633	0.544147623	0.50537552
1.585201844	0.339191239	0.524284877	0.185093638	0.543680385	0.504889368
1.586255188	0.33770254	0.523807697	0.186105157	0.543211596	0.504403798
1.587308532	0.33621384	0.523329864	0.187116024	0.542740944	0.503918785
1.588361877	0.334725141	0.522851204	0.188126064	0.542268123	0.503434286
1.589415221	0.333236441	0.522371537	0.189135095	0.541792835	0.502950238
1.590468565	0.331747742	0.521890673	0.190142931	0.541314796	0.50246655
1.591521909	0.330259042	0.521408419	0.191149376	0.54083374	0.501983097
1.592575253	0.328770343	0.520924573	0.192154229	0.540349429	0.501499716
1.593628597	0.327281644	0.520438926	0.193157283	0.539861654	0.501016199
1.594681941	0.325792944	0.519951264	0.19415832	0.539370246	0.500532283
1.595735285	0.324304245	0.519461365	0.19515712	0.538875084	0.500047646
1.596788629	0.322815545	0.518969	0.196153454	0.538376104	0.499561896
1.597841973	0.321326846	0.518473932	0.197147086	0.537873304	0.49907456
1.598895318	0.319838147	0.51797592	0.198137774	0.537366762	0.498585079
1.599948662	0.318349447	0.517474715	0.199125268	0.536856639	0.49809279
1.601002006	0.316860748	0.51697006	0.200109312	0.536343196	0.497596923
1.60205535	0.315372048	0.516461692	0.201089644	0.535826802	0.497096583
1.603108694	0.313883349	0.515949343	0.202065994	0.535307949	0.496590738
1.604162038	0.312394649	0.515432737	0.203038087	0.534787264	0.496078209
1.605215382	0.31090595	0.514911591	0.204005641	0.534265523	0.495557659
1.606268726	0.309417251	0.514385617	0.204968366	0.53374366	0.495027574
1.60732207	0.307928551	0.51385452	0.205925969	0.533222785	0.494486255
1.608375414	0.306439852	0.513317999	0.206878148	0.532704188	0.493931811
1.609428759	0.304951152	0.512775748	0.207824595	0.532189355	0.49336214
1.610482103	0.303462453	0.512227452	0.208764999	0.531679971	0.492774934
1.611535447	0.301973753	0.511672794	0.209699041	0.531177925	0.492167664
1.612588791	0.300485054	0.511111449	0.210626395	0.530685311	0.491537587
1.613642135	0.298996355	0.510543088	0.211546733	0.530204426	0.49088175
1.614695479	0.297507655	0.509967375	0.21245972	0.529737754	0.490196995
1.615748823	0.296018956	0.50938397	0.213365014	0.529287958	0.489479981
1.616802167	0.294530256	0.508792528	0.214262272	0.528857853	0.488727203
1.617855511	0.293041557	0.508192699	0.215151142	0.528450378	0.48793502
1.618908855	0.291552857	0.507584129	0.216031272	0.528068563	0.487099695


		
		
		
		
