TITLE = "decane alpha prediction MODEL 3"
VARIABLES =  "Tr"	"Pr"	"bias corrected model"	"traning data"	"bias uncorrected model"	"upper"	"lower"	"bias"

ZONE I=82 J=9
DT=(DOUBLE,DOUBLE,DOUBLE,DOUBLE,DOUBLE,DOUBLE,DOUBLE,DOUBLE)

0.566618099	0.047169811	2.303632755	2.31191276	0.776065866	2.315703425	2.291562085	1.52756689
0.582807188	0.047169811	2.163652161	2.154826747	0.778295023	2.173992757	2.153311564	1.385357138
0.598996277	0.047169811	2.03426932	2.026897253	0.780524181	2.044593734	2.023944906	1.25374514
0.615185365	0.047169811	1.920459437	1.921140581	0.782753338	1.93064626	1.910272614	1.137706099
0.631374454	0.047169811	1.8247545	1.831876311	0.784982495	1.834779947	1.814729053	1.039772005
0.647563542	0.047169811	1.747233944	1.755725344	0.787211652	1.757214765	1.737253124	0.960022292
0.663752631	0.047169811	1.685850356	1.68994453	0.78944081	1.695830428	1.675870284	0.896409547
0.679941719	0.047169811	1.637031063	1.632402742	0.791669967	1.646983725	1.627078402	0.845361096
0.696130808	0.047169811	1.596447888	1.581707528	0.793899124	1.606360101	1.586535674	0.802548763
0.712319896	0.047169811	1.55981781	1.536605946	0.796128281	1.569709197	1.549926423	0.763689528
0.728508985	0.047169811	1.523593635	1.554226369	0.798357439	1.533482516	1.513704754	0.725236196
0.744698073	0.047169811	1.485429356	1.496963324	0.800586596	1.495313709	1.475545003	0.68484276
0.760887162	0.047169811	1.444354691	1.444020941	0.802815753	1.454225857	1.434483525	0.641538938
0.777076251	0.047169811	1.400656998	1.395012995	0.805044911	1.410515924	1.390798071	0.595612087
0.793265339	0.047169811	1.355530861	1.349210818	0.807274068	1.36538508	1.345676643	0.548256793
0.809454428	0.047169811	1.310601369	1.306404248	0.809503225	1.320452933	1.300749806	0.501098144
0.825643516	0.047169811	1.267444961	1.266496001	0.811732382	1.277288694	1.257601228	0.455712578
0.841832605	0.047169811	1.227218084	1.228802026	0.81396154	1.237051244	1.217384924	0.413256544
0.858021693	0.047169811	1.190464059	1.192891575	0.816190697	1.200291902	1.180636216	0.374273362
0.874210782	0.047169811	1.157114218	1.159805336	0.818419854	1.166940955	1.147287482	0.338694364
0.89039987	0.047169811	1.12664705	1.128362139	0.820649012	1.136459634	1.116834466	0.305998038
0.906588959	0.047169811	1.098332531	1.098983887	0.822878169	1.108093975	1.088571086	0.275454362
0.922778048	0.047169811	1.071477453	1.07069804	0.825107326	1.081138178	1.061816728	0.246370127
0.938967136	0.047169811	1.045601528	1.044569203	0.827336484	1.055122632	1.036080424	0.218265045
0.955156225	0.047169811	1.020506644	1.018974043	0.829565641	1.02988165	1.011131638	0.190941003
0.958394042	0.047169811	1.015582341	1.014422874	0.830011472	1.024931039	1.006233643	0.185570869
0.96163186	0.047169811	1.010692035	1.010109844	0.830457304	1.020016185	1.001367886	0.180234732
0.964869678	0.047169811	1.005837206	1.004658002	0.830903135	1.015138878	0.996535535	0.174934071
0.968107496	0.047169811	1.001019468	1.000871923	0.831348967	1.010301021	0.991737915	0.169670501
0.971345313	0.047169811	0.996240528	0.99596097	0.831794798	1.005504582	0.986976474	0.16444573
0.974583131	0.047169811	0.991502135	0.991347092	0.83224063	1.000751539	0.982252731	0.159261506
0.977820949	0.047169811	0.98680605	0.987053879	0.832686461	0.996043844	0.977568255	0.154119589
0.981058766	0.047169811	0.982153994	0.981627599	0.833132292	0.991383375	0.972924613	0.149021701
0.984296584	0.047169811	0.977547612	0.97803242	0.833578124	0.986771887	0.968323337	0.143969488
0.987534402	0.047169811	0.972988444	0.973321462	0.834023955	0.98221099	0.963765897	0.138964488
0.99077222	0.047169811	0.968477885	0.96899785	0.834469787	0.977702103	0.959253667	0.134008098
0.994010037	0.047169811	0.964017166	0.963544518	0.834915618	0.973246433	0.954787899	0.129101548
0.997247855	0.047169811	0.959607319	0.960057084	0.83536145	0.968844945	0.950369692	0.124245869
1.000485673	0.047169811	0.955249167	0.955459848	0.835807281	0.964498351	0.945999983	0.119441886
1.00372349	0.047169811	0.950943308	0.95132276	0.836253113	0.960207091	0.941679525	0.114690195
1.006961308	0.047169811	0.946690096	0.947673374	0.836698944	0.955971325	0.937408868	0.109991152
1.010199126	0.047169811	0.942489646	0.942913316	0.837144776	0.951790932	0.93318836	0.105344871
1.013436944	0.047169811	0.938341824	0.938663589	0.837590607	0.947665514	0.929018134	0.100751217
1.016674761	0.047169811	0.934246255	0.934953035	0.838036438	0.943594399	0.924898111	0.096209817
1.019912579	0.047169811	0.930202322	0.930133066	0.83848227	0.939576651	0.920827993	0.091720052
1.036101667	0.047169811	0.9107207	0.911567579	0.840711427	0.920239829	0.90120157	0.070009273
1.052290756	0.047169811	0.892328061	0.892095308	0.842940585	0.901984292	0.882671829	0.049387476
1.068479845	0.047169811	0.8747904	0.875093351	0.845169742	0.884544865	0.865035935	0.029620658
1.084668933	0.047169811	0.857887297	0.856325749	0.847398899	0.867692148	0.848082446	0.010488398
1.100858022	0.047169811	0.841473649	0.841300468	0.849628056	0.851293151	0.831654147	-0.008154408
1.11704711	0.047169811	0.825505662	0.825269347	0.851857214	0.835325079	0.815686245	-0.026351552
1.133236199	0.047169811	0.810026905	0.809482739	0.854086371	0.819847073	0.800206737	-0.044059466
1.149425287	0.047169811	0.79512537	0.795344979	0.856315528	0.80495096	0.78529978	-0.061190158
1.165614376	0.047169811	0.780881316	0.781849069	0.858544686	0.790713192	0.771049439	-0.07766337
1.181803464	0.047169811	0.767326076	0.76769583	0.860773843	0.777161409	0.757490743	-0.093447767
1.197992553	0.047169811	0.754424966	0.754067878	0.863003	0.764261012	0.74458892	-0.108578034
1.214181642	0.047169811	0.742086717	0.742282357	0.865232158	0.751922962	0.732250472	-0.12314544
1.23037073	0.047169811	0.73019187	0.730750696	0.867461315	0.740029342	0.720354398	-0.137269445
1.246559819	0.047169811	0.718626892	0.717520542	0.869690472	0.72846667	0.708787115	-0.15106358
1.262748907	0.047169811	0.707310902	0.706847332	0.871919629	0.717153299	0.697468506	-0.164608727
1.278937996	0.047169811	0.696206811	0.696762277	0.874148787	0.706051171	0.686362451	-0.177941976
1.295127084	0.047169811	0.685315973	0.684884133	0.876377944	0.695161105	0.675470841	-0.191061971
1.311316173	0.047169811	0.674661826	0.675808238	0.878607101	0.684507403	0.664816249	-0.203945276
1.327505261	0.047169811	0.664271274	0.663242752	0.880836258	0.674119037	0.65442351	-0.216564985
1.34369435	0.047169811	0.654161777	0.65584456	0.883065416	0.664014261	0.644309293	-0.228903639
1.359883439	0.047169811	0.644338198	0.642803916	0.885294573	0.65419547	0.634480926	-0.240956375
1.376072527	0.047169811	0.634798283	0.633115989	0.88752373	0.644657298	0.624939269	-0.252725447
1.392261616	0.047169811	0.625541595	0.6281794	0.889752888	0.635400921	0.61568227	-0.264211292
1.408450704	0.047169811	0.616575324	0.615633619	0.891982045	0.626439794	0.606710853	-0.275406721
1.424639793	0.047169811	0.607912151	0.609987922	0.894211202	0.617788922	0.598035381	-0.286299051
1.440828881	0.047169811	0.599559474	0.598080842	0.896440359	0.609447971	0.589670977	-0.296880885
1.45701797	0.047169811	0.591503962	0.590453998	0.898669517	0.601395333	0.581612592	-0.307165555
1.473207058	0.047169811	0.583698932	0.583194037	0.900898674	0.59359223	0.573805635	-0.317199742
1.489396147	0.047169811	0.576062719	0.577256923	0.903127831	0.585977001	0.566148437	-0.327065113
1.505585236	0.047169811	0.568493921	0.568008776	0.905356989	0.57844856	0.558539282	-0.336863068
1.521774324	0.047169811	0.560904558	0.561867214	0.907586146	0.57088607	0.550923046	-0.346681588
1.537963413	0.047169811	0.553266393	0.553975971	0.909815303	0.563248164	0.543284623	-0.35654891
1.554152501	0.047169811	0.545660732	0.545030302	0.912044461	0.555686956	0.535634507	-0.366383729
1.57034159	0.047169811	0.538319356	0.535791002	0.914273618	0.548506977	0.528131736	-0.375954261
1.586530678	0.047169811	0.53164487	0.533741271	0.916502775	0.541970097	0.521319644	-0.384857905
1.602719767	0.047169811	0.526202288	0.526677483	0.918731932	0.536543344	0.515861231	-0.392529645
1.618908855	0.047169811	0.522679515	0.522017149	0.92096109	0.534750707	0.510608323	-0.398281575
0.566618099	0.471698113	2.322815362	2.329304466	0.839410544	2.334886033	2.310744692	1.483404818
0.582807188	0.471698113	2.174072292	2.168303308	0.841639702	2.184412889	2.163731696	1.332432591
0.598996277	0.471698113	2.04216308	2.037436901	0.843868859	2.052487494	2.031838667	1.198294221
0.615185365	0.471698113	1.929312042	1.92922261	0.846098016	1.939498864	1.919125219	1.083214026
0.631374454	0.471698113	1.83508276	1.837993937	0.848327174	1.845108207	1.825057314	0.986755587
0.647563542	0.471698113	1.757058458	1.760370016	0.850556331	1.767039278	1.747077637	0.906502127
0.663752631	0.471698113	1.691749037	1.693204366	0.852785488	1.701729108	1.681768965	0.838963548
0.679941719	0.471698113	1.635522746	1.634558927	0.855014645	1.645475407	1.625570084	0.7805081
0.696130808	0.471698113	1.585367529	1.582955633	0.857243803	1.595279743	1.575455316	0.728123727
0.712319896	0.471698113	1.539339293	1.536984334	0.85947296	1.54923068	1.529447906	0.679866333
0.728508985	0.471698113	1.496637861	1.495824339	0.861702117	1.506526742	1.48674898	0.634935743
0.744698073	0.471698113	1.45734641	1.458676006	0.863931275	1.467230763	1.447462057	0.593415136
0.760887162	0.471698113	1.421951596	1.424790302	0.866160432	1.431822762	1.41208043	0.555791164
0.777076251	0.471698113	1.390809277	1.39372318	0.868389589	1.400668203	1.380950351	0.522419688
0.793265339	0.471698113	1.36372204	1.3649694	0.870618747	1.373576259	1.353867821	0.493103294
0.809454428	0.471698113	1.339750785	1.338162223	0.872847904	1.349602349	1.329899221	0.466902881
0.825643516	0.471698113	1.317306436	1.312867758	0.875077061	1.327150169	1.307462703	0.442229375
0.841832605	0.471698113	1.294481852	1.288808474	0.877306218	1.304315012	1.284648692	0.417175633
0.858021693	0.471698113	1.269513385	1.265618977	0.879535376	1.279341228	1.259685542	0.38997801
0.874210782	0.471698113	1.241226287	1.242905273	0.881764533	1.251053024	1.231399551	0.359461754
0.89039987	0.471698113	1.209328002	1.220258035	0.88399369	1.219140585	1.199515418	0.325334311
0.906588959	0.471698113	1.174463654	1.197023031	0.886222848	1.184225098	1.164702209	0.288240806
0.922778048	0.471698113	1.138022506	1.12264029	0.888452005	1.14768323	1.128361781	0.249570501
0.938967136	0.471698113	1.101758792	1.091735135	0.890681162	1.111279896	1.092237688	0.21107763
0.955156225	0.471698113	1.067342549	1.062812899	0.892910319	1.076717555	1.057967543	0.17443223
0.958394042	0.471698113	1.060797872	1.057240218	0.893356151	1.070146571	1.051449174	0.167441722
0.96163186	0.471698113	1.054383715	1.051731331	0.893801982	1.063707865	1.045059566	0.160581733
0.964869678	0.471698113	1.0481053	1.046277403	0.894247814	1.057406971	1.038803628	0.153857486
0.968107496	0.471698113	1.041966619	1.040864022	0.894693645	1.051248172	1.032685065	0.147272973
0.971345313	0.471698113	1.035970441	1.035584824	0.895139477	1.045234495	1.026706387	0.140830964
0.974583131	0.471698113	1.030118313	1.030307406	0.895585308	1.039367716	1.020868909	0.134533004
0.977820949	0.471698113	1.024410594	1.025120946	0.89603114	1.033648389	1.015172799	0.128379454
0.981058766	0.471698113	1.018846493	1.019998353	0.896476971	1.028075874	1.009617112	0.122369522
0.984296584	0.471698113	1.013424111	1.014906157	0.896922803	1.022648386	1.004199835	0.116501308
0.987534402	0.471698113	1.008140515	1.009870861	0.897368634	1.017363062	0.998917969	0.110771881
0.99077222	0.471698113	1.002991807	1.004920075	0.897814466	1.012216025	0.993767589	0.105177342
0.994010037	0.471698113	0.997973206	0.999941612	0.898260297	1.007202472	0.988743939	0.099712909
0.997247855	0.471698113	0.993079132	0.99509813	0.898706128	1.002316759	0.983841506	0.094373004
1.000485673	0.471698113	0.988303319	0.990271469	0.89915196	0.997552503	0.979054135	0.089151359
1.00372349	0.471698113	0.983638904	0.985557596	0.899597791	0.992902687	0.974375121	0.084041113
1.006961308	0.471698113	0.979078537	0.980826159	0.900043623	0.988359765	0.969797309	0.079034914
1.010199126	0.471698113	0.974614491	0.976172678	0.900489454	0.983915777	0.965313205	0.074125037
1.013436944	0.471698113	0.970238773	0.971536628	0.900935286	0.979562463	0.960915083	0.069303487
1.016674761	0.471698113	0.965943232	0.966934496	0.901381117	0.975291376	0.956595088	0.064562115
1.019912579	0.471698113	0.961719662	0.962383397	0.901826949	0.97109399	0.952345333	0.059892713
1.036101667	0.471698113	0.941403403	0.940452831	0.904056106	0.950922532	0.931884274	0.037347297
1.052290756	0.471698113	0.921792521	0.919557557	0.906285263	0.931448752	0.91213629	0.015507258
1.068479845	0.471698113	0.902307437	0.899513951	0.908514421	0.912061902	0.892552973	-0.006206983
1.084668933	0.471698113	0.882784175	0.880535903	0.910743578	0.892589026	0.872979325	-0.027959402
1.100858022	0.471698113	0.863424421	0.862157189	0.912972735	0.873243923	0.853604919	-0.049548314
1.11704711	0.471698113	0.844637025	0.84469465	0.915201892	0.854456442	0.834817608	-0.070564867
1.133236199	0.471698113	0.826839317	0.828032761	0.91743105	0.836659485	0.817019149	-0.090591732
1.149425287	0.471698113	0.810290104	0.811832323	0.919660207	0.820115694	0.800464514	-0.109370103
1.165614376	0.471698113	0.795005439	0.796455338	0.921889364	0.804837315	0.785173563	-0.126883925
1.181803464	0.471698113	0.780773272	0.781435166	0.924118521	0.790608605	0.770937939	-0.143345249
1.197992553	0.471698113	0.767247184	0.767150606	0.926347679	0.777083231	0.757411138	-0.159100494
1.214181642	0.471698113	0.754075163	0.75330323	0.928576836	0.763911408	0.744238918	-0.174501673
1.23037073	0.471698113	0.74101332	0.739924497	0.930805993	0.750850792	0.731175848	-0.189792674
1.246559819	0.471698113	0.727986586	0.727246073	0.933035151	0.737826363	0.718146808	-0.205048565
1.262748907	0.471698113	0.715082062	0.714671442	0.935264308	0.724924458	0.705239665	-0.220182246
1.278937996	0.471698113	0.70248618	0.702566418	0.937493465	0.71233054	0.69264182	-0.235007285
1.295127084	0.471698113	0.690395188	0.69103274	0.939722622	0.70024032	0.680550056	-0.249327435
1.311316173	0.471698113	0.678934033	0.67950907	0.94195178	0.68877961	0.669088456	-0.263017747
1.327505261	0.471698113	0.668111451	0.668621623	0.944180937	0.677959214	0.658263688	-0.276069486
1.34369435	0.471698113	0.657822876	0.658035929	0.946410094	0.66767536	0.647970392	-0.288587218
1.359883439	0.471698113	0.647894659	0.647684733	0.948639252	0.657751931	0.638037387	-0.300744593
1.376072527	0.471698113	0.638149295	0.637846714	0.950868409	0.648008309	0.62829028	-0.312719114
1.392261616	0.471698113	0.628466247	0.628018446	0.953097566	0.638325573	0.618606921	-0.324631319
1.408450704	0.471698113	0.618817083	0.618422965	0.955326724	0.628681554	0.608952613	-0.33650964
1.424639793	0.471698113	0.609264525	0.609305003	0.957555881	0.619141296	0.599387754	-0.348291356
1.440828881	0.471698113	0.599928301	0.600012487	0.959785038	0.609816798	0.590039804	-0.359856737
1.45701797	0.471698113	0.590931674	0.591197244	0.962014195	0.600823045	0.581040303	-0.371082522
1.473207058	0.471698113	0.582348142	0.582610575	0.964243353	0.59224144	0.572454844	-0.381895211
1.489396147	0.471698113	0.574166819	0.574461685	0.96647251	0.584081101	0.564252538	-0.39230569
1.505585236	0.471698113	0.566288661	0.566438832	0.968701667	0.5762433	0.556334022	-0.402413006
1.521774324	0.471698113	0.558556339	0.558164746	0.970930825	0.568537851	0.548574827	-0.412374485
1.537963413	0.471698113	0.550811289	0.550353496	0.973159982	0.560793059	0.540829519	-0.422348693
1.554152501	0.471698113	0.542964582	0.542614453	0.975389139	0.552990806	0.532938357	-0.432424558
1.57034159	0.471698113	0.535065225	0.535108529	0.977618296	0.545252846	0.524877605	-0.442553071
1.586530678	0.471698113	0.527350453	0.528009867	0.979847454	0.53767568	0.517025227	-0.452497
1.602719767	0.471698113	0.520266606	0.52083622	0.982076611	0.530607662	0.509925549	-0.461810005
1.618908855	0.471698113	0.514455155	0.513718431	0.984305768	0.526526347	0.502383963	-0.469850613
0.566618099	0.943396226	2.34124601	2.349446202	0.909793521	2.353316679	2.32917534	1.431452489
0.582807188	0.943396226	2.189980321	2.183792686	0.912022678	2.200320918	2.179639725	1.277957643
0.598996277	0.943396226	2.056041981	2.049668696	0.914251835	2.066366394	2.045717567	1.141790145
0.615185365	0.943396226	1.94065635	1.938535547	0.916480993	1.950843172	1.930469527	1.024175357
0.631374454	0.943396226	1.843132029	1.845145797	0.91871015	1.853157476	1.833106582	0.924421879
0.647563542	0.943396226	1.761475045	1.765600094	0.920939307	1.771455866	1.751494224	0.840535738
0.663752631	0.943396226	1.693012839	1.696937092	0.923168464	1.702992911	1.683032767	0.769844375
0.679941719	0.943396226	1.634920266	1.637093276	0.925397622	1.644872928	1.624967605	0.709522645
0.696130808	0.943396226	1.584591403	1.58439915	0.927626779	1.594503617	1.57467919	0.656964624
0.712319896	0.943396226	1.539854106	1.537583317	0.929855936	1.549745493	1.529962719	0.60999817
0.728508985	0.943396226	1.499060932	1.495580993	0.932085094	1.508949813	1.489172051	0.566975839
0.744698073	0.943396226	1.461102228	1.457723175	0.934314251	1.470986581	1.451217875	0.526787978
0.760887162	0.943396226	1.425375764	1.423333741	0.936543408	1.43524693	1.415504598	0.488832356
0.777076251	0.943396226	1.391724105	1.391761842	0.938772565	1.401583031	1.381865179	0.45295154
0.793265339	0.943396226	1.360330525	1.362685563	0.941001723	1.370184743	1.350476306	0.419328802
0.809454428	0.943396226	1.331559793	1.335588993	0.94323088	1.341411357	1.321708229	0.388328913
0.825643516	0.943396226	1.305745625	1.310239629	0.945460037	1.315589359	1.295901892	0.360285588
0.841832605	0.943396226	1.282955621	1.286210621	0.947689195	1.292788782	1.273122461	0.335266427
0.858021693	0.943396226	1.262793088	1.26325856	0.949918352	1.272620931	1.252965245	0.312874736
0.874210782	0.943396226	1.244306532	1.241138459	0.952147509	1.254133268	1.234479795	0.292159022
0.89039987	0.943396226	1.226061559	1.219445495	0.954376666	1.235874142	1.216248975	0.271684892
0.906588959	0.943396226	1.206386484	1.1979457	0.956605824	1.216147928	1.196625039	0.24978066
0.922778048	0.943396226	1.183745156	1.176171279	0.958834981	1.193405881	1.174084432	0.224910175
0.938967136	0.943396226	1.157138909	1.153569685	0.961064138	1.166660013	1.147617805	0.196074771
0.955156225	0.943396226	1.126415478	1.12925404	0.963293296	1.135790484	1.117040472	0.163122183
0.958394042	0.943396226	1.119831381	1.124045374	0.963739127	1.129180079	1.110482682	0.156092254
0.96163186	0.943396226	1.11312293	1.118687903	0.964184959	1.12244708	1.103798781	0.148937972
0.964869678	0.943396226	1.106302289	1.113157975	0.96463079	1.115603961	1.097000618	0.141671499
0.968107496	0.943396226	1.099382777	1.10739515	0.965076622	1.108664329	1.090101224	0.134306155
0.971345313	0.943396226	1.092378747	1.10136072	0.965522453	1.101642801	1.083114693	0.126856294
0.974583131	0.943396226	1.085305448	1.094995361	0.965968284	1.094554852	1.076056044	0.119337163
0.977820949	0.943396226	1.078178884	1.088206252	0.966414116	1.087416678	1.068941089	0.111764768
0.981058766	0.943396226	1.071015657	1.080867819	0.966859947	1.080245038	1.061786276	0.10415571
0.984296584	0.943396226	1.063832793	1.072722697	0.967305779	1.073057069	1.054608518	0.096527015
0.987534402	0.943396226	1.056647592	1.063377875	0.96775161	1.065870139	1.047425046	0.088895982
0.99077222	0.943396226	1.049477443	1.051786585	0.968197442	1.058701661	1.040253225	0.081280002
0.994010037	0.943396226	1.04233966	1.033580978	0.968643273	1.051568927	1.033110392	0.073696386
0.997247855	0.943396226	1.035251297	1.013881502	0.969089105	1.044488923	1.02601367	0.066162192
1.000485673	0.943396226	1.028228998	1.011417691	0.969534936	1.037478182	1.018979815	0.058694062
1.00372349	0.943396226	1.021288825	1.008059501	0.969980767	1.030552608	1.012025042	0.051308058
1.006961308	0.943396226	1.014446091	1.004282723	0.970426599	1.023727319	1.005164863	0.044019492
1.010199126	0.943396226	1.007715231	1.00024193	0.97087243	1.017016517	0.998413945	0.0368428
1.013436944	0.943396226	1.001109651	0.996053259	0.971318262	1.010433341	0.991785961	0.029791389
1.016674761	0.943396226	0.994641612	0.991794427	0.971764093	1.003989756	0.985293468	0.022877519
1.019912579	0.943396226	0.988322107	0.987457637	0.972209925	0.997696435	0.978947778	0.016112182
1.036101667	0.943396226	0.959238505	0.965573634	0.974439082	0.968757634	0.949719375	-0.015200577
1.052290756	0.943396226	0.934672303	0.943977143	0.976668239	0.944328534	0.925016072	-0.041995936
1.068479845	0.943396226	0.914318143	0.923017464	0.978897397	0.924072608	0.904563678	-0.064579253
1.084668933	0.943396226	0.897107976	0.902807901	0.981126554	0.906912827	0.887303126	-0.084018578
1.100858022	0.943396226	0.881581652	0.883350514	0.983355711	0.891401154	0.87176215	-0.101774059
1.11704711	0.943396226	0.866328239	0.864618711	0.985584868	0.876147656	0.856508822	-0.11925663
1.133236199	0.943396226	0.850360858	0.84660714	0.987814026	0.860181026	0.84054069	-0.137453168
1.149425287	0.943396226	0.833318919	0.82927836	0.990043183	0.843144509	0.82349333	-0.156724264
1.165614376	0.943396226	0.815455099	0.81260048	0.99227234	0.825286976	0.805623223	-0.176817241
1.181803464	0.943396226	0.797436978	0.796510904	0.994501498	0.807272311	0.787601645	-0.197064519
1.197992553	0.943396226	0.780049553	0.781028263	0.996730655	0.789885599	0.770213506	-0.216681102
1.214181642	0.943396226	0.763907326	0.766044505	0.998959812	0.773743571	0.754071081	-0.235052486
1.23037073	0.943396226	0.749268504	0.751644654	1.00118897	0.759105976	0.739431032	-0.251920465
1.246559819	0.943396226	0.735998336	0.737651216	1.003418127	0.745838113	0.726158559	-0.267419791
1.262748907	0.943396226	0.723672386	0.724172883	1.005647284	0.733514782	0.71382999	-0.281974898
1.278937996	0.943396226	0.711764029	0.711109664	1.007876441	0.721608389	0.701919669	-0.296112412
1.295127084	0.943396226	0.699838946	0.69848197	1.010105599	0.709684078	0.689993814	-0.310266653
1.311316173	0.943396226	0.687687382	0.686228597	1.012334756	0.697532959	0.677841805	-0.324647374
1.327505261	0.943396226	0.675356322	0.674343028	1.014563913	0.685204085	0.665508559	-0.339207591
1.34369435	0.943396226	0.663084462	0.662831731	1.016793071	0.672936946	0.653231978	-0.353708609
1.359883439	0.943396226	0.651177433	0.651647422	1.019022228	0.661034705	0.641320162	-0.367844795
1.376072527	0.943396226	0.639877364	0.640770385	1.021251385	0.649736379	0.63001835	-0.381374021
1.392261616	0.943396226	0.629275783	0.630134505	1.023480542	0.639135109	0.619416458	-0.394204759
1.408450704	0.943396226	0.619296467	0.619817584	1.0257097	0.629160938	0.609431997	-0.406413232
1.424639793	0.943396226	0.609745287	0.609882521	1.027938857	0.619622058	0.599868516	-0.41819357
1.440828881	0.943396226	0.600399152	0.600050662	1.030168014	0.610287648	0.590510655	-0.429768862
1.45701797	0.943396226	0.591094382	0.590525898	1.032397172	0.600985752	0.581203011	-0.44130279
1.473207058	0.943396226	0.581779397	0.581293796	1.034626329	0.591672695	0.5718861	-0.452846931
1.489396147	0.943396226	0.572514122	0.572314411	1.036855486	0.582428404	0.56259984	-0.464341364
1.505585236	0.943396226	0.563421467	0.563389815	1.039084644	0.573376106	0.553466827	-0.475663177
1.521774324	0.943396226	0.554615713	0.55481231	1.041313801	0.564597225	0.544634201	-0.486698088
1.537963413	0.943396226	0.546141714	0.546344588	1.043542958	0.556123484	0.536159944	-0.497401244
1.554152501	0.943396226	0.537954886	0.538135241	1.045772115	0.547981111	0.527928662	-0.507817229
1.57034159	0.943396226	0.529956987	0.530037423	1.048001273	0.540144607	0.519769367	-0.518044286
1.586530678	0.943396226	0.522082385	0.522187249	1.05023043	0.532407611	0.511757159	-0.528148045
1.602719767	0.943396226	0.51441085	0.514398695	1.052459587	0.524751906	0.504069794	-0.538048737
1.618908855	0.943396226	0.507271979	0.506964229	1.054688744	0.51934317	0.495200787	-0.547416766
0.566618099	1.41509434	2.363011475	2.370186441	0.980176497	2.375082145	2.350940805	1.382834978
0.582807188	1.41509434	2.20551807	2.199814174	0.982405654	2.215858666	2.195177473	1.223112415
0.598996277	1.41509434	2.067190069	2.061951719	0.984634812	2.077514483	2.056865655	1.082555258
0.615185365	1.41509434	1.949217382	1.948142346	0.986863969	1.959404205	1.939030559	0.962353414
0.631374454	1.41509434	1.850429389	1.852622741	0.989093126	1.860454836	1.840403942	0.861336262
0.647563542	1.41509434	1.768097768	1.771181304	0.991322283	1.778078589	1.758116948	0.776775485
0.663752631	1.41509434	1.698819775	1.701060282	0.993551441	1.708799847	1.688839703	0.705268334
0.679941719	1.41509434	1.639293659	1.639831588	0.995780598	1.64924632	1.629340997	0.643513061
0.696130808	1.41509434	1.586847696	1.586015881	0.998009755	1.59675991	1.576935483	0.588837941
0.712319896	1.41509434	1.539663359	1.538261693	1.000238913	1.549554746	1.529771972	0.539424446
0.728508985	1.41509434	1.496717566	1.495441214	1.00246807	1.506606447	1.486828685	0.494249496
0.744698073	1.41509434	1.457536328	1.456920919	1.004697227	1.467420681	1.447651975	0.452839101
0.760887162	1.41509434	1.421884308	1.421893468	1.006926384	1.431755474	1.412013142	0.414957924
0.777076251	1.41509434	1.389506779	1.38986743	1.009155542	1.399365705	1.379647853	0.380351237
0.793265339	1.41509434	1.359998172	1.360330497	1.011384699	1.36985239	1.350143953	0.348613473
0.809454428	1.41509434	1.332812194	1.332996104	1.013613856	1.342663758	1.32296063	0.319198337
0.825643516	1.41509434	1.307373054	1.307383921	1.015843014	1.317216788	1.297529321	0.291530041
0.841832605	1.41509434	1.283213986	1.283324333	1.018072171	1.293047146	1.273380826	0.265141815
0.858021693	1.41509434	1.260067713	1.260437378	1.020301328	1.269895556	1.250239871	0.239766385
0.874210782	1.41509434	1.237861429	1.238577126	1.022530486	1.247688165	1.228034692	0.215330943
0.89039987	1.41509434	1.216614134	1.217445033	1.024759643	1.226426718	1.206801551	0.191854492
0.906588959	1.41509434	1.196278519	1.196801397	1.0269888	1.206039964	1.186517075	0.169289719
0.922778048	1.41509434	1.176596103	1.176418177	1.029217957	1.186256827	1.166935378	0.147378145
0.938967136	1.41509434	1.157032981	1.15603907	1.031447115	1.166554085	1.147511877	0.125585866
0.955156225	1.41509434	1.136835062	1.13536193	1.033676272	1.146210068	1.127460056	0.10315879
0.958394042	1.41509434	1.132646773	1.131168859	1.034122103	1.141995471	1.123298075	0.09852467
0.96163186	1.41509434	1.128394239	1.126944995	1.034567935	1.137718389	1.11907009	0.093826304
0.964869678	1.41509434	1.124071788	1.122678119	1.035013766	1.13337346	1.114770116	0.089058022
0.968107496	1.41509434	1.119674197	1.118400616	1.035459598	1.12895575	1.110392644	0.084214599
0.971345313	1.41509434	1.115196769	1.114059369	1.035905429	1.124460823	1.105932715	0.07929134
0.974583131	1.41509434	1.110635399	1.109688477	1.036351261	1.119884803	1.101385995	0.074284138
0.977820949	1.41509434	1.105986646	1.105260557	1.036797092	1.11522444	1.096748851	0.069189554
0.981058766	1.41509434	1.101247788	1.100790593	1.037242924	1.11047717	1.092018407	0.064004865
0.984296584	1.41509434	1.096416871	1.096274697	1.037688755	1.105641147	1.087192596	0.058728116
0.987534402	1.41509434	1.091492758	1.091674787	1.038134587	1.100715305	1.082270212	0.053358172
0.99077222	1.41509434	1.086475159	1.087011518	1.038580418	1.095699377	1.077250942	0.047894741
0.994010037	1.41509434	1.081364661	1.082271342	1.039026249	1.090593928	1.072135394	0.042338411
0.997247855	1.41509434	1.076162732	1.077461138	1.039472081	1.085400359	1.066925105	0.036690651
1.000485673	1.41509434	1.070871743	1.072558	1.039917912	1.080120927	1.061622559	0.030953831
1.00372349	1.41509434	1.065494951	1.067545335	1.040363744	1.074758734	1.056231168	0.025131208
1.006961308	1.41509434	1.060036484	1.062412888	1.040809575	1.069317713	1.050755256	0.019226909
1.010199126	1.41509434	1.05450132	1.057156742	1.041255407	1.063802607	1.045200034	0.013245914
1.013436944	1.41509434	1.048895249	1.051752359	1.041701238	1.058218939	1.039571559	0.007194011
1.016674761	1.41509434	1.043224827	1.046199046	1.04214707	1.052572971	1.033876683	0.001077758
1.019912579	1.41509434	1.037497316	1.040443416	1.042592901	1.046871645	1.028122987	-0.005095585
1.036101667	1.41509434	1.008298856	1.007679249	1.044822058	1.017817985	0.998779726	-0.036523203
1.052290756	1.41509434	0.979041233	0.969820313	1.047051216	0.988697464	0.969385001	-0.068009983
1.068479845	1.41509434	0.950945461	0.944064654	1.049280373	0.960699926	0.941190996	-0.098334912
1.084668933	1.41509434	0.925025157	0.923508575	1.05150953	0.934830008	0.915220306	-0.126484373
1.100858022	1.41509434	0.901861047	0.904033644	1.053738688	0.911680549	0.892041545	-0.15187764
1.11704711	1.41509434	0.881500638	0.885109128	1.055967845	0.891320055	0.871681221	-0.174467207
1.133236199	1.41509434	0.863506021	0.866742623	1.058197002	0.873326189	0.853685853	-0.194690981
1.149425287	1.41509434	0.847126291	0.848872491	1.060426159	0.856951881	0.837300701	-0.213299869
1.165614376	1.41509434	0.831534448	0.831544186	1.062655317	0.841366324	0.821702572	-0.231120869
1.181803464	1.41509434	0.81605378	0.814681631	1.064884474	0.825889112	0.806218447	-0.248830694
1.197992553	1.41509434	0.8003087	0.798381269	1.067113631	0.810144747	0.790472654	-0.266804931
1.214181642	1.41509434	0.784264988	0.782595645	1.069342789	0.794101233	0.774428743	-0.285077801
1.23037073	1.41509434	0.768162475	0.767311931	1.071571946	0.777999947	0.758325003	-0.30340947
1.246559819	1.41509434	0.752376447	0.752494796	1.073801103	0.762216224	0.74253667	-0.321424656
1.262748907	1.41509434	0.737261657	0.738125516	1.07603026	0.747104053	0.72741926	-0.338768604
1.278937996	1.41509434	0.723030947	0.724221904	1.078259418	0.732875308	0.713186587	-0.35522847
1.295127084	1.41509434	0.709701879	0.710718417	1.080488575	0.719547011	0.699856747	-0.370786696
1.311316173	1.41509434	0.697117679	0.697622664	1.082717732	0.706963256	0.687272102	-0.385600053
1.327505261	1.41509434	0.685023563	0.684895477	1.08494689	0.694871326	0.675175799	-0.399923327
1.34369435	1.41509434	0.673164047	0.672560167	1.087176047	0.683016531	0.663311563	-0.414012
1.359883439	1.41509434	0.661365355	0.660553479	1.089405204	0.671222627	0.651508083	-0.428039849
1.376072527	1.41509434	0.649577609	0.648894533	1.091634361	0.659436623	0.639718594	-0.442056753
1.392261616	1.41509434	0.637869025	0.637541523	1.093863519	0.64772835	0.628009699	-0.455994494
1.408450704	1.41509434	0.626381545	0.626465985	1.096092676	0.636246016	0.616517074	-0.469711131
1.424639793	1.41509434	0.615268511	0.615714333	1.098321833	0.625145282	0.60539174	-0.483053322
1.440828881	1.41509434	0.604637386	0.605255775	1.100550991	0.614525883	0.594748889	-0.495913605
1.45701797	1.41509434	0.594514847	0.595013714	1.102780148	0.604406218	0.584623477	-0.508265301
1.473207058	1.41509434	0.584841418	0.585067358	1.105009305	0.594734716	0.574948121	-0.520167887
1.489396147	1.41509434	0.575492543	0.575376482	1.107238463	0.585406825	0.565578261	-0.53174592
1.505585236	1.41509434	0.566316338	0.565865428	1.10946762	0.576270977	0.556361699	-0.543151282
1.521774324	1.41509434	0.557176641	0.556599802	1.111696777	0.567158153	0.547195129	-0.554520136
1.537963413	1.41509434	0.547992755	0.547512724	1.113925934	0.557974526	0.538010985	-0.565933179
1.554152501	1.41509434	0.538772124	0.538702913	1.116155092	0.548798349	0.5287459	-0.577382967
1.57034159	1.41509434	0.529636263	0.530064442	1.118384249	0.539823883	0.519448642	-0.588747986
1.586530678	1.41509434	0.520841836	0.521599471	1.120613406	0.531167062	0.51051661	-0.59977157
1.602719767	1.41509434	0.512797245	0.513297045	1.122842564	0.523138301	0.502456188	-0.610045319
1.618908855	1.41509434	0.506071681	0.505131835	1.125071721	0.518142873	0.494000489	-0.61900004
0.566618099	1.886792453	2.384214764	2.391862032	1.050559473	2.396285434	2.372144094	1.333655291
0.582807188	1.886792453	2.222852637	2.216644946	1.05278863	2.233193234	2.212512041	1.170064007
0.598996277	1.886792453	2.080761712	2.074954642	1.055017788	2.091086126	2.070437298	1.025743924
0.615185365	1.886792453	1.959385102	1.958224024	1.057246945	1.969571925	1.94919828	0.902138157
0.631374454	1.886792453	1.857773103	1.860405257	1.059476102	1.86779855	1.847747656	0.798297001
0.647563542	1.886792453	1.773319941	1.777097219	1.06170526	1.783300762	1.76333912	0.711614682
0.663752631	1.886792453	1.70260545	1.705286623	1.063934417	1.712585522	1.692625378	0.638671033
0.679941719	1.886792453	1.64216977	1.642739121	1.066163574	1.652122431	1.632217108	0.576006196
0.696130808	1.886792453	1.589086952	1.587873261	1.068392732	1.598999165	1.579174738	0.52069422
0.712319896	1.886792453	1.541267243	1.539060018	1.070621889	1.55115863	1.531375856	0.470645355
0.728508985	1.886792453	1.497488802	1.495431273	1.072851046	1.507377683	1.487599921	0.424637756
0.744698073	1.886792453	1.457220499	1.456201607	1.075080203	1.467104852	1.447336146	0.382140296
0.760887162	1.886792453	1.420333594	1.420518901	1.077309361	1.43020476	1.410462428	0.343024233
0.777076251	1.886792453	1.386806336	1.387996503	1.079538518	1.396665262	1.37694741	0.307267818
0.793265339	1.886792453	1.356504045	1.358057793	1.081767675	1.366358264	1.346649827	0.27473637
0.809454428	1.886792453	1.329078345	1.330311206	1.083996833	1.338929909	1.319226781	0.245081513
0.825643516	1.886792453	1.303985899	1.304446902	1.08622599	1.313829632	1.294142165	0.217759909
0.841832605	1.886792453	1.280591774	1.280220056	1.088455147	1.290424934	1.270758613	0.192136627
0.858021693	1.886792453	1.258304065	1.257303886	1.090684304	1.268131908	1.248476222	0.167619761
0.874210782	1.886792453	1.236686671	1.235538101	1.092913462	1.246513407	1.226859934	0.143773209
0.89039987	1.886792453	1.215513268	1.21465277	1.095142619	1.225325851	1.205700684	0.120370649
0.906588959	1.886792453	1.194749962	1.194460634	1.097371776	1.204511407	1.184988517	0.097378186
0.922778048	1.886792453	1.174478751	1.174810583	1.099600934	1.184139476	1.164818026	0.074877817
0.938967136	1.886792453	1.154791382	1.155500388	1.101830091	1.164312486	1.145270279	0.052961292
0.955156225	1.886792453	1.135689774	1.136423466	1.104059248	1.14506478	1.126314768	0.031630526
0.958394042	1.886792453	1.131929515	1.132635242	1.10450508	1.141278213	1.122580817	0.027424435
0.96163186	1.886792453	1.128185222	1.128811847	1.104950911	1.137509372	1.118861072	0.023234311
0.964869678	1.886792453	1.124454633	1.12500981	1.105396743	1.133756305	1.115152962	0.019057891
0.968107496	1.886792453	1.120735241	1.121206241	1.105842574	1.130016794	1.111453688	0.014892667
0.971345313	1.886792453	1.117024313	1.117404724	1.106288405	1.126288367	1.107760259	0.010735908
0.974583131	1.886792453	1.113318908	1.113608719	1.106734237	1.122568311	1.104069504	0.006584671
0.977820949	1.886792453	1.109615904	1.109774018	1.107180068	1.118853699	1.100378109	0.002435836
0.981058766	1.886792453	1.105912027	1.105976513	1.1076259	1.115141409	1.096682645	-0.001713873
0.984296584	1.886792453	1.10220387	1.10214931	1.108071731	1.111428146	1.092979595	-0.005867861
0.987534402	1.886792453	1.098487936	1.098320451	1.108517563	1.107710483	1.089265389	-0.010029627
0.99077222	1.886792453	1.094760662	1.094472067	1.108963394	1.103984881	1.085536444	-0.014202732
0.994010037	1.886792453	1.09101846	1.090630961	1.109409226	1.100247727	1.081789193	-0.018390766
0.997247855	1.886792453	1.087257743	1.086779799	1.109855057	1.09649537	1.078020117	-0.022597314
1.000485673	1.886792453	1.083474973	1.082923469	1.110300889	1.092724157	1.074225789	-0.026825916
1.00372349	1.886792453	1.079666687	1.079046408	1.11074672	1.08893047	1.070402903	-0.031080033
1.006961308	1.886792453	1.075829535	1.075154355	1.111192551	1.085110763	1.066548306	-0.035363017
1.010199126	1.886792453	1.07196032	1.071272221	1.111638383	1.081261607	1.062659034	-0.039678063
1.013436944	1.886792453	1.068056028	1.067366004	1.112084214	1.077379718	1.058732338	-0.044028186
1.016674761	1.886792453	1.064113861	1.06344191	1.112530046	1.073462004	1.054765717	-0.048416185
1.019912579	1.886792453	1.060131264	1.059505831	1.112975877	1.069505593	1.050756936	-0.052844613
1.036101667	1.886792453	1.039543305	1.039534446	1.115205035	1.049062435	1.030024176	-0.075661729
1.052290756	1.886792453	1.017746853	1.018880993	1.117434192	1.027403084	1.008090621	-0.099687339
1.068479845	1.886792453	0.994820235	0.996950631	1.119663349	1.004574699	0.98506577	-0.124843115
1.084668933	1.886792453	0.971074404	0.972899652	1.121892506	0.980879255	0.961269553	-0.150818102
1.100858022	1.886792453	0.946997969	0.946870109	1.124121664	0.956817471	0.937178467	-0.177123695
1.11704711	1.886792453	0.923162744	0.921481468	1.126350821	0.932982161	0.913343327	-0.203188077
1.133236199	1.886792453	0.900113328	0.898510464	1.128579978	0.909933496	0.89029316	-0.22846665
1.149425287	1.886792453	0.878267636	0.877598055	1.130809136	0.888093226	0.868442047	-0.252541499
1.165614376	1.886792453	0.85785159	0.858124753	1.133038293	0.867683467	0.848019714	-0.275186702
1.181803464	1.886792453	0.83888158	0.839637754	1.13526745	0.848716913	0.829046247	-0.29638587
1.197992553	1.886792453	0.821195368	0.821977723	1.137496608	0.831031415	0.811359322	-0.316301239
1.214181642	1.886792453	0.804519615	0.805023627	1.139725765	0.81435586	0.79468337	-0.33520615
1.23037073	1.886792453	0.788553367	0.788630068	1.141954922	0.798390839	0.778715895	-0.353401555
1.246559819	1.886792453	0.773044268	0.77273806	1.144184079	0.782884045	0.76320449	-0.371139812
1.262748907	1.886792453	0.757838239	0.757430297	1.146413237	0.767680636	0.747995843	-0.388574997
1.278937996	1.886792453	0.742892623	0.742480235	1.148642394	0.752736983	0.733048263	-0.405749771
1.295127084	1.886792453	0.728254254	0.728062141	1.150871551	0.738099385	0.718409122	-0.422617298
1.311316173	1.886792453	0.714014101	0.714026235	1.153100709	0.723859678	0.704168525	-0.439086607
1.327505261	1.886792453	0.700256039	0.700541551	1.155329866	0.710103802	0.690408275	-0.455073827
1.34369435	1.886792453	0.687017228	0.687274666	1.157559023	0.696869712	0.677164744	-0.470541795
1.359883439	1.886792453	0.674272155	0.674430417	1.15978818	0.684129427	0.664414883	-0.485516025
1.376072527	1.886792453	0.661943259	0.661945983	1.162017338	0.671802274	0.652084245	-0.500074078
1.392261616	1.886792453	0.649931725	0.649785506	1.164246495	0.65979105	0.640072399	-0.51431477
1.408450704	1.886792453	0.638155261	0.637956189	1.166475652	0.648019731	0.62829079	-0.528320392
1.424639793	1.886792453	0.626577725	0.626447873	1.16870481	0.636454496	0.616700954	-0.542127084
1.440828881	1.886792453	0.615218846	0.615214756	1.170933967	0.625107343	0.60533035	-0.555715121
1.45701797	1.886792453	0.604139723	0.604284763	1.173163124	0.614031093	0.594248352	-0.569023402
1.473207058	1.886792453	0.593408956	0.593592612	1.175392281	0.603302254	0.583515659	-0.581983325
1.489396147	1.886792453	0.583062011	0.583202425	1.177621439	0.592976293	0.573147729	-0.594559428
1.505585236	1.886792453	0.573070399	0.573031916	1.179850596	0.583025038	0.563115759	-0.606780197
1.521774324	1.886792453	0.563336013	0.563086452	1.182079753	0.573317525	0.5533545	-0.618743741
1.537963413	1.886792453	0.553719705	0.553383461	1.184308911	0.563701475	0.543737935	-0.630589206
1.554152501	1.886792453	0.544103633	0.54392133	1.186538068	0.554129857	0.534077408	-0.642434435
1.57034159	1.886792453	0.534476566	0.534637676	1.188767225	0.544664186	0.524288946	-0.654290659
1.586530678	1.886792453	0.525023239	0.525563503	1.190996382	0.535348465	0.514698012	-0.665973144
1.602719767	1.886792453	0.516195012	0.516676356	1.19322554	0.526536068	0.505853956	-0.677030528
1.618908855	1.886792453	0.508740934	0.507979853	1.195454697	0.520812126	0.496669742	-0.686713763
0.566618099	2.358490566	2.405955993	2.413777154	1.120942449	2.418026663	2.393885323	1.285013543
0.582807188	2.358490566	2.240059682	2.233712987	1.123171607	2.250400278	2.229719085	1.116888075
0.598996277	2.358490566	2.094303926	2.088445068	1.125400764	2.104628339	2.083979512	0.968903162
0.615185365	2.358490566	1.969969446	1.968774891	1.127629921	1.980156269	1.959782623	0.842339525
0.631374454	2.358490566	1.865939573	1.868472762	1.129859079	1.87596502	1.855914126	0.736080494
0.647563542	2.358490566	1.779471277	1.783170748	1.132088236	1.789452098	1.769490456	0.647383042
0.663752631	2.358490566	1.707054162	1.709857888	1.134317393	1.717034234	1.69707409	0.572736769
0.679941719	2.358490566	1.645183107	1.645905663	1.13654655	1.655135769	1.635230445	0.508636557
0.696130808	2.358490566	1.59091427	1.589826458	1.138775708	1.600826483	1.581002056	0.452138562
0.712319896	2.358490566	1.542143009	1.540031004	1.141004865	1.552034396	1.532251622	0.401138144
0.728508985	2.358490566	1.497615225	1.49558888	1.143234022	1.507504105	1.487726344	0.354381202
0.744698073	2.358490566	1.456742611	1.455580478	1.14546318	1.466626964	1.446858258	0.311279431
0.760887162	2.358490566	1.419323151	1.419281581	1.147692337	1.429194317	1.409451985	0.271630814
0.777076251	2.358490566	1.385267632	1.386186543	1.149921494	1.395126558	1.375408705	0.235346137
0.793265339	2.358490566	1.354405548	1.355751248	1.152150651	1.364259766	1.344551329	0.202254896
0.809454428	2.358490566	1.326402369	1.327663789	1.154379809	1.336253933	1.316550805	0.17202256
0.825643516	2.358490566	1.300778938	1.3014979	1.156608966	1.310622671	1.290935205	0.144169972
0.841832605	2.358490566	1.276994959	1.277020742	1.158838123	1.28682812	1.267161799	0.118156836
0.858021693	2.358490566	1.254548601	1.253994281	1.161067281	1.264376444	1.244720758	0.093481321
0.874210782	2.358490566	1.233051884	1.232140537	1.163296438	1.24287862	1.223225148	0.069755446
0.89039987	2.358490566	1.212260813	1.211367939	1.165525595	1.222073397	1.202448229	0.046735218
0.906588959	2.358490566	1.192060559	1.191374544	1.167754752	1.201822003	1.182299114	0.024305806
0.922778048	2.358490566	1.172421779	1.172112524	1.16998391	1.182082504	1.162761055	0.002437869
0.938967136	2.358490566	1.153349757	1.153417028	1.172213067	1.162870861	1.143828653	-0.01886331
0.955156225	2.358490566	1.134843944	1.135140427	1.174442224	1.14421895	1.125468938	-0.039598281
0.958394042	2.358490566	1.131208811	1.131533628	1.174888056	1.140557509	1.121860113	-0.043679245
0.96163186	2.358490566	1.127594897	1.127935746	1.175333887	1.136919046	1.118270747	-0.04773899
0.964869678	2.358490566	1.124001751	1.124348196	1.175779719	1.133303423	1.11470008	-0.051777968
0.968107496	2.358490566	1.120428865	1.12080078	1.17622555	1.129710419	1.111147312	-0.055796685
0.971345313	2.358490566	1.116875678	1.117237445	1.176671382	1.126139732	1.107611624	-0.059795704
0.974583131	2.358490566	1.11334157	1.113688299	1.177117213	1.122590973	1.104092166	-0.063775644
0.977820949	2.358490566	1.109825872	1.110154498	1.177563045	1.119063666	1.100588078	-0.067737173
0.981058766	2.358490566	1.106327865	1.106610357	1.178008876	1.115557247	1.097098484	-0.071681011
0.984296584	2.358490566	1.102846776	1.103084489	1.178454707	1.112071052	1.0936225	-0.075607931
0.987534402	2.358490566	1.099381783	1.099577837	1.178900539	1.10860433	1.090159237	-0.079518755
0.99077222	2.358490566	1.095932017	1.096091279	1.17934637	1.105156235	1.086707799	-0.083414353
0.994010037	2.358490566	1.092496558	1.092600443	1.179792202	1.101725825	1.083267291	-0.087295644
0.997247855	2.358490566	1.089074435	1.089107223	1.180238033	1.098312061	1.079836809	-0.091163598
1.000485673	2.358490566	1.085664631	1.085637837	1.180683865	1.094913814	1.076415447	-0.095019234
1.00372349	2.358490566	1.082266077	1.082168806	1.181129696	1.09152986	1.073002294	-0.098863619
1.006961308	2.358490566	1.078877653	1.078701731	1.181575528	1.088158882	1.069596425	-0.102697874
1.010199126	2.358490566	1.07549819	1.075261438	1.182021359	1.084799476	1.066196904	-0.106523169
1.013436944	2.358490566	1.072126464	1.071825276	1.182467191	1.081450154	1.062802774	-0.110340727
1.016674761	2.358490566	1.0687612	1.068371905	1.182913022	1.078109344	1.059413057	-0.114151822
1.019912579	2.358490566	1.065401069	1.064948109	1.183358854	1.074775398	1.056026741	-0.117957784
1.036101667	2.358490566	1.0486272	1.047898842	1.185588011	1.05814633	1.039108071	-0.13696081
1.052290756	2.358490566	1.031753088	1.030973034	1.187817168	1.041409319	1.022096857	-0.15606408
1.068479845	2.358490566	1.014563966	1.014060152	1.190046325	1.024318431	1.004809502	-0.175482359
1.084668933	2.358490566	0.996844319	0.996934682	1.192275483	1.00664917	0.987039468	-0.195431164
1.100858022	2.358490566	0.978415055	0.97917969	1.19450464	0.988234557	0.968595553	-0.216089585
1.11704711	2.358490566	0.959177948	0.960339812	1.196733797	0.968997365	0.949358531	-0.23755585
1.133236199	2.358490566	0.939154026	0.940070182	1.198962955	0.948974194	0.929333858	-0.259808928
1.149425287	2.358490566	0.918501472	0.918610263	1.201192112	0.928327062	0.908675882	-0.28269064
1.165614376	2.358490566	0.897503109	0.896816523	1.203421269	0.907334985	0.887671233	-0.30591816
1.181803464	2.358490566	0.876522782	0.875524769	1.205650426	0.886358115	0.86668745	-0.329127644
1.197992553	2.358490566	0.855940114	0.855181691	1.207879584	0.86577616	0.846104068	-0.35193947
1.214181642	2.358490566	0.836080774	0.835858083	1.210108741	0.845917019	0.826244529	-0.374027967
1.23037073	2.358490566	0.81716123	0.81740438	1.212337898	0.826998702	0.807323758	-0.395176669
1.246559819	2.358490566	0.799262486	0.799784893	1.214567056	0.809102264	0.789422709	-0.415304569
1.262748907	2.358490566	0.78233807	0.782899705	1.216796213	0.792180467	0.772495674	-0.434458142
1.278937996	2.358490566	0.76625083	0.766640882	1.21902537	0.77609519	0.75640647	-0.45277454
1.295127084	2.358490566	0.750824952	0.750888271	1.221254527	0.760670084	0.74097982	-0.470429575
1.311316173	2.358490566	0.735896442	0.735721335	1.223483685	0.745742019	0.726050865	-0.487587243
1.327505261	2.358490566	0.721348084	0.720998769	1.225712842	0.731195848	0.711500321	-0.504364758
1.34369435	2.358490566	0.707121958	0.706805938	1.227941999	0.716974442	0.697269474	-0.520820042
1.359883439	2.358490566	0.693211066	0.692978915	1.230171157	0.703068338	0.683353794	-0.53696009
1.376072527	2.358490566	0.679638254	0.679506793	1.232400314	0.689497269	0.669779239	-0.55276206
1.392261616	2.358490566	0.66643315	0.666523169	1.234629471	0.676292476	0.656573825	-0.568196321
1.408450704	2.358490566	0.653615915	0.653824314	1.236858628	0.663480386	0.643751445	-0.583242713
1.424639793	2.358490566	0.641191418	0.641358435	1.239087786	0.651068189	0.631314647	-0.597896368
1.440828881	2.358490566	0.629151786	0.629319359	1.241316943	0.639040283	0.61926329	-0.612165157
1.45701797	2.358490566	0.617481484	0.617724097	1.2435461	0.627372855	0.607590114	-0.626064616
1.473207058	2.358490566	0.606158975	0.606163349	1.245775258	0.616052273	0.596265678	-0.639616282
1.489396147	2.358490566	0.59515242	0.595065177	1.248004415	0.605066702	0.585238138	-0.652851995
1.505585236	2.358490566	0.58441232	0.584090911	1.250233572	0.594366959	0.57445768	-0.665821252
1.521774324	2.358490566	0.573868857	0.573561223	1.252462729	0.583850369	0.563887345	-0.678593872
1.537963413	2.358490566	0.563443611	0.56318442	1.254691887	0.573425382	0.553461841	-0.691248275
1.554152501	2.358490566	0.553082957	0.553044268	1.256921044	0.563109181	0.543056732	-0.703838087
1.57034159	2.358490566	0.54281396	0.543116676	1.259150201	0.55300158	0.53262634	-0.716336241
1.586530678	2.358490566	0.532815046	0.533406322	1.261379359	0.543140272	0.52248982	-0.728564313
1.602719767	2.358490566	0.523485675	0.523928953	1.263608516	0.533826731	0.513144619	-0.740122841
1.618908855	2.358490566	0.515494866	0.5146258	1.265837673	0.527566057	0.503423675	-0.750342807
0.566618099	3.301886792	2.452615221	2.460816144	1.261708402	2.464685891	2.440544551	1.190906819
0.582807188	3.301886792	2.276724131	2.269976574	1.263937559	2.287064727	2.266383535	1.012786572
0.598996277	3.301886792	2.122778712	2.11659157	1.266166716	2.133103125	2.112454298	0.856611995
0.615185365	3.301886792	1.991928484	1.990809263	1.268395874	2.002115307	1.981741661	0.72353261
0.631374454	3.301886792	1.882806446	1.885568933	1.270625031	1.892831893	1.872780999	0.612181415
0.647563542	3.301886792	1.792357289	1.796336237	1.272854188	1.80233811	1.782376468	0.5195031
0.663752631	3.301886792	1.716755421	1.719522034	1.275083346	1.726735493	1.70677535	0.441672076
0.679941719	3.301886792	1.652227138	1.652914149	1.277312503	1.6621798	1.642274477	0.374914636
0.696130808	3.301886792	1.595637807	1.594323204	1.27954166	1.60555002	1.585725594	0.316096147
0.712319896	3.301886792	1.544778384	1.542546762	1.281770817	1.554669771	1.534886997	0.263007567
0.728508985	3.301886792	1.498363968	1.496319606	1.283999975	1.508252849	1.488475087	0.214363993
0.744698073	3.301886792	1.455821173	1.45474851	1.286229132	1.465705525	1.44593682	0.169592041
0.760887162	3.301886792	1.416975342	1.417119331	1.288458289	1.426846508	1.407104176	0.128517053
0.777076251	3.301886792	1.381748711	1.382778543	1.290687447	1.391607637	1.371889785	0.091061264
0.793265339	3.301886792	1.349951061	1.35134226	1.292916604	1.359805279	1.340096842	0.057034457
0.809454428	3.301886792	1.321198434	1.322354701	1.295145761	1.331049998	1.31134687	0.026052673
0.825643516	3.301886792	1.294948699	1.295505064	1.297374918	1.304792432	1.285104966	-0.00242622
0.841832605	3.301886792	1.270608999	1.270476123	1.299604076	1.280442159	1.260775839	-0.028995077
0.858021693	3.301886792	1.247657493	1.246953448	1.301833233	1.257485336	1.23782965	-0.05417574
0.874210782	3.301886792	1.225729999	1.224827784	1.30406239	1.235556736	1.215903263	-0.078332391
0.89039987	3.301886792	1.20464522	1.203906585	1.306291548	1.214457804	1.194832637	-0.101646327
0.906588959	3.301886792	1.18436947	1.183984474	1.308520705	1.194130914	1.174608025	-0.124151235
0.922778048	3.301886792	1.164943732	1.164931229	1.310749862	1.174604456	1.155283007	-0.14580613
0.938967136	3.301886792	1.146405561	1.146672517	1.312979019	1.155926665	1.136884457	-0.166573459
0.955156225	3.301886792	1.128734718	1.12906722	1.315208177	1.138109724	1.119359711	-0.186473459
0.958394042	3.301886792	1.125297556	1.125614412	1.315654008	1.134646254	1.115948858	-0.190356452
0.96163186	3.301886792	1.121890459	1.122198131	1.31609984	1.131214609	1.11256631	-0.194209381
0.964869678	3.301886792	1.118512286	1.118817761	1.316545671	1.127813958	1.109210615	-0.198033385
0.968107496	3.301886792	1.115161837	1.115438513	1.316991503	1.12444339	1.105880284	-0.201829666
0.971345313	3.301886792	1.111837867	1.112060947	1.317437334	1.121101921	1.102573813	-0.205599467
0.974583131	3.301886792	1.108539101	1.108718982	1.317883165	1.117788505	1.099289698	-0.209344064
0.977820949	3.301886792	1.105264255	1.105411958	1.318328997	1.11450205	1.096026461	-0.213064742
0.981058766	3.301886792	1.102012051	1.102139219	1.318774828	1.111241431	1.09278267	-0.216762778
0.984296584	3.301886792	1.098781225	1.098867819	1.31922066	1.1080055	1.089556949	-0.220439435
0.987534402	3.301886792	1.095570554	1.095598171	1.319666491	1.104793101	1.086348008	-0.224095937
0.99077222	3.301886792	1.092378865	1.092362219	1.320112323	1.101603083	1.083154648	-0.227733458
0.994010037	3.301886792	1.089205048	1.089159257	1.320558154	1.098434315	1.079975781	-0.231353107
0.997247855	3.301886792	1.086048064	1.085957685	1.321003986	1.09528569	1.076810438	-0.234955922
1.000485673	3.301886792	1.082906965	1.082788343	1.321449817	1.092156149	1.073657781	-0.238542853
1.00372349	3.301886792	1.079780894	1.079620264	1.321895649	1.089044677	1.070517111	-0.242114754
1.006961308	3.301886792	1.076669096	1.076483577	1.32234148	1.085950324	1.067387868	-0.245672384
1.010199126	3.301886792	1.07357092	1.073347916	1.322787312	1.082872207	1.064269634	-0.249216391
1.013436944	3.301886792	1.070485826	1.070242724	1.323233143	1.079809516	1.061162136	-0.252747317
1.016674761	3.301886792	1.067413382	1.067167204	1.323678974	1.076761525	1.058065238	-0.256265593
1.019912579	3.301886792	1.06435326	1.064091854	1.324124806	1.073727589	1.054978932	-0.259771545
1.036101667	3.301886792	1.049233149	1.048991043	1.326353963	1.058752278	1.03971402	-0.277120814
1.052290756	3.301886792	1.034423852	1.034327317	1.32858312	1.044080084	1.024767621	-0.294159268
1.068479845	3.301886792	1.019957491	1.02002915	1.330812278	1.029711956	1.010203026	-0.310854787
1.084668933	3.301886792	1.005852575	1.006025725	1.333041435	1.015657426	0.996047724	-0.32718886
1.100858022	3.301886792	0.992074546	0.992309397	1.335270592	1.001894048	0.982255044	-0.343196047
1.11704711	3.301886792	0.978513776	0.978690714	1.33749975	0.988333194	0.968694359	-0.358985973
1.133236199	3.301886792	0.964988673	0.965080842	1.339728907	0.974808841	0.955168505	-0.374740234
1.149425287	3.301886792	0.951272862	0.95124878	1.341958064	0.961098452	0.941447272	-0.390685202
1.165614376	3.301886792	0.937137928	0.937042753	1.344187222	0.946969804	0.927306052	-0.407049294
1.181803464	3.301886792	0.9223992	0.922295155	1.346416379	0.932234533	0.912563867	-0.424017179
1.197992553	3.301886792	0.906952296	0.906855201	1.348645536	0.916788342	0.897116249	-0.44169324
1.214181642	3.301886792	0.890791911	0.890722012	1.350874693	0.900628155	0.880955666	-0.460082783
1.23037073	3.301886792	0.874009855	0.873973183	1.353103851	0.883847327	0.864172383	-0.479093996
1.246559819	3.301886792	0.856774786	0.856766026	1.355333008	0.866614563	0.846935009	-0.498558222
1.262748907	3.301886792	0.839299959	0.839314319	1.357562165	0.849142355	0.829457563	-0.518262206
1.278937996	3.301886792	0.821806906	0.821875449	1.359791323	0.831651266	0.811962546	-0.537984417
1.295127084	3.301886792	0.804492608	0.804600427	1.36202048	0.814337739	0.794647476	-0.557527872
1.311316173	3.301886792	0.787505809	0.787617741	1.364249637	0.797351386	0.777660232	-0.576743828
1.327505261	3.301886792	0.770935725	0.770996645	1.366478794	0.780783488	0.761087961	-0.59554307
1.34369435	3.301886792	0.754813743	0.754766922	1.368707952	0.764666226	0.744961259	-0.613894209
1.359883439	3.301886792	0.739126481	0.738984063	1.370937109	0.748983752	0.729269209	-0.631810628
1.376072527	3.301886792	0.723836462	0.723662052	1.373166266	0.733695477	0.713977447	-0.649329804
1.392261616	3.301886792	0.708905216	0.708747201	1.375395424	0.718764541	0.69904589	-0.666490208
1.408450704	3.301886792	0.694312813	0.694245727	1.377624581	0.704177283	0.684448342	-0.683311768
1.424639793	3.301886792	0.680068191	0.680097791	1.379853738	0.689944962	0.67019142	-0.699785547
1.440828881	3.301886792	0.666206561	0.666426526	1.382082895	0.676095058	0.656318065	-0.715876334
1.45701797	3.301886792	0.652773476	0.653049343	1.384312053	0.662664846	0.642882105	-0.731538577
1.473207058	3.301886792	0.639799593	0.639979684	1.38654121	0.64969289	0.629906295	-0.746741617
1.489396147	3.301886792	0.627274342	0.627299545	1.388770367	0.637188624	0.61736006	-0.761496026
1.505585236	3.301886792	0.615129533	0.614955415	1.390999525	0.625084172	0.605174893	-0.775869992
1.521774324	3.301886792	0.603243874	0.602839882	1.393228682	0.613225386	0.593262361	-0.789984808
1.537963413	3.301886792	0.59147591	0.591046746	1.395457839	0.60145768	0.58149414	-0.803981929
1.554152501	3.301886792	0.579726263	0.57952561	1.397686996	0.589752488	0.569700039	-0.817960733
1.57034159	3.301886792	0.568021599	0.568332837	1.399916154	0.57820922	0.557833979	-0.831894554
1.586530678	3.301886792	0.556604731	0.557358681	1.402145311	0.566929957	0.546279505	-0.84554058
1.602719767	3.301886792	0.546009868	0.546609164	1.404374468	0.556350924	0.535668812	-0.858364601
1.618908855	3.301886792	0.537101303	0.536073005	1.406603626	0.549172495	0.525030111	-0.869502322
0.566618099	3.773584906	2.476798779	2.485216416	1.332091378	2.488869449	2.464728109	1.144707401
0.582807188	3.773584906	2.295871316	2.288862722	1.334320535	2.306211913	2.28553072	0.961550781
0.598996277	3.773584906	2.137762502	2.131484212	1.336549693	2.148086916	2.127438088	0.801212809
0.615185365	3.773584906	2.003557337	2.002482132	1.33877885	2.01374416	1.993370514	0.664778487
0.631374454	3.773584906	1.891775155	1.894562479	1.341008007	1.901800601	1.881749708	0.550767147
0.647563542	3.773584906	1.799222837	1.803223846	1.343237165	1.809203657	1.789242016	0.455985672
0.663752631	3.773584906	1.721936364	1.724863517	1.345466322	1.731916436	1.711956292	0.376470042
0.679941719	3.773584906	1.656021188	1.656702842	1.347695479	1.66597385	1.646068527	0.308325709
0.696130808	3.773584906	1.59825009	1.596928522	1.349924636	1.608162303	1.588337876	0.248325453
0.712319896	3.773584906	1.546352544	1.544021921	1.352153794	1.556243931	1.536461157	0.19419875
0.728508985	3.773584906	1.499009696	1.49690547	1.354382951	1.508898577	1.489120815	0.144626745
0.744698073	3.773584906	1.455634197	1.454530047	1.356612108	1.46551855	1.445749844	0.099022088
0.760887162	3.773584906	1.416048634	1.416156651	1.358841266	1.4259198	1.406177467	0.057207368
0.777076251	3.773584906	1.380175991	1.381267014	1.361070423	1.390034917	1.370317065	0.019105568
0.793265339	3.773584906	1.34782508	1.349282797	1.36329958	1.357679299	1.337970862	-0.0154745
0.809454428	3.773584906	1.31860693	1.319803934	1.365528738	1.328458494	1.308755366	-0.046921808
0.825643516	3.773584906	1.291970525	1.292560605	1.367757895	1.301814258	1.282126792	-0.07578737
0.841832605	3.773584906	1.267312072	1.267143246	1.369987052	1.277145232	1.257478912	-0.10267498
0.858021693	3.773584906	1.244099228	1.243383254	1.372216209	1.253927071	1.234271384	-0.128116982
0.874210782	3.773584906	1.221960106	1.221027474	1.374445367	1.231786842	1.21213337	-0.152485261
0.89039987	3.773584906	1.200710174	1.199911831	1.376674524	1.210522758	1.19089759	-0.17596435
0.906588959	3.773584906	1.180317611	1.179893352	1.378903681	1.190079055	1.170556166	-0.19858607
0.922778048	3.773584906	1.160829789	1.160803122	1.381132839	1.170490513	1.151169064	-0.22030305
0.938967136	3.773584906	1.142293371	1.142576405	1.383361996	1.151814475	1.132772267	-0.241068624
0.955156225	3.773584906	1.12469713	1.125072272	1.385591153	1.134072136	1.115322124	-0.260894023
0.958394042	3.773584906	1.12128422	1.121646006	1.386036984	1.130632918	1.111935522	-0.264752765
0.96163186	3.773584906	1.117904552	1.11824629	1.386482816	1.127228702	1.108580403	-0.268578264
0.964869678	3.773584906	1.114556994	1.114872682	1.386928647	1.123858666	1.105255322	-0.272371653
0.968107496	3.773584906	1.11124034	1.111524737	1.387374479	1.120521894	1.101958787	-0.276134139
0.971345313	3.773584906	1.10795333	1.108202003	1.38782031	1.117217384	1.098689276	-0.27986698
0.974583131	3.773584906	1.104694659	1.104904023	1.388266142	1.113944063	1.095445256	-0.283571483
0.977820949	3.773584906	1.101463	1.101630333	1.388711973	1.110700795	1.092225206	-0.287248973
0.981058766	3.773584906	1.098257018	1.098380465	1.389157805	1.1074864	1.089027637	-0.290900786
0.984296584	3.773584906	1.095075382	1.095153944	1.389603636	1.104299658	1.085851107	-0.294528254
0.987534402	3.773584906	1.091916788	1.091950287	1.390049468	1.101139335	1.082694241	-0.29813268
0.99077222	3.773584906	1.088779967	1.088769006	1.390495299	1.098004185	1.079555749	-0.301715333
0.994010037	3.773584906	1.085663703	1.085609603	1.390941131	1.094892971	1.076434436	-0.305277427
0.997247855	3.773584906	1.082566845	1.082471575	1.391386962	1.091804471	1.073329218	-0.308820117
1.000485673	3.773584906	1.079488316	1.07935441	1.391832794	1.0887375	1.070239132	-0.312344477
1.00372349	3.773584906	1.076427129	1.076257585	1.392278625	1.085690912	1.067163346	-0.315851496
1.006961308	3.773584906	1.073382386	1.073180573	1.392724456	1.082663614	1.064101157	-0.319342071
1.010199126	3.773584906	1.070353293	1.070122832	1.393170288	1.07965458	1.061052007	-0.322816995
1.013436944	3.773584906	1.067339162	1.067083815	1.393616119	1.076662852	1.058015472	-0.326276957
1.016674761	3.773584906	1.064339413	1.064062961	1.394061951	1.073687557	1.054991269	-0.329722538
1.019912579	3.773584906	1.061353573	1.061059699	1.394507782	1.070727902	1.051979244	-0.333154209
1.036101667	3.773584906	1.046623941	1.046346726	1.396736939	1.056143071	1.037104812	-0.350112998
1.052290756	3.773584906	1.032228146	1.032091747	1.398966097	1.041884377	1.022571915	-0.366737951
1.068479845	3.773584906	1.018197274	1.018223706	1.401195254	1.027951739	1.008442809	-0.38299798
1.084668933	3.773584906	1.004568105	1.004767473	1.403424411	1.014372956	0.994763254	-0.398856306
1.100858022	3.773584906	0.991346884	0.991643048	1.405653569	1.001166386	0.981527381	-0.414306685
1.11704711	3.773584906	0.978484684	0.978754911	1.407882726	0.988304101	0.968665267	-0.429398042
1.133236199	3.773584906	0.965871238	0.966015825	1.410111883	0.975691406	0.95605107	-0.444240646
1.149425287	3.773584906	0.9533473	0.953343504	1.412341041	0.96317289	0.94352171	-0.45899374
1.165614376	3.773584906	0.940729959	0.940608488	1.414570198	0.950561835	0.930898083	-0.473840239
1.181803464	3.773584906	0.927842596	0.927632942	1.416799355	0.937677928	0.918007263	-0.48895676
1.197992553	3.773584906	0.914541525	0.914343004	1.419028512	0.924377571	0.904705479	-0.504486987
1.214181642	3.773584906	0.900734025	0.900593541	1.42125767	0.91057027	0.89089778	-0.520523645
1.23037073	3.773584906	0.886385794	0.886362571	1.423486827	0.896223266	0.876548322	-0.537101033
1.246559819	3.773584906	0.871518753	0.871584738	1.425715984	0.88135853	0.861678976	-0.554197231
1.262748907	3.773584906	0.856201639	0.856346652	1.427945142	0.866044035	0.846359243	-0.571743503
1.278937996	3.773584906	0.840536186	0.840686061	1.430174299	0.850380546	0.830691826	-0.589638113
1.295127084	3.773584906	0.82464139	0.824765904	1.432403456	0.834486522	0.814796259	-0.607762066
1.311316173	3.773584906	0.808637945	0.808689983	1.434632613	0.818483522	0.798792368	-0.625994669
1.327505261	3.773584906	0.792634898	0.792588269	1.436861771	0.802482661	0.782787134	-0.644226873
1.34369435	3.773584906	0.776720554	0.776602927	1.439090928	0.786573038	0.76686807	-0.662370374
1.359883439	3.773584906	0.760959401	0.760813382	1.441320085	0.770816673	0.751102129	-0.680360685
1.376072527	3.773584906	0.745395727	0.745232286	1.443549243	0.755254742	0.735536713	-0.698153515
1.392261616	3.773584906	0.730062753	0.729929242	1.4457784	0.739922078	0.720203427	-0.715715647
1.408450704	3.773584906	0.714993892	0.714979284	1.448007557	0.724858363	0.705129422	-0.733013665
1.424639793	3.773584906	0.700231175	0.700318318	1.450236715	0.710107946	0.690354405	-0.750005539
1.440828881	3.773584906	0.685825908	0.686044276	1.452465872	0.695714404	0.675937411	-0.766639964
1.45701797	3.773584906	0.671828811	0.672093951	1.454695029	0.681720182	0.661937441	-0.782866218
1.473207058	3.773584906	0.658271053	0.658430229	1.456924186	0.668164351	0.648377756	-0.798653133
1.489396147	3.773584906	0.645142417	0.645147837	1.459153344	0.655056699	0.635228135	-0.814010927
1.505585236	3.773584906	0.632376887	0.632145168	1.461382501	0.642331527	0.622422248	-0.829005614
1.521774324	3.773584906	0.619857113	0.619461326	1.463611658	0.629838625	0.609875601	-0.843754545
1.537963413	3.773584906	0.6074466	0.607010264	1.465840816	0.61742837	0.597464829	-0.858394216
1.554152501	3.773584906	0.595052073	0.594883152	1.468069973	0.605078298	0.585025848	-0.8730179
1.57034159	3.773584906	0.5827095	0.583049875	1.47029913	0.59289712	0.572521879	-0.88758963
1.586530678	3.773584906	0.570678281	0.571449596	1.472528287	0.581003507	0.560353054	-0.901850006
1.602719767	3.773584906	0.559521698	0.560119308	1.474757445	0.569862754	0.549180642	-0.915235747
1.618908855	3.773584906	0.550150202	0.549085482	1.476986602	0.562221394	0.53807901	-0.9268364
0.566618099	4.716981132	2.528060648	2.536971442	1.47285733	2.540131317	2.515989978	1.055203317
0.582807188	4.716981132	2.336259892	2.328768721	1.475086488	2.346600488	2.325919296	0.861173404
0.598996277	4.716981132	2.169261421	2.162606767	1.477315645	2.179585835	2.158937007	0.691945776
0.615185365	4.716981132	2.027981952	2.026849653	1.479544802	2.038168775	2.017795129	0.548437149
0.631374454	4.716981132	1.910660767	1.913769489	1.48177396	1.920686214	1.90063532	0.428886807
0.647563542	4.716981132	1.813774496	1.818033156	1.484003117	1.823755317	1.803793676	0.32977138
0.663752631	4.716981132	1.733035744	1.736005694	1.486232274	1.743015816	1.723055672	0.24680347
0.679941719	4.716981132	1.664276342	1.665001082	1.488461431	1.674229004	1.654323681	0.175814911
0.696130808	4.716981132	1.604068445	1.60259664	1.490690589	1.613980658	1.594156231	0.113377856
0.712319896	4.716981132	1.550017076	1.547582499	1.492919746	1.559908463	1.540125689	0.05709733
0.728508985	4.716981132	1.500742315	1.498536895	1.495148903	1.510631196	1.490853434	0.005593412
0.744698073	4.716981132	1.455637332	1.454457812	1.497378061	1.465521685	1.445752979	-0.041740728
0.760887162	4.716981132	1.414523634	1.41463857	1.499607218	1.424394801	1.404652468	-0.085083584
0.777076251	4.716981132	1.377323217	1.378499218	1.501836375	1.387182143	1.367464291	-0.124513158
0.793265339	4.716981132	1.343834015	1.345402342	1.504065533	1.353688234	1.333979797	-0.160231517
0.809454428	4.716981132	1.313644918	1.314905354	1.50629469	1.323496482	1.303793354	-0.192649772
0.825643516	4.716981132	1.286176407	1.286776821	1.508523847	1.29602014	1.276332674	-0.22234744
0.841832605	4.716981132	1.260797305	1.260618793	1.510753004	1.270630465	1.250964144	-0.2499557
0.858021693	4.716981132	1.236955487	1.236161436	1.512982162	1.24678333	1.227127644	-0.276026675
0.874210782	4.716981132	1.214269998	1.213287589	1.515211319	1.224096735	1.204443262	-0.300941321
0.89039987	4.716981132	1.192557081	1.191727257	1.517440476	1.202369665	1.182744498	-0.324883395
0.906588959	4.716981132	1.171791666	1.171352092	1.519669634	1.18155311	1.162030222	-0.347877968
0.922778048	4.716981132	1.152028858	1.151997769	1.521898791	1.161689582	1.142368133	-0.369869933
0.938967136	4.716981132	1.133319811	1.13360986	1.524127948	1.142840915	1.123798708	-0.390808137
0.955156225	4.716981132	1.115652321	1.116045531	1.526357106	1.125027326	1.106277315	-0.410704785
0.958394042	4.716981132	1.11223684	1.112589487	1.526802937	1.121585537	1.102888142	-0.414566097
0.96163186	4.716981132	1.108858336	1.109230686	1.527248768	1.118182486	1.099534187	-0.418390432
0.964869678	4.716981132	1.105515597	1.105840516	1.5276946	1.114817269	1.096213926	-0.422179002
0.968107496	4.716981132	1.102207333	1.102503203	1.528140431	1.111488886	1.09292578	-0.425933098
0.971345313	4.716981132	1.098932193	1.099217395	1.528586263	1.108196247	1.089668139	-0.429654069
0.974583131	4.716981132	1.095688781	1.09589999	1.529032094	1.104938184	1.086439377	-0.433343314
0.977820949	4.716981132	1.092475673	1.092673452	1.529477926	1.101713468	1.083237879	-0.437002252
0.981058766	4.716981132	1.08929144	1.089414888	1.529923757	1.098520821	1.080062059	-0.440632317
0.984296584	4.716981132	1.08613465	1.086244613	1.530369589	1.095358926	1.076910375	-0.444234938
0.987534402	4.716981132	1.083003902	1.083041867	1.53081542	1.092226448	1.073781355	-0.447811518
0.99077222	4.716981132	1.079897827	1.079885744	1.531261252	1.089122045	1.070673609	-0.451363424
0.994010037	4.716981132	1.076815114	1.076775011	1.531707083	1.086044381	1.067585847	-0.454891969
0.997247855	4.716981132	1.073754511	1.073669943	1.532152914	1.082992137	1.064516885	-0.458398403
1.000485673	4.716981132	1.070714849	1.070570293	1.532598746	1.079964033	1.061465666	-0.461883897
1.00372349	4.716981132	1.067695047	1.0675137	1.533044577	1.07695883	1.058431264	-0.465349531
1.006961308	4.716981132	1.064694116	1.064461388	1.533490409	1.073975344	1.055412888	-0.468796293
1.010199126	4.716981132	1.061711176	1.061450394	1.53393624	1.071012462	1.052409889	-0.472225065
1.013436944	4.716981132	1.058745453	1.058479572	1.534382072	1.068069143	1.049421762	-0.475636619
1.016674761	4.716981132	1.055796286	1.05551105	1.534827903	1.06514443	1.046448143	-0.479031617
1.019912579	4.716981132	1.052863128	1.052544543	1.535273735	1.062237457	1.043488799	-0.482410607
1.036101667	4.716981132	1.038426032	1.038118289	1.537502892	1.047945161	1.028906903	-0.49907686
1.052290756	4.716981132	1.024366784	1.024210197	1.539732049	1.034023015	1.014710553	-0.515365265
1.068479845	4.716981132	1.010714261	1.010755122	1.541961207	1.020468726	1.000959797	-0.531246945
1.084668933	4.716981132	0.997510139	0.997717313	1.544190364	1.00731499	0.987705288	-0.546680225
1.100858022	4.716981132	0.984775755	0.985054852	1.546419521	0.994595256	0.974956253	-0.561643767
1.11704711	4.716981132	0.972490381	0.972782489	1.548648678	0.982309798	0.962670963	-0.576158298
1.133236199	4.716981132	0.960586375	0.960753646	1.550877836	0.970406543	0.950766207	-0.59029146
1.149425287	4.716981132	0.948959852	0.948974188	1.553106993	0.958785441	0.939134262	-0.604147141
1.165614376	4.716981132	0.937490388	0.937383743	1.55533615	0.947322264	0.927658512	-0.617845762
1.181803464	4.716981132	0.926061653	0.925858822	1.557565307	0.935896986	0.91622632	-0.631503654
1.197992553	4.716981132	0.914576354	0.914363874	1.559794465	0.9244124	0.904740308	-0.645218111
1.214181642	4.716981132	0.902962579	0.902799838	1.562023622	0.912798824	0.893126334	-0.659061043
1.23037073	4.716981132	0.891172319	0.891095333	1.564252779	0.901009791	0.881334847	-0.67308046
1.246559819	4.716981132	0.879175416	0.879209245	1.566481937	0.889015193	0.869335638	-0.687306521
1.262748907	4.716981132	0.866952678	0.867103379	1.568711094	0.876795075	0.857110282	-0.701758416
1.278937996	4.716981132	0.854490757	0.854678193	1.570940251	0.864335117	0.844646396	-0.716449495
1.295127084	4.716981132	0.84177966	0.84194011	1.573169409	0.851624791	0.831934528	-0.731389749
1.311316173	4.716981132	0.828812424	0.82891454	1.575398566	0.838658001	0.818966847	-0.746586142
1.327505261	4.716981132	0.815586089	0.815577147	1.577627723	0.825433852	0.805738325	-0.762041634
1.34369435	4.716981132	0.802103556	0.80196434	1.57985688	0.81195604	0.792251072	-0.777753325
1.359883439	4.716981132	0.788376601	0.788189376	1.582086038	0.798233872	0.778519329	-0.793709437
1.376072527	4.716981132	0.774430375	0.774193507	1.584315195	0.784289389	0.76457136	-0.80988482
1.392261616	4.716981132	0.760308897	0.760165922	1.586544352	0.770168223	0.750449571	-0.826235455
1.408450704	4.716981132	0.746079517	0.746061256	1.58877351	0.755943988	0.736215047	-0.842693992
1.424639793	4.716981132	0.731832928	0.731945417	1.591002667	0.741709699	0.721956157	-0.859169739
1.440828881	4.716981132	0.717675234	0.717912453	1.593231824	0.727563731	0.707786738	-0.87555659
1.45701797	4.716981132	0.703710393	0.704026035	1.595460981	0.713601763	0.693819022	-0.891750589
1.473207058	4.716981132	0.690015171	0.690238925	1.597690139	0.699908468	0.680121873	-0.907674968
1.489396147	4.716981132	0.67661343	0.67662338	1.599919296	0.686527712	0.666699148	-0.923305866
1.505585236	4.716981132	0.663460441	0.663192101	1.602148453	0.67341508	0.653505801	-0.938688012
1.521774324	4.716981132	0.650449069	0.649951682	1.604377611	0.660430581	0.640467556	-0.953928542
1.537963413	4.716981132	0.637446878	0.636979078	1.606606768	0.647428648	0.627465107	-0.96915989
1.554152501	4.716981132	0.624366372	0.624188665	1.608835925	0.634392597	0.614340148	-0.984469553
1.57034159	4.716981132	0.611261021	0.611639198	1.611065083	0.621448642	0.601073401	-0.999804061
1.586530678	4.716981132	0.598430048	0.599296734	1.61329424	0.608755275	0.588104822	-1.014864191
1.602719767	4.716981132	0.586507941	0.587204834	1.615523397	0.596848997	0.576166885	-1.029015456
1.618908855	4.716981132	0.576512953	0.575300849	1.617752554	0.588584144	0.564441761	-1.041239602
