TITLE = "Decane T rho" 

  VARIABLES = T	Soave_error_01Mpa	new_error_01Mpa	Soave_error_1Mpa	new_error_1Mpa	Soave_error_2Mpa	new_error_2Mpa	Soave_error_3Mpa	new_error_3Mpa	Soave_error_5Mpa	new_error_5Mpa	Soave_error_10Mpa	new_error_10Mpa
350	5.997039508	0.072882487	5.969142144	0.009516303	5.942115066	0.100288681	5.917809716	0.189011513	5.877539131	0.361692669	5.820225436	0.77153574
360	5.747353623	0.309048457	5.712103295	0.226672647	5.676818832	0.136767324	5.645200527	0.048618714	5.592849991	0.123752914	5.509218498	0.528531564
370	5.52015307	0.501269017	5.476841366	0.419390518	5.433940095	0.329478358	5.393031746	0.243908559	5.326559278	0.074062718	5.214189476	0.322097148
380	5.320336798	0.65065981	5.266504909	0.571492016	5.212096966	0.485394498	5.162450953	0.401630009	5.07934036	0.23688136	4.935096346	0.146589191
390	5.146148288	0.767488457	5.080334645	0.691963577	5.014372941	0.609216718	4.954833711	0.528121259	4.852005342	0.371343798	4.671914792	0.004981975
400	5.002000544	0.857368886	4.923716999	0.785055452	4.842806855	0.708425381	4.770360169	0.632547416	4.645528342	0.485301909	4.424641325	0.140619686
410	4.89005116	0.929872192	4.795272163	0.863603127	4.698358397	0.792906263	4.612419566	0.721818066	4.462553903	0.585777626	4.194765351	0.267321306
420	4.811655836	0.996474407	4.698537972	0.936097954	4.583904664	0.871217976	4.480342234	0.807691166	4.301523479	0.684553778	3.983884157	0.391947186
430	4.772061453	1.06498227	4.637828639	1.010451932	4.501384798	0.952957659	4.378327653	0.896673331	4.167061831	0.786562921	3.789177638	0.52531551
440	4.774642312	1.145050855	4.613748864	1.0981049	4.453372447	1.046428509	4.308100889	0.9970948	4.058082107	0.901733132	3.615347849	0.66911881
450	1.002839531	0.011907815	4.632572774	1.203534303	4.441658231	1.159550302	4.270376295	1.1169598	3.978375549	1.033251528	3.461173854	0.829479264
460	0.794221898	0.099921716	4.698883154	1.331671484	4.472140717	1.29425285	4.271265784	1.256726467	3.929048112	1.18507088	3.326959009	1.008814134
470	0.623623189	0.176705623	4.815762933	1.48759119	4.548830903	1.452598837	4.311450629	1.420485822	3.911590448	1.358417814	3.214635983	1.205552073
480	0.484122743	0.24217583	4.991741703	1.669312096	4.673969863	1.636714743	4.395797023	1.605763077	3.929593092	1.549905595	3.126256267	1.415699381
490	0.368698547	0.297814186	5.233474798	1.876134048	4.85662483	1.839931043	4.52719278	1.810205267	3.983972422	1.756659842	3.060702429	1.636415942
500	0.273462934	0.343168493	5.551671437	2.103293688	5.100119598	2.060716019	4.713445432	2.024581327	4.079586573	1.969538331	3.018443672	1.86128234
510	0.195548223	0.377787094	5.955969519	2.349054647	5.416122865	2.288428919	4.9559637	2.245344278	4.217048863	2.182089951	3.003325061	2.07870267
520	0.130560809	0.403611005	6.464261276	2.607134738	5.810586772	2.519565916	5.265496671	2.458404554	4.401193654	2.381887456	3.014216604	2.280998267
530	0.075620896	0.421769894	7.096653676	2.877421595	6.297400477	2.744711554	5.645787348	2.657417346	4.63621588	2.555980909	3.051574066	2.457856672
540	0.032789062	0.429014195	7.881095691	3.167580729	6.894396648	2.955281895	6.110270177	2.826690993	4.923946191	2.693048641	3.119286508	2.594683275
550	0.002768705	0.429495265	8.862875213	3.498219953	7.616943914	3.154862619	6.667786814	2.957890286	5.272933432	2.773825896	3.215921146	2.682179233
560	0.030640207	0.422463474	10.11003062	3.933827855	8.498671166	3.34400811	7.331900489	3.04172932	5.6824224	2.788566245	3.343355865	2.707556561
570	0.054271038	0.411324201	2.279589491	991.1410327	9.577480484	3.55144104	8.12100419	3.070586493	6.162492363	2.715304613	3.501414147	2.660583669
580	0.071314098	0.3938708	1.153330142	7.902166877	10.91882773	3.844543496	9.058681193	3.042805359	6.71775915	2.537487755	3.693245755	2.528285251
590	0.086506693	0.375140696	0.429300292	6.625162021	12.64025239	4.402638699	10.1761672	2.968546734	7.352697645	2.238033595	3.917848982	2.303378079
600	0.095074669	0.350707426	0.058248561	5.653111788	14.99506979	5.796126319	11.52107388	2.876650479	8.077300719	1.792592963	4.175423507	1.979133168
610	0.102814063	0.326774931	0.393700774	4.866821521	18.85262534	11.08014565	13.16065588	2.846184225	8.89438674	1.182622979	4.465353682	1.55213085
620	0.109183808	0.303182514	0.624748279	4.208850071	3.981780406	207.4719559	15.18611076	3.080659412	9.813565645	0.378333704	4.789996773	1.018868999
630	0.113934629	0.280025127	0.787158594	3.654350929	1.03330522	210.9556647	17.60355527	4.202036733	10.8328497	0.64342953	5.146616971	0.384922445
640	0.113415156	0.253932574	0.89328505	3.177110015	0.156005609	16.30677066	19.11358274	8.695407052	11.94084262	1.904765694	5.535099087	0.342831467
650	0.115259966	0.232764775	0.961248971	2.76944074	0.788437866	10.07913243	12.2760677	22.98427497	13.09878574	3.408844883	5.953839352	1.151719644
660	0.112627332	0.209804749	1.003591583	2.42519004	1.15616387	7.231476306	4.851424002	22.90866845	14.22008033	5.112907796	6.397396215	2.021142995
670	0.113945931	0.193542072	1.019208088	2.128828313	1.373271531	5.559456311	2.017383892	12.93753252	15.1472228	6.883124379	6.860549469	2.927736896
680	0.10874147	0.173467225	1.024205868	1.885113761	1.498220908	4.463854282	0.690678926	7.9543706	15.63985411	8.444431749	7.336229303	3.844610731
690	0.106039548	0.158515149	1.012718398	1.678470353	1.563471941	3.703756812	0.050283486	5.515944539	15.43777966	9.422601538	7.820185186	4.748013684
700	0.10345595	0.146139798	0.989769273	1.505659744	1.586606099	3.157956161	0.494493665	4.1631146	14.38212987	9.50286437	8.295389793	5.603159779
710	0.098626129	0.133765649	0.964143622	1.368179133	1.580535612	2.759149882	0.777835084	3.359793088	12.60550107	8.699810958	8.755050666	6.389791389
720	0.093376085	0.122971989	0.928811752	1.252415298	1.553600083	2.464699416	0.956459514	2.859996772	10.52463043	7.384832908	9.187329752	7.087523226
730	0.089788441	0.11556989	0.894008253	1.16276002	1.513142673	2.247195532	1.072457314	2.550063183	8.545462143	5.969143028	9.575430616	7.676426427
740	0.085908479	0.109320402	0.852607679	1.08679815	1.460773186	2.083241628	1.136291016	2.350652337	6.870661967	4.684417133	9.910360959	8.14973516
750	0.079795049	0.101998916	0.810649174	1.025903942	1.403133067	1.960868227	1.16550649	2.223525324	5.526903539	3.594389741	10.17928785	8.500981436
760	0.073931126	0.09581723	0.767614709	0.975453973	1.337508093	1.863114207	1.169321901	2.14097279	4.460449936	2.681787056	10.37340002	8.730735269
770	0.071049792	0.093257697	0.719810306	0.928218066	1.271798297	1.786959973	1.155573308	2.085456602	3.624402658	1.931670824	10.48856641	8.845885169
780	0.065071865	0.088016198	0.677087347	0.891110171	1.201930212	1.719895178	1.128864408	2.043763634	2.966974645	1.317590594	10.52309581	8.8560917
790	0.058869689	0.082775027	0.633331189	0.855605586	1.131803539	1.659487532	1.090512678	2.004666313	2.444551726	0.814999177	10.47199869	8.766910059
800	0.055562329	0.080499475	0.587138528	0.818439707	1.06066099	1.600339395	1.045947413	1.964977616	2.021392069	0.401728922	10.34129038	8.593609302
810	0.049097104	0.075018137	0.546630067	0.786402069	0.990429317	1.541193129	0.995679257	1.919504019	1.686890748	0.076490101	10.13999325	8.352567523
820	0.047495529	0.074273976	0.502699273	0.749480183	0.921081724	1.480035849	0.94233306	1.867471004	1.414206954	0.182270805	9.873696992	8.054489749
830	0.039950996	0.067411242	0.460057104	0.711923068	0.852233769	1.415491997	0.885184503	1.806491065	1.199668189	0.375498077	9.553553995	7.71357599
840	0.039622265	0.067576646	0.419419422	0.674325904	0.785036171	1.348528809	0.827365376	1.739409243	1.022222318	0.524014396	9.196798205	7.348217827
850	0.035655385	0.06392357	0.377144663	0.633198455	0.719742451	1.279822908	0.768064287	1.666069591	0.875579037	0.635231393	8.805758802	6.959867572
860	0.026738182	0.055170231	0.339390841	0.595088103	0.657743122	1.211629135	0.708997894	1.5895303	0.763897432	0.707007397	8.401961038	6.568197972
870	0.026756315	0.055251662	0.303154658	0.557500795	0.596728958	1.142753951	0.651096431	1.512445526	0.669860935	0.759593101	7.986840281	6.171430667
880	0.019569663	0.048077273	0.265531232	0.518117511	0.535067221	1.072809381	0.592457639	1.434768741	0.588207149	0.801202504	7.569649449	5.77523145
890	0.019427497	0.047957471	0.233772583	0.4848165	0.479092962	1.00941409	0.534141187	1.359401676	0.528199033	0.825222139	7.16039216	5.385897268
900	0.015084565	0.043698569	0.20043552	0.450704361	0.42372986	0.948602614	0.478567997	1.290420466	0.48809068	0.835866443	6.765489714	5.006297326
910	0.010728433	0.039537186	0.168214995	0.418966636	0.369184546	0.891523351	0.422833631	1.22621424	0.444774768	0.858465376	6.382699042	4.631000497
920	0.005426701	0.034577833	0.134900875	0.38775125	0.316164068	0.839565944	0.36812464	1.168892512	0.419627893	0.872629496	6.017624872	4.26333198
930	0.003668521	0.033334661	0.103633757	0.360424944	0.268438828	0.796895569	0.316522183	1.12100888	0.394815619	0.896984154	5.671114886	3.902690881
940	0.000772885	0.029587404	0.077863014	0.340504472	0.219855212	0.75737593	0.265770866	1.080265071	0.384865478	0.916631595	5.343283359	3.548743329
950	0.003284767	0.027942345	0.050499171	0.320775505	0.174912399	0.725251411	0.21759421	1.047896312	0.37561015	0.94501692	5.03828797	3.206320425
960	0.004611287	0.027631208	0.025208443	0.304646632	0.130563637	0.696866332	0.169036818	1.019969628	0.370587086	0.976974092	4.750042991	2.870831889
970	0.005494252	0.027872948	0.000402506	0.290109813	0.08933834	0.673887161	0.122853792	0.997905835	0.368485143	1.011648292	4.481263014	2.547596495
980	0.012386611	0.022160004	0.025471782	0.275062873	0.048609832	0.652551961	0.078734168	0.979694163	0.369287723	1.046371205	4.229077941	2.237060599
990	0.014658483	0.021062413	0.048261144	0.263023282	0.011441486	0.634630491	0.036726517	0.963422305	0.373396785	1.077665286	3.995024317	1.944834993
1000	0.01869972	0.018116487	0.069267863	0.25196229	0.027252504	0.613559863	0.00278118	0.947342137	0.378423234	1.104631693	3.774796506	1.671052975
