TITLE = "oxygen alpha prediction MODEL 3"
VARIABLES =  "Tr"	"Pr"	"bias corrected model"	"traning data"	"bias uncorrected model"	"upper"	"lower"	"bias"

ZONE I=99 J=10
DT=(DOUBLE,DOUBLE,DOUBLE,DOUBLE,DOUBLE,DOUBLE,DOUBLE,DOUBLE)
0.388146021	0.019	0.795852625	0.791025671	0.992654229	0.819560083	0.772145167	-0.196801604
0.410363133	0.019	0.805708869	0.807498473	0.987629831	0.829416326	0.782001411	-0.181920962
0.432580245	0.019	0.824308984	0.823135442	0.982605433	0.848016442	0.800601527	-0.158296448
0.454797357	0.019	0.84150081	0.838159034	0.977581035	0.865208268	0.817793352	-0.136080225
0.47701447	0.019	0.851196988	0.852682566	0.972556637	0.874904446	0.82748953	-0.121359649
0.499231582	0.019	0.858064095	0.86676578	0.967532239	0.881771552	0.834356637	-0.109468144
0.521448694	0.019	0.877564172	0.880441946	0.962507841	0.90127163	0.853856714	-0.084943669
0.543665807	0.019	0.925065428	0.893731216	0.957483443	0.948772886	0.90135797	-0.032418014
0.565882919	0.019	1.000135874	0.906647184	0.952459045	1.023843331	0.976428416	0.047676829
0.588100031	0.019	1.080888068	1.247160058	0.947434646	1.104595526	1.05718061	0.133453421
0.610317143	0.019	1.137268823	1.216236657	0.942410248	1.160976281	1.113561365	0.194858574
0.632534256	0.019	1.153602061	1.18990806	0.93738585	1.177309519	1.129894603	0.21621621
0.654751368	0.019	1.139351784	1.165433306	0.932361452	1.163059242	1.115644326	0.206990332
0.67696848	0.019	1.117862331	1.142040249	0.927337054	1.141569789	1.094154873	0.190525277
0.699185593	0.019	1.10520228	1.119569508	0.922312656	1.128909738	1.081494822	0.182889624
0.721402705	0.019	1.100055249	1.09802516	0.917288258	1.123762707	1.076347791	0.182766991
0.743619817	0.019	1.091658807	1.077432565	0.91226386	1.115366265	1.067951349	0.179394947
0.765836929	0.019	1.073659565	1.057799855	0.907239462	1.097367022	1.049952107	0.166420103
0.788054042	0.019	1.049010809	1.039112947	0.902215064	1.072718267	1.025303351	0.146795745
0.810271154	0.019	1.024353779	1.021340004	0.897190666	1.048061237	1.000646321	0.127163113
0.832488266	0.019	1.003327269	1.004437383	0.892166268	1.027034726	0.979619811	0.111161001
0.854705379	0.019	0.985678357	0.98835472	0.88714187	1.009385815	0.961970899	0.098536487
0.876922491	0.019	0.970191755	0.9730387	0.882117472	0.993899213	0.946484297	0.088074284
0.899139603	0.019	0.956405046	0.958435661	0.877093074	0.980112503	0.932697588	0.079311972
0.921356715	0.019	0.943969071	0.944493297	0.872068676	0.967676529	0.920261613	0.071900396
0.943573828	0.019	0.931953455	0.931161699	0.867044278	0.955660913	0.908245997	0.064909178
0.96579094	0.019	0.919447695	0.918393945	0.862019879	0.943155153	0.895740238	0.057427816
0.988008052	0.019	0.90643776	0.906146378	0.856995481	0.930145218	0.882730302	0.049442279
1.010225165	0.019	0.893710063	0.894378679	0.851971083	0.917417521	0.870002605	0.041738979
1.032442277	0.019	0.881999125	0.883053813	0.846946685	0.905706583	0.858291667	0.035052439
1.054659389	0.019	0.871394181	0.872137884	0.841922287	0.895101639	0.847686724	0.029471894
1.076876501	0.019	0.861457925	0.861599955	0.836897889	0.885165382	0.837750467	0.024560036
1.099093614	0.019	0.851699369	0.851411838	0.831873491	0.875406827	0.827991911	0.019825878
1.121310726	0.019	0.841898893	0.841547875	0.826849093	0.865606351	0.818191435	0.0150498
1.143527838	0.019	0.832129627	0.831984728	0.821824695	0.855837085	0.80842217	0.010304932
1.165744951	0.019	0.822599219	0.822701169	0.816800297	0.846306677	0.798891761	0.005798922
1.187962063	0.019	0.81347151	0.813677887	0.811775899	0.837178968	0.789764052	0.001695611
1.210179175	0.019	0.804764551	0.804897306	0.806751501	0.828472008	0.781057093	-0.00198695
1.232396287	0.019	0.796364076	0.796343419	0.801727103	0.820071533	0.772656618	-0.005363027
1.2546134	0.019	0.78812674	0.788001636	0.796702705	0.811834197	0.764419282	-0.008575965
1.276830512	0.019	0.779985008	0.779858644	0.791678307	0.803692466	0.756277551	-0.011693298
1.299047624	0.019	0.771969509	0.771902282	0.786653909	0.795676967	0.748262051	-0.014684399
1.321264737	0.019	0.764145858	0.76412143	0.781629511	0.787853316	0.7404384	-0.017483653
1.343481849	0.019	0.756539937	0.756505904	0.776605112	0.780247394	0.732832479	-0.020065176
1.365698961	0.019	0.749120403	0.749046367	0.771580714	0.772827861	0.725412945	-0.022460311
1.387916073	0.019	0.741837663	0.741734245	0.766556316	0.765545121	0.718130205	-0.024718653
1.410133186	0.019	0.73466667	0.734561656	0.761531918	0.758374128	0.710959212	-0.026865248
1.432350298	0.019	0.727613298	0.727521339	0.75650752	0.751320756	0.70390584	-0.028894222
1.45456741	0.019	0.720690964	0.7206066	0.751483122	0.744398422	0.696983507	-0.030792158
1.476784523	0.019	0.713899688	0.713811257	0.746458724	0.737607146	0.690192231	-0.032559036
1.499001635	0.019	0.707226025	0.70712959	0.741434326	0.730933483	0.683518567	-0.034208301
1.521218747	0.019	0.700655871	0.700556303	0.736409928	0.724363329	0.676948413	-0.035754057
1.543435859	0.019	0.69418304	0.694086479	0.73138553	0.717890498	0.670475582	-0.03720249
1.565652972	0.019	0.687807217	0.687715554	0.726361132	0.711514675	0.664099759	-0.038553915
1.587870084	0.019	0.68152758	0.681439278	0.721336734	0.705235038	0.657820122	-0.039809154
1.610087196	0.019	0.675339929	0.675253692	0.716312336	0.699047387	0.651632471	-0.040972407
1.632304309	0.019	0.669238551	0.669155101	0.711287938	0.692946009	0.645531094	-0.042049386
1.654521421	0.019	0.663218948	0.663140052	0.70626354	0.686926406	0.63951149	-0.043044592
1.676738533	0.019	0.657278398	0.657205313	0.701239142	0.680985856	0.63357094	-0.043960744
1.698955645	0.019	0.651414747	0.651347855	0.696214744	0.675122205	0.62770729	-0.044799996
1.721172758	0.019	0.645625384	0.645564836	0.691190345	0.669332842	0.621917927	-0.045564961
1.74338987	0.019	0.63990731	0.639853585	0.686165947	0.663614768	0.616199852	-0.046258638
1.765606982	0.019	0.63425773	0.634211588	0.681141549	0.657965188	0.610550272	-0.046883819
1.787824095	0.019	0.62867433	0.628636477	0.676117151	0.652381787	0.604966872	-0.047442822
1.810041207	0.019	0.623155072	0.623126018	0.671092753	0.64686253	0.599447614	-0.047937681
1.832258319	0.019	0.617697917	0.617678099	0.666068355	0.641405375	0.59399046	-0.048370438
1.854475431	0.019	0.61230079	0.612290726	0.661043957	0.636008248	0.588593332	-0.048743167
1.876692544	0.019	0.606961742	0.606962008	0.656019559	0.6306692	0.583254284	-0.049057817
1.898909656	0.019	0.601679054	0.601690154	0.650995161	0.625386512	0.577971596	-0.049316107
1.921126768	0.019	0.596451133	0.596473464	0.645970763	0.62015859	0.572743675	-0.04951963
1.943343881	0.019	0.591276329	0.591310323	0.640946365	0.614983787	0.567568872	-0.049670035
1.965560993	0.019	0.586152952	0.586199194	0.635921967	0.60986041	0.562445495	-0.049769014
1.987778105	0.019	0.581079516	0.581138615	0.630897569	0.604786974	0.557372058	-0.049818053
2.009995217	0.019	0.576054889	0.576127192	0.625873171	0.599762347	0.552347431	-0.049818282
2.03221233	0.019	0.57107799	0.571163596	0.620848773	0.594785448	0.547370532	-0.049770783
2.054429442	0.019	0.566147306	0.566246557	0.615824375	0.589854763	0.542439848	-0.049677069
2.076646554	0.019	0.561261023	0.561374863	0.610799976	0.584968481	0.537553565	-0.049538953
2.098863667	0.019	0.556417949	0.556547351	0.605775578	0.580125407	0.532710491	-0.049357629
2.121080779	0.019	0.551617999	0.551762913	0.60075118	0.575325457	0.527910541	-0.049133182
2.143297891	0.019	0.546860993	0.547020482	0.595726782	0.57056845	0.523153535	-0.04886579
2.165515003	0.019	0.54214485	0.542319038	0.590702384	0.565852308	0.518437392	-0.048557534
2.187732116	0.019	0.537466226	0.537657601	0.585677986	0.561173684	0.513758768	-0.04821176
2.209949228	0.019	0.532824136	0.53303523	0.580653588	0.556531594	0.509116678	-0.047829452
2.23216634	0.019	0.528221755	0.52845102	0.57562919	0.551929213	0.504514297	-0.047407435
2.254383453	0.019	0.523661577	0.523904102	0.570604792	0.547369035	0.499954119	-0.046943215
2.276600565	0.019	0.519138397	0.519393637	0.565580394	0.542845855	0.495430939	-0.046441997
2.298817677	0.019	0.514642021	0.51491882	0.560555996	0.538349478	0.490934563	-0.045913975
2.321034789	0.019	0.510171638	0.510478873	0.555531598	0.533879096	0.48646418	-0.04535996
2.343251902	0.019	0.505742844	0.506073047	0.5505072	0.529450302	0.482035387	-0.044764355
2.365469014	0.019	0.501368543	0.501700617	0.545482802	0.525076001	0.477661085	-0.044114259
2.387686126	0.019	0.497031	0.497360887	0.540458404	0.520738458	0.473323542	-0.043427404
2.409903239	0.019	0.492691473	0.49305318	0.535434006	0.516398931	0.468984015	-0.042742532
2.432120351	0.019	0.488346458	0.488776846	0.530409608	0.512053916	0.464639	-0.04206315
2.454337463	0.019	0.484059151	0.484531252	0.525385209	0.507766609	0.460351694	-0.041326058
2.476554575	0.019	0.479889547	0.48031579	0.520360811	0.503597004	0.456182089	-0.040471265
2.498771688	0.019	0.475776345	0.476129867	0.515336413	0.499483803	0.452068887	-0.039560069
2.5209888	0.019	0.471549953	0.471972913	0.510312015	0.495257411	0.447842495	-0.038762062
2.543205912	0.019	0.467167799	0.467844372	0.505287617	0.490875257	0.443460342	-0.038119818
2.565423025	0.019	0.462986711	0.463743707	0.500263219	0.486694169	0.439279253	-0.037276508
2.587640137	0.019	0.459741321	0.459670397	0.495238821	0.483448778	0.436033863	-0.035497501
0.388146021	0.171333333	0.786412401	0.786519295	0.991610304	0.810119859	0.762704943	-0.205197904
0.410363133	0.171333333	0.797153521	0.802891507	0.986585906	0.820860979	0.773446063	-0.189432385
0.432580245	0.171333333	0.817323099	0.818426598	0.981561508	0.841030557	0.793615641	-0.16423841
0.454797357	0.171333333	0.838383684	0.83334711	0.97653711	0.862091142	0.814676227	-0.138153426
0.47701447	0.171333333	0.853125178	0.847766171	0.971512712	0.876832636	0.82941772	-0.118387534
0.499231582	0.171333333	0.859678338	0.861743192	0.966488314	0.883385796	0.835970881	-0.106809976
0.521448694	0.171333333	0.863349424	0.875311044	0.961463916	0.887056882	0.839641967	-0.098114492
0.543665807	0.171333333	0.872723013	0.888489448	0.956439518	0.896430471	0.849015556	-0.083716505
0.565882919	0.171333333	0.891402793	0.901291544	0.95141512	0.915110251	0.867695335	-0.060012327
0.588100031	0.171333333	0.913346173	0.913727041	0.946390722	0.93705363	0.889638715	-0.033044549
0.610317143	0.171333333	0.92827111	0.925803614	0.941366324	0.951978568	0.904563652	-0.013095214
0.632534256	0.171333333	0.932740629	0.937527389	0.936341926	0.956448086	0.909033171	-0.003601297
0.654751368	0.171333333	0.934682699	0.948902941	0.931317528	0.958390157	0.910975241	0.003365171
0.67696848	0.171333333	0.945531105	0.959932981	0.92629313	0.969238562	0.921823647	0.019237975
0.699185593	0.171333333	0.968454547	0.970617801	0.921268732	0.992162005	0.944747089	0.047185815
0.721402705	0.171333333	0.995686357	0.980954431	0.916244334	1.019393815	0.971978899	0.079442023
0.743619817	0.171333333	1.016930757	0.990935387	0.911219936	1.040638215	0.993223299	0.105710822
0.765836929	0.171333333	1.028258351	1.087620697	0.906195537	1.051965808	1.004550893	0.122062813
0.788054042	0.171333333	1.032180011	1.064399431	0.901171139	1.055887468	1.008472553	0.131008871
0.810271154	0.171333333	1.031434171	1.043781121	0.896146741	1.055141629	1.007726713	0.13528743
0.832488266	0.171333333	1.025445544	1.024806637	0.891122343	1.049153001	1.001738086	0.1343232
0.854705379	0.171333333	1.012771551	1.007066592	0.886097945	1.036479009	0.989064093	0.126673606
0.876922491	0.171333333	0.9947309	0.990356375	0.881073547	1.018438357	0.971023442	0.113657352
0.899139603	0.171333333	0.975252557	0.974550584	0.876049149	0.998960015	0.951545099	0.099203408
0.921356715	0.171333333	0.957797471	0.959556771	0.871024751	0.981504928	0.934090013	0.08677272
0.943573828	0.171333333	0.943310932	0.945298384	0.866000353	0.96701839	0.919603474	0.077310579
0.96579094	0.171333333	0.93081368	0.93170845	0.860975955	0.954521138	0.907106223	0.069837725
0.988008052	0.171333333	0.919029232	0.918727141	0.855951557	0.94273669	0.895321775	0.063077676
1.010225165	0.171333333	0.907243042	0.906300698	0.850927159	0.930950499	0.883535584	0.056315883
1.032442277	0.171333333	0.895273849	0.894380792	0.845902761	0.918981307	0.871566392	0.049371089
1.054659389	0.171333333	0.883272716	0.882924026	0.840878363	0.906980174	0.859565258	0.042394353
1.076876501	0.171333333	0.871606932	0.871891466	0.835853965	0.89531439	0.847899475	0.035752968
1.099093614	0.171333333	0.860648052	0.861248207	0.830829567	0.88435551	0.836940594	0.029818485
1.121310726	0.171333333	0.850488052	0.850962949	0.825805169	0.87419551	0.826780595	0.024682884
1.143527838	0.171333333	0.840871735	0.841007616	0.82078077	0.864579193	0.817164277	0.020090964
1.165744951	0.171333333	0.831443432	0.831356997	0.815756372	0.85515089	0.807735974	0.01568706
1.187962063	0.171333333	0.822045141	0.821988427	0.810731974	0.845752599	0.798337684	0.011313167
1.210179175	0.171333333	0.812771838	0.812881503	0.805707576	0.836479296	0.789064381	0.007064262
1.232396287	0.171333333	0.803789085	0.804017825	0.800683178	0.827496543	0.780081627	0.003105907
1.2546134	0.171333333	0.795150032	0.795380774	0.79565878	0.81885749	0.771442574	-0.000508748
1.276830512	0.171333333	0.786780336	0.786955314	0.790634382	0.810487794	0.763072879	-0.003854046
1.299047624	0.171333333	0.77858434	0.77872781	0.785609984	0.802291798	0.754876882	-0.007025644
1.321264737	0.171333333	0.770527726	0.770685881	0.780585586	0.794235184	0.746820268	-0.01005786
1.343481849	0.171333333	0.762629531	0.762818261	0.775561188	0.786336988	0.738922073	-0.012931657
1.365698961	0.171333333	0.75490949	0.755114677	0.77053679	0.778616947	0.731202032	-0.0156273
1.387916073	0.171333333	0.74736006	0.747565748	0.765512392	0.771067518	0.723652602	-0.018152332
1.410133186	0.171333333	0.739958566	0.740162887	0.760487994	0.763666024	0.716251109	-0.020529427
1.432350298	0.171333333	0.732688917	0.732898221	0.755463596	0.756396375	0.708981459	-0.022774679
1.45456741	0.171333333	0.725546796	0.72576452	0.750439198	0.749254254	0.701839338	-0.024892401
1.476784523	0.171333333	0.718530889	0.718755128	0.7454148	0.742238347	0.694823432	-0.02688391
1.499001635	0.171333333	0.711635822	0.71186391	0.740390402	0.73534328	0.687928364	-0.02875458
1.521218747	0.171333333	0.704853446	0.7050852	0.735366003	0.728560903	0.681145988	-0.030512558
1.543435859	0.171333333	0.698177146	0.698413755	0.730341605	0.721884604	0.674469688	-0.032164459
1.565652972	0.171333333	0.691602962	0.691844716	0.725317207	0.71531042	0.667895504	-0.033714245
1.587870084	0.171333333	0.685127574	0.685373571	0.720292809	0.708835031	0.661420116	-0.035165236
1.610087196	0.171333333	0.678746723	0.678996125	0.715268411	0.702454181	0.655039265	-0.036521688
1.632304309	0.171333333	0.672455689	0.67270847	0.710244013	0.696163146	0.648748231	-0.037788325
1.654521421	0.171333333	0.666250453	0.66650696	0.705219615	0.689957911	0.642542995	-0.038969162
1.676738533	0.171333333	0.66012794	0.660388186	0.700195217	0.683835398	0.636420482	-0.040067277
1.698955645	0.171333333	0.654085372	0.654348961	0.695170819	0.67779283	0.630377915	-0.041085447
1.721172758	0.171333333	0.64811976	0.648386295	0.690146421	0.671827218	0.624412302	-0.042026661
1.74338987	0.171333333	0.642228023	0.642497382	0.685122023	0.665935481	0.618520566	-0.042893999
1.765606982	0.171333333	0.636407371	0.636679584	0.680097625	0.660114828	0.612699913	-0.043690254
1.787824095	0.171333333	0.630655408	0.630930418	0.675073227	0.654362866	0.606947951	-0.044417818
1.810041207	0.171333333	0.624969942	0.625247544	0.670048829	0.6486774	0.601262484	-0.045078887
1.832258319	0.171333333	0.619348766	0.619628751	0.665024431	0.643056224	0.595641309	-0.045675664
1.854475431	0.171333333	0.613789676	0.614071953	0.660000033	0.637497134	0.590082218	-0.046210357
1.876692544	0.171333333	0.60829063	0.608575172	0.654975635	0.631998088	0.584583172	-0.046685004
1.898909656	0.171333333	0.60284984	0.603136537	0.649951236	0.626557298	0.579142382	-0.047101396
1.921126768	0.171333333	0.597465639	0.597754272	0.644926838	0.621173097	0.573758181	-0.047461199
1.943343881	0.171333333	0.592136279	0.592426689	0.63990244	0.615843737	0.568428821	-0.047766161
1.965560993	0.171333333	0.586859951	0.587152187	0.634878042	0.610567408	0.563152493	-0.048018092
1.987778105	0.171333333	0.581635079	0.581929239	0.629853644	0.605342537	0.557927621	-0.048218565
2.009995217	0.171333333	0.576460507	0.57675639	0.624829246	0.600167965	0.552753049	-0.048368739
2.03221233	0.171333333	0.571335146	0.571632255	0.619804848	0.595042604	0.547627688	-0.048469702
2.054429442	0.171333333	0.566257391	0.56655551	0.61478045	0.589964849	0.542549933	-0.048523059
2.076646554	0.171333333	0.561225245	0.56152489	0.609756052	0.584932703	0.537517787	-0.048530807
2.098863667	0.171333333	0.556237402	0.556539186	0.604731654	0.579944859	0.532529944	-0.048494252
2.121080779	0.171333333	0.551293875	0.55159724	0.599707256	0.575001333	0.527586417	-0.048413381
2.143297891	0.171333333	0.546394645	0.546697942	0.594682858	0.570102102	0.522687187	-0.048288213
2.165515003	0.171333333	0.541537494	0.541840229	0.58965846	0.565244952	0.517830036	-0.048120966
2.187732116	0.171333333	0.536718606	0.53702308	0.584634062	0.560426064	0.513011148	-0.047915456
2.209949228	0.171333333	0.531936746	0.532245516	0.579609664	0.555644204	0.508229288	-0.047672917
2.23216634	0.171333333	0.52719557	0.527506593	0.574585266	0.550903027	0.503488112	-0.047389696
2.254383453	0.171333333	0.522498292	0.522805406	0.569560868	0.54620575	0.498790834	-0.047062575
2.276600565	0.171333333	0.51783947	0.518141083	0.564536469	0.541546928	0.494132012	-0.046697
2.298817677	0.171333333	0.51320753	0.513512784	0.559512071	0.536914988	0.489500073	-0.046304541
2.321034789	0.171333333	0.508600845	0.508919699	0.554487673	0.532308303	0.484893387	-0.045886828
2.343251902	0.171333333	0.504036293	0.504361049	0.549463275	0.52774375	0.480328835	-0.045426983
2.365469014	0.171333333	0.499528698	0.499836081	0.544438877	0.523236155	0.47582124	-0.04491018
2.387686126	0.171333333	0.49505964	0.495344066	0.539414479	0.518767098	0.471352182	-0.044354839
2.409903239	0.171333333	0.490587297	0.490884304	0.534390081	0.514294755	0.466879839	-0.043802784
2.432120351	0.171333333	0.486108004	0.486456115	0.529365683	0.509815461	0.462400546	-0.043257679
2.454337463	0.171333333	0.481690702	0.482058842	0.524341285	0.505398159	0.457983244	-0.042650583
2.476554575	0.171333333	0.477399487	0.477691852	0.519316887	0.501106945	0.453692029	-0.0419174
2.498771688	0.171333333	0.473163527	0.473354528	0.514292489	0.496870985	0.449456069	-0.041128962
2.5209888	0.171333333	0.468792792	0.469046275	0.509268091	0.49250025	0.445085335	-0.040475298
2.543205912	0.171333333	0.464239227	0.464766517	0.504243693	0.487946685	0.44053177	-0.040004465
2.565423025	0.171333333	0.459897055	0.460514694	0.499219295	0.483604513	0.436189597	-0.03932224
2.587640137	0.171333333	0.456577431	0.456290264	0.494194897	0.480284889	0.432869973	-0.037617465
0.388146021	0.323666667	0.784604534	0.782030663	0.99056638	0.808311992	0.760897077	-0.205961846
0.410363133	0.323666667	0.794211798	0.798303229	0.985541982	0.817919256	0.77050434	-0.191330184
0.432580245	0.323666667	0.811707143	0.813737511	0.980517584	0.8354146	0.787999685	-0.168810441
0.454797357	0.323666667	0.831580316	0.828556151	0.975493186	0.855287774	0.807872858	-0.14391287
0.47701447	0.323666667	0.849641816	0.842872097	0.970468788	0.873349274	0.825934358	-0.120826972
0.499231582	0.323666667	0.86330769	0.856744451	0.96544439	0.887015148	0.839600232	-0.1021367
0.521448694	0.323666667	0.872243146	0.870205706	0.960419992	0.895950604	0.848535688	-0.088176846
0.543665807	0.323666667	0.878390228	0.883275176	0.955395594	0.902097685	0.85468277	-0.077005366
0.565882919	0.323666667	0.884131765	0.895965584	0.950371196	0.907839223	0.860424307	-0.066239431
0.588100031	0.323666667	0.890146596	0.90828621	0.945346797	0.913854053	0.866439138	-0.055200202
0.610317143	0.323666667	0.895870265	0.920244298	0.940322399	0.919577723	0.872162807	-0.044452135
0.632534256	0.323666667	0.902165914	0.93184554	0.935298001	0.925873372	0.878458457	-0.033132087
0.654751368	0.323666667	0.912119027	0.943094079	0.930273603	0.935826485	0.888411569	-0.018154576
0.67696848	0.323666667	0.927911779	0.953992208	0.925249205	0.951619236	0.904204321	0.002662573
0.699185593	0.323666667	0.947516997	0.964539837	0.920224807	0.971224454	0.923809539	0.027292189
0.721402705	0.323666667	0.966088376	0.974733705	0.915200409	0.989795833	0.942380918	0.050887966
0.743619817	0.323666667	0.980911012	0.984566228	0.910176011	1.004618469	0.957203554	0.070735001
0.765836929	0.323666667	0.993657737	0.994023755	0.905151613	1.017365195	0.969950279	0.088506124
0.788054042	0.323666667	1.006955573	1.003083762	0.900127215	1.030663031	0.983248115	0.106828358
0.810271154	0.323666667	1.019706275	1.011710038	0.895102817	1.043413733	0.995998817	0.124603458
0.832488266	0.323666667	1.027083487	1.05319579	0.890078419	1.050790945	1.003376029	0.137005068
0.854705379	0.323666667	1.024979689	1.03025882	0.885054021	1.048687147	1.001272231	0.139925668
0.876922491	0.323666667	1.013518451	1.010570841	0.880029623	1.037225909	0.989810994	0.133488829
0.899139603	0.323666667	0.996305244	0.992785117	0.875005225	1.020012702	0.972597786	0.12130002
0.921356715	0.323666667	0.977385134	0.97632093	0.869980827	1.001092592	0.953677676	0.107404307
0.943573828	0.323666667	0.959382117	0.960889049	0.864956429	0.983089574	0.935674659	0.094425688
0.96579094	0.323666667	0.943541497	0.946320832	0.85993203	0.967248954	0.919834039	0.083609466
0.988008052	0.323666667	0.930168025	0.932502276	0.854907632	0.953875482	0.906460567	0.075260392
1.010225165	0.323666667	0.918647823	0.919347182	0.849883234	0.94235528	0.894940365	0.068764588
1.032442277	0.323666667	0.907677267	0.906785619	0.844858836	0.931384725	0.88396981	0.062818431
1.054659389	0.323666667	0.89613898	0.894758561	0.839834438	0.919846437	0.872431522	0.056304541
1.076876501	0.323666667	0.883927791	0.883215125	0.83481004	0.907635249	0.860220333	0.049117751
1.099093614	0.323666667	0.871847881	0.872110946	0.829785642	0.895555339	0.848140423	0.042062239
1.121310726	0.323666667	0.860720729	0.861407085	0.824761244	0.884428187	0.837013271	0.035959485
1.143527838	0.323666667	0.850662751	0.851069214	0.819736846	0.874370209	0.826955294	0.030925905
1.165744951	0.323666667	0.841167535	0.841066968	0.814712448	0.864874993	0.817460077	0.026455087
1.187962063	0.323666667	0.831712535	0.83137341	0.80968805	0.855419993	0.808005077	0.022024485
1.210179175	0.323666667	0.822188418	0.821964578	0.804663652	0.845895876	0.79848096	0.017524766
1.232396287	0.323666667	0.812821212	0.812819096	0.799639254	0.83652867	0.789113754	0.013181958
1.2546134	0.323666667	0.803830836	0.803917847	0.794614856	0.827538294	0.780123378	0.00921598
1.276830512	0.323666667	0.795226968	0.795243687	0.789590458	0.818934426	0.771519511	0.005636511
1.299047624	0.323666667	0.786872249	0.786781202	0.78456606	0.810579707	0.763164791	0.00230619
1.321264737	0.323666667	0.778650551	0.778516497	0.779541662	0.802358009	0.754943093	-0.000891111
1.343481849	0.323666667	0.770547081	0.770437015	0.774517263	0.794254539	0.746839623	-0.003970183
1.365698961	0.323666667	0.762605902	0.76253138	0.769492865	0.78631336	0.738898444	-0.006886963
1.387916073	0.323666667	0.754855649	0.754789258	0.764468467	0.778563107	0.731148191	-0.009612818
1.410133186	0.323666667	0.747283462	0.747201244	0.759444069	0.77099092	0.723576004	-0.012160607
1.432350298	0.323666667	0.739858137	0.739758752	0.754419671	0.763565594	0.716150679	-0.014561535
1.45456741	0.323666667	0.732558859	0.732453931	0.749395273	0.756266317	0.708851402	-0.016836414
1.476784523	0.323666667	0.725381406	0.725279586	0.744370875	0.749088864	0.701673949	-0.018989469
1.499001635	0.323666667	0.718327383	0.718229105	0.739346477	0.742034841	0.694619925	-0.021019094
1.521218747	0.323666667	0.711394465	0.711296401	0.734322079	0.735101923	0.687687007	-0.022927614
1.543435859	0.323666667	0.704575603	0.70447586	0.729297681	0.728283061	0.680868145	-0.024722078
1.565652972	0.323666667	0.697863064	0.697762293	0.724273283	0.721570522	0.674155606	-0.026410219
1.587870084	0.323666667	0.691251109	0.691150892	0.719248885	0.714958567	0.667543652	-0.027997775
1.610087196	0.323666667	0.684735767	0.684637199	0.714224487	0.708443224	0.661028309	-0.02948872
1.632304309	0.323666667	0.67831357	0.678217066	0.709200089	0.702021028	0.654606113	-0.030886518
1.654521421	0.323666667	0.67198093	0.671886633	0.704175691	0.695688388	0.648273472	-0.032194761
1.676738533	0.323666667	0.665734199	0.665642297	0.699151293	0.689441657	0.642026741	-0.033417094
1.698955645	0.323666667	0.659569883	0.659480692	0.694126894	0.68327734	0.635862425	-0.034557012
1.721172758	0.323666667	0.653484724	0.653398668	0.689102496	0.677192181	0.629777266	-0.035617773
1.74338987	0.323666667	0.647475724	0.64739327	0.684078098	0.671183182	0.623768266	-0.036602374
1.765606982	0.323666667	0.641540155	0.641461723	0.6790537	0.665247613	0.617832697	-0.037513545
1.787824095	0.323666667	0.63567551	0.635601421	0.674029302	0.659382968	0.611968052	-0.038353792
1.810041207	0.323666667	0.6298794	0.629809905	0.669004904	0.653586858	0.606171942	-0.039125504
1.832258319	0.323666667	0.624149475	0.624084858	0.663980506	0.647856933	0.600442017	-0.039831031
1.854475431	0.323666667	0.618483461	0.618424094	0.658956108	0.642190919	0.594776003	-0.040472647
1.876692544	0.323666667	0.612879268	0.612825542	0.65393171	0.636586725	0.58917181	-0.041052442
1.898909656	0.323666667	0.607335041	0.607287243	0.648907312	0.631042499	0.583627584	-0.041572271
1.921126768	0.323666667	0.601849038	0.601807339	0.643882914	0.625556496	0.57814158	-0.042033876
1.943343881	0.323666667	0.596419436	0.596384069	0.638858516	0.620126894	0.572711978	-0.04243908
1.965560993	0.323666667	0.591044356	0.591015756	0.633834118	0.614751814	0.567336898	-0.042789762
1.987778105	0.323666667	0.585722157	0.585700806	0.62880972	0.609429614	0.562014699	-0.043087563
2.009995217	0.323666667	0.580451631	0.580437702	0.623785322	0.604159088	0.556744173	-0.043333691
2.03221233	0.323666667	0.575231662	0.575224997	0.618760924	0.598939119	0.551524204	-0.043529262
2.054429442	0.323666667	0.570060614	0.57006131	0.613736526	0.593768072	0.546353157	-0.043675911
2.076646554	0.323666667	0.564936421	0.564945321	0.608712127	0.588643879	0.541228964	-0.043775706
2.098863667	0.323666667	0.55985767	0.55987577	0.603687729	0.583565128	0.536150213	-0.043830059
2.121080779	0.323666667	0.554824313	0.554851449	0.598663331	0.578531771	0.531116855	-0.043839018
2.143297891	0.323666667	0.549836375	0.549871203	0.593638933	0.573543833	0.526128917	-0.043802558
2.165515003	0.323666667	0.544891731	0.544933922	0.588614535	0.568599189	0.521184274	-0.043722804
2.187732116	0.323666667	0.539986518	0.540038544	0.583590137	0.563693976	0.51627906	-0.043603619
2.209949228	0.323666667	0.535119228	0.535184047	0.578565739	0.558826686	0.51141177	-0.043446511
2.23216634	0.323666667	0.530293238	0.530369451	0.573541341	0.554000696	0.506585781	-0.043248103
2.254383453	0.323666667	0.525511874	0.525593811	0.568516943	0.549219332	0.501804417	-0.043005069
2.276600565	0.323666667	0.520770244	0.520856221	0.563492545	0.544477702	0.497062786	-0.042722301
2.298817677	0.323666667	0.516057137	0.516155806	0.558468147	0.539764595	0.492349679	-0.04241101
2.321034789	0.323666667	0.5113703	0.511491724	0.553443749	0.535077758	0.487662842	-0.042073449
2.343251902	0.323666667	0.506725244	0.506863162	0.548419351	0.530432702	0.483017786	-0.041694107
2.365469014	0.323666667	0.502136421	0.502269336	0.543394953	0.525843879	0.478428964	-0.041258531
2.387686126	0.323666667	0.49758752	0.497709492	0.538370555	0.521294978	0.473880062	-0.040783035
2.409903239	0.323666667	0.493039693	0.493182897	0.533346157	0.51674715	0.469332235	-0.040306464
2.432120351	0.323666667	0.488488458	0.488688846	0.528321759	0.512195915	0.464781	-0.039833301
2.454337463	0.323666667	0.483995837	0.484226656	0.52329736	0.507703295	0.46028838	-0.039301523
2.476554575	0.323666667	0.479618981	0.479795667	0.518272962	0.503326439	0.455911523	-0.038653981
2.498771688	0.323666667	0.475291546	0.475395239	0.513248564	0.498999004	0.451584088	-0.037957018
2.5209888	0.323666667	0.470842032	0.471024754	0.508224166	0.49454949	0.447134574	-0.037382134
2.543205912	0.323666667	0.466237341	0.466683611	0.503199768	0.489944799	0.442529883	-0.036962427
2.565423025	0.323666667	0.461855166	0.46237123	0.49817537	0.485562624	0.438147708	-0.036320204
2.587640137	0.323666667	0.458449024	0.458087046	0.493150972	0.482156482	0.434741566	-0.034701948
0.388146021	0.476	0.781181702	0.777559653	0.989522455	0.80488916	0.757474245	-0.208340753
0.410363133	0.476	0.791027695	0.793733494	0.984498057	0.814735153	0.767320237	-0.193470362
0.432580245	0.476	0.806294403	0.80906801	0.979473659	0.830001861	0.782586945	-0.173179256
0.454797357	0.476	0.822473461	0.82378595	0.974449261	0.846180919	0.798766003	-0.1519758
0.47701447	0.476	0.838364248	0.838000102	0.969424863	0.862071706	0.81465679	-0.131060616
0.499231582	0.476	0.854131205	0.851769268	0.964400465	0.877838663	0.830423748	-0.11026926
0.521448694	0.476	0.869508873	0.865125587	0.959376067	0.893216331	0.845801416	-0.089867194
0.543665807	0.476	0.883866031	0.878087991	0.954351669	0.907573489	0.860158573	-0.070485638
0.565882919	0.476	0.897054199	0.890668811	0.949327271	0.920761657	0.873346741	-0.052273072
0.588100031	0.476	0.909518508	0.902876939	0.944302873	0.933225966	0.88581105	-0.034784365
0.610317143	0.476	0.921777625	0.914719227	0.939278475	0.945485082	0.898070167	-0.01750085
0.632534256	0.476	0.934082723	0.926200987	0.934254077	0.957790181	0.910375265	-0.000171354
0.654751368	0.476	0.946221775	0.937325991	0.929229679	0.969929233	0.922514317	0.016992096
0.67696848	0.476	0.95721091	0.948096191	0.924205281	0.980918368	0.933503452	0.033005629
0.699185593	0.476	0.965583084	0.958511207	0.919180883	0.989290542	0.941875627	0.046402202
0.721402705	0.476	0.970897963	0.968567591	0.914156485	0.994605421	0.947190505	0.056741478
0.743619817	0.476	0.975144234	0.978257772	0.909132087	0.998851692	0.951436776	0.066012148
0.765836929	0.476	0.981811825	0.987568498	0.904107688	1.005519283	0.958104367	0.077704137
0.788054042	0.476	0.992824588	0.996478414	0.89908329	1.016532046	0.96911713	0.093741297
0.810271154	0.476	1.006457001	1.004954069	0.894058892	1.030164459	0.982749544	0.112398109
0.832488266	0.476	1.018514651	1.012942797	0.889034494	1.042222109	0.994807193	0.129480157
0.854705379	0.476	1.025271663	1.0203588	0.884010096	1.04897912	1.001564205	0.141261566
0.876922491	0.476	1.025021567	1.027052164	0.878985698	1.048729024	1.001314109	0.146035868
0.899139603	0.476	1.017525291	1.015187497	0.8739613	1.041232749	0.993817833	0.143563991
0.921356715	0.476	1.003312193	0.995401918	0.868936902	1.027019651	0.979604735	0.134375291
0.943573828	0.476	0.984104945	0.977907946	0.863912504	1.007812403	0.960397488	0.120192441
0.96579094	0.476	0.963208584	0.961881844	0.858888106	0.986916042	0.939501126	0.104320478
0.988008052	0.476	0.944341687	0.946939561	0.853863708	0.968049145	0.92063423	0.090477979
1.010225165	0.476	0.92949866	0.932869638	0.84883931	0.953206118	0.905791202	0.08065935
1.032442277	0.476	0.917946475	0.919537204	0.843814912	0.941653933	0.894239018	0.074131564
1.054659389	0.476	0.907380528	0.906845734	0.838790514	0.931087985	0.88367307	0.068590014
1.076876501	0.476	0.896041662	0.894720471	0.833766116	0.91974912	0.872334204	0.062275546
1.099093614	0.476	0.883834081	0.88310059	0.828741718	0.907541539	0.860126623	0.055092363
1.121310726	0.476	0.871763741	0.871935114	0.82371732	0.895471199	0.848056283	0.048046422
1.143527838	0.476	0.860668512	0.861180541	0.818692921	0.88437597	0.836961055	0.041975591
1.165744951	0.476	0.850553213	0.850799313	0.813668523	0.874260671	0.826845755	0.036884689
1.187962063	0.476	0.840891629	0.84075875	0.808644125	0.864599087	0.817184171	0.032247504
1.210179175	0.476	0.831275385	0.831030235	0.803619727	0.854982843	0.807567927	0.027655658
1.232396287	0.476	0.821701264	0.821588587	0.798595329	0.845408722	0.797993806	0.023105935
1.2546134	0.476	0.812380561	0.812411552	0.793570931	0.836088019	0.788673104	0.01880963
1.276830512	0.476	0.803435595	0.80347938	0.788546533	0.827143053	0.779728137	0.014889062
1.299047624	0.476	0.794807872	0.794774484	0.783522135	0.81851533	0.771100414	0.011285737
1.321264737	0.476	0.786374639	0.78628114	0.778497737	0.810082096	0.762667181	0.007876902
1.343481849	0.476	0.778077158	0.777985249	0.773473339	0.801784615	0.7543697	0.004603819
1.365698961	0.476	0.769935207	0.769874125	0.768448941	0.793642665	0.746227749	0.001486266
1.387916073	0.476	0.761982777	0.761936318	0.763424543	0.785690235	0.73827532	-0.001441765
1.410133186	0.476	0.754219598	0.754161465	0.758400145	0.777927056	0.73051214	-0.004180547
1.432350298	0.476	0.746617241	0.746540156	0.753375747	0.770324698	0.722909783	-0.006758506
1.45456741	0.476	0.73914985	0.739063828	0.748351349	0.762857307	0.715442392	-0.009201499
1.476784523	0.476	0.731809408	0.731724662	0.743326951	0.755516866	0.708101951	-0.011517542
1.499001635	0.476	0.724598024	0.724515505	0.738302553	0.748305482	0.700890566	-0.013704529
1.521218747	0.476	0.717514881	0.717429796	0.733278154	0.741222339	0.693807424	-0.015763273
1.543435859	0.476	0.710552517	0.7104615	0.728253756	0.734259975	0.68684506	-0.017701239
1.565652972	0.476	0.703701498	0.703605057	0.723229358	0.727408956	0.67999404	-0.019527861
1.587870084	0.476	0.696955107	0.696855329	0.71820496	0.720662565	0.67324765	-0.021249853
1.610087196	0.476	0.690309635	0.690207563	0.713180562	0.714017092	0.666602177	-0.022870928
1.632304309	0.476	0.683762088	0.683657348	0.708156164	0.707469545	0.66005463	-0.024394077
1.654521421	0.476	0.67730869	0.677200585	0.703131766	0.701016148	0.653601232	-0.025823076
1.676738533	0.476	0.670945124	0.670833458	0.698107368	0.694652582	0.647237666	-0.027162244
1.698955645	0.476	0.664667382	0.664552404	0.69308297	0.68837484	0.640959924	-0.028415588
1.721172758	0.476	0.65847211	0.658354096	0.688058572	0.682179568	0.634764652	-0.029586462
1.74338987	0.476	0.652356383	0.652235418	0.683034174	0.676063841	0.628648925	-0.030677791
1.765606982	0.476	0.646317406	0.646193448	0.678009776	0.670024864	0.622609949	-0.03169237
1.787824095	0.476	0.640352442	0.640225441	0.672985378	0.6640599	0.616644984	-0.032632936
1.810041207	0.476	0.634458863	0.634328815	0.66796098	0.658166321	0.610751405	-0.033502117
1.832258319	0.476	0.628634188	0.628501136	0.662936582	0.652341646	0.60492673	-0.034302394
1.854475431	0.476	0.622876082	0.622740109	0.657912184	0.64658354	0.599168624	-0.035036101
1.876692544	0.476	0.617182385	0.617043564	0.652887786	0.640889842	0.593474927	-0.035705401
1.898909656	0.476	0.611551127	0.61140945	0.647863387	0.635258585	0.58784367	-0.03631226
1.921126768	0.476	0.605980449	0.605835821	0.642838989	0.629687907	0.582272991	-0.036858541
1.943343881	0.476	0.600468443	0.600320834	0.637814591	0.624175901	0.576760985	-0.037346148
1.965560993	0.476	0.59501317	0.594862736	0.632790193	0.618720627	0.571305712	-0.037777024
1.987778105	0.476	0.589612909	0.589459862	0.627765795	0.613320367	0.565905452	-0.038152886
2.009995217	0.476	0.584266352	0.584110627	0.622741397	0.60797381	0.560558894	-0.038475045
2.03221233	0.476	0.578972298	0.578813519	0.617716999	0.602679756	0.555264841	-0.038744701
2.054429442	0.476	0.573729099	0.573567098	0.612692601	0.597436556	0.550021641	-0.038963502
2.076646554	0.476	0.568534687	0.568369986	0.607668203	0.592242145	0.544827229	-0.039133516
2.098863667	0.476	0.563387554	0.56322087	0.602643805	0.587095012	0.539680097	-0.039256251
2.121080779	0.476	0.558287448	0.558118491	0.597619407	0.581994906	0.53457999	-0.039331959
2.143297891	0.476	0.553234283	0.553061643	0.592595009	0.57694174	0.529526825	-0.039360726
2.165515003	0.476	0.548226109	0.548049171	0.587570611	0.571933567	0.524518652	-0.039344501
2.187732116	0.476	0.543259332	0.543079969	0.582546213	0.56696679	0.519551874	-0.039286881
2.209949228	0.476	0.538332267	0.538152973	0.577521815	0.562039725	0.514624809	-0.039189548
2.23216634	0.476	0.533447547	0.533267162	0.572497417	0.557155005	0.50974009	-0.039049869
2.254383453	0.476	0.528608045	0.528421553	0.567473019	0.552315502	0.504900587	-0.038864974
2.276600565	0.476	0.523809707	0.523615202	0.56244862	0.547517164	0.500102249	-0.038638914
2.298817677	0.476	0.519042843	0.5188472	0.557424222	0.542750301	0.495335385	-0.038381379
2.321034789	0.476	0.514305036	0.514116669	0.552399824	0.538012494	0.490597578	-0.038094788
2.343251902	0.476	0.509608906	0.509422766	0.547375426	0.533316363	0.485901448	-0.037766521
2.365469014	0.476	0.504966542	0.504764676	0.542351028	0.528674	0.481259084	-0.037384487
2.387686126	0.476	0.500364585	0.500141613	0.53732663	0.524072043	0.476657128	-0.036962045
2.409903239	0.476	0.495770977	0.495552816	0.532302232	0.519478435	0.472063519	-0.036531255
2.432120351	0.476	0.491181856	0.490997553	0.527277834	0.514889314	0.467474398	-0.036095978
2.454337463	0.476	0.486647052	0.486475114	0.522253436	0.51035451	0.462939594	-0.035606384
2.476554575	0.476	0.482210945	0.481984813	0.517229038	0.505918403	0.458503488	-0.035018093
2.498771688	0.476	0.477819816	0.477525985	0.51220464	0.501527274	0.454112358	-0.034384824
2.5209888	0.476	0.473347989	0.473097988	0.507180242	0.497055447	0.449640531	-0.033832253
2.543205912	0.476	0.468805056	0.4687002	0.502155844	0.492512514	0.445097598	-0.033350788
2.565423025	0.476	0.464548308	0.464332016	0.497131446	0.488255766	0.44084085	-0.032583138
2.587640137	0.476	0.46122391	0.459992852	0.492107048	0.484931368	0.437516452	-0.030883138
0.388146021	0.628333333	0.775633812	0.773106145	0.988478531	0.799341269	0.751926354	-0.212844719
0.410363133	0.628333333	0.787396118	0.78918216	0.983454133	0.811103576	0.763688661	-0.196058014
0.432580245	0.628333333	0.803567763	0.804417925	0.978429735	0.827275221	0.779860305	-0.174861972
0.454797357	0.628333333	0.818519581	0.819036309	0.973405337	0.842227039	0.794812123	-0.154885756
0.47701447	0.628333333	0.831430219	0.833149947	0.968380939	0.855137677	0.807722761	-0.13695072
0.499231582	0.628333333	0.844134266	0.846817361	0.963356541	0.867841724	0.820426808	-0.119222275
0.521448694	0.628333333	0.857943367	0.860070352	0.958332143	0.881650825	0.834235909	-0.100388776
0.543665807	0.628333333	0.872540623	0.872927493	0.953307745	0.896248081	0.848833165	-0.080767122
0.565882919	0.628333333	0.886985057	0.88540075	0.948283347	0.910692514	0.863277599	-0.06129829
0.588100031	0.628333333	0.900821201	0.897498657	0.943258948	0.924528658	0.877113743	-0.042437748
0.610317143	0.628333333	0.914096948	0.909227715	0.93823455	0.937804406	0.890389491	-0.024137602
0.632534256	0.628333333	0.926792121	0.920592899	0.933210152	0.950499579	0.903084663	-0.006418032
0.654751368	0.628333333	0.938539429	0.931597669	0.928185754	0.962246887	0.914831971	0.010353675
0.67696848	0.628333333	0.948826138	0.942243696	0.923161356	0.972533596	0.92511868	0.025664782
0.699185593	0.628333333	0.957412571	0.952530387	0.918136958	0.981120029	0.933705113	0.039275613
0.721402705	0.628333333	0.964690009	0.962454193	0.91311256	0.988397467	0.940982551	0.051577449
0.743619817	0.628333333	0.971655369	0.972007643	0.908088162	0.995362827	0.947947911	0.063567207
0.765836929	0.628333333	0.979324779	0.981177955	0.903063764	1.003032237	0.955617321	0.076261015
0.788054042	0.628333333	0.988045029	0.989944934	0.898039366	1.011752486	0.964337571	0.090005663
0.810271154	0.628333333	0.997479886	0.998277639	0.893014968	1.021187344	0.973772428	0.104464918
0.832488266	0.628333333	1.007205665	1.006128709	0.88799057	1.030913123	0.983498207	0.119215095
0.854705379	0.628333333	1.016825889	1.01342395	0.882966172	1.040533347	0.993118432	0.133859718
0.876922491	0.628333333	1.025052119	1.0200412	0.877941774	1.048759576	1.001344661	0.147110345
0.899139603	0.628333333	1.028922971	1.025760987	0.872917376	1.052630429	1.005215513	0.156005595
0.921356715	0.628333333	1.024810529	1.030121733	0.867892978	1.048517986	1.001103071	0.156917551
0.943573828	0.628333333	1.011024564	0.998104527	0.86286858	1.034732021	0.987317106	0.148155984
0.96579094	0.628333333	0.989726467	0.979141785	0.857844181	1.013433925	0.96601901	0.131882286
0.988008052	0.628333333	0.966114007	0.962391669	0.852819783	0.989821464	0.942406549	0.113294223
1.010225165	0.628333333	0.945313271	0.94704038	0.847795385	0.969020728	0.921605813	0.097517885
1.032442277	0.628333333	0.929509792	0.932717566	0.842770987	0.95321725	0.905802334	0.086738805
1.054659389	0.628333333	0.917507612	0.919218559	0.837746589	0.94121507	0.893800154	0.079761023
1.076876501	0.628333333	0.906650954	0.906412061	0.832722191	0.930358412	0.882943496	0.073928763
1.099093614	0.628333333	0.895151075	0.894204199	0.827697793	0.918858533	0.871443617	0.067453282
1.121310726	0.628333333	0.882964033	0.882522801	0.822673395	0.90667149	0.859256575	0.060290638
1.143527838	0.628333333	0.871016435	0.871309747	0.817648997	0.894723893	0.847308977	0.053367438
1.165744951	0.628333333	0.859984882	0.860516849	0.812624599	0.883692339	0.836277424	0.047360283
1.187962063	0.628333333	0.849801527	0.850103384	0.807600201	0.873508985	0.82609407	0.042201327
1.210179175	0.628333333	0.840012349	0.840034487	0.802575803	0.863719807	0.816304891	0.037436546
1.232396287	0.628333333	0.830320914	0.830280026	0.797551405	0.854028372	0.806613456	0.032769509
1.2546134	0.628333333	0.820753672	0.820813763	0.792527007	0.84446113	0.797046214	0.028226665
1.276830512	0.628333333	0.81146186	0.811612707	0.787502609	0.835169318	0.787754403	0.023959252
1.299047624	0.628333333	0.802503791	0.802656605	0.782478211	0.826211249	0.778796333	0.020025581
1.321264737	0.628333333	0.7938185	0.793927529	0.777453813	0.817525958	0.770111043	0.016364688
1.343481849	0.628333333	0.785326235	0.785409537	0.772429414	0.809033692	0.761618777	0.01289682
1.365698961	0.628333333	0.776999677	0.777088398	0.767405016	0.800707134	0.753292219	0.00959466
1.387916073	0.628333333	0.768850723	0.768951354	0.762380618	0.792558181	0.745143265	0.006470105
1.410133186	0.628333333	0.76088634	0.760986929	0.75735622	0.784593798	0.737178883	0.00353012
1.432350298	0.628333333	0.753092447	0.753184766	0.752331822	0.776799905	0.72938499	0.000760625
1.45456741	0.628333333	0.745448603	0.745535481	0.747307424	0.76915606	0.721741145	-0.001858822
1.476784523	0.628333333	0.737943424	0.738030551	0.742283026	0.761650882	0.714235966	-0.004339602
1.499001635	0.628333333	0.730573984	0.73066221	0.737258628	0.754281442	0.706866526	-0.006684644
1.521218747	0.628333333	0.723337022	0.72342336	0.73223423	0.747044479	0.699629564	-0.008897208
1.543435859	0.628333333	0.716225012	0.716307497	0.727209832	0.73993247	0.692517555	-0.01098482
1.565652972	0.628333333	0.709229173	0.709308646	0.722185434	0.73293663	0.685521715	-0.012956261
1.587870084	0.628333333	0.702343155	0.702421303	0.717161036	0.726050613	0.678635698	-0.01481788
1.610087196	0.628333333	0.695563121	0.695640389	0.712136638	0.719270578	0.671855663	-0.016573517
1.632304309	0.628333333	0.68888556	0.688961201	0.70711224	0.712593018	0.665178102	-0.01822668
1.654521421	0.628333333	0.682306051	0.682379381	0.702087842	0.706013509	0.658598593	-0.01978179
1.676738533	0.628333333	0.675819815	0.675890875	0.697063444	0.699527272	0.652112357	-0.021243629
1.698955645	0.628333333	0.669422696	0.66949191	0.692039045	0.693130154	0.645715238	-0.022616349
1.721172758	0.628333333	0.663111368	0.663178966	0.687014647	0.686818826	0.63940391	-0.023903279
1.74338987	0.628333333	0.656882858	0.656948752	0.681990249	0.680590316	0.6331754	-0.025107391
1.765606982	0.628333333	0.650734163	0.650798184	0.676965851	0.674441621	0.627026706	-0.026231688
1.787824095	0.628333333	0.644662279	0.644724373	0.671941453	0.668369737	0.620954821	-0.027279174
1.810041207	0.628333333	0.638664388	0.638724599	0.666917055	0.662371846	0.61495693	-0.028252667
1.832258319	0.628333333	0.632737924	0.632796307	0.661892657	0.656445381	0.609030466	-0.029154733
1.854475431	0.628333333	0.626880496	0.626937085	0.656868259	0.650587953	0.603173038	-0.029987763
1.876692544	0.628333333	0.621089848	0.621144658	0.651843861	0.644797306	0.59738239	-0.030754013
1.898909656	0.628333333	0.615363879	0.615416875	0.646819463	0.639071336	0.591656421	-0.031455584
1.921126768	0.628333333	0.609700602	0.609751699	0.641795065	0.63340806	0.585993145	-0.032094463
1.943343881	0.628333333	0.604098041	0.6041472	0.636770667	0.627805498	0.580390583	-0.032672626
1.965560993	0.628333333	0.598554209	0.598601544	0.631746269	0.622261667	0.574846751	-0.03319206
1.987778105	0.628333333	0.593067317	0.593112993	0.626721871	0.616774775	0.56935986	-0.033654553
2.009995217	0.628333333	0.587635933	0.587679888	0.621697473	0.611343391	0.563928475	-0.03406154
2.03221233	0.628333333	0.582258747	0.582300653	0.616673075	0.605966205	0.558551289	-0.034414327
2.054429442	0.628333333	0.576934096	0.576973783	0.611648677	0.600641554	0.553226638	-0.03471458
2.076646554	0.628333333	0.571659967	0.571697843	0.606624278	0.595367425	0.547952509	-0.034964311
2.098863667	0.628333333	0.566434803	0.566471462	0.60159988	0.59014226	0.542727345	-0.035165078
2.121080779	0.628333333	0.561258106	0.561293327	0.596575482	0.584965564	0.537550648	-0.035317377
2.143297891	0.628333333	0.556129566	0.556162184	0.591551084	0.579837024	0.532422108	-0.035421518
2.165515003	0.628333333	0.551047361	0.55107683	0.586526686	0.574754819	0.527339903	-0.035479325
2.187732116	0.628333333	0.546008296	0.546036111	0.581502288	0.569715754	0.522300839	-0.035493992
2.209949228	0.628333333	0.541010727	0.541038922	0.57647789	0.564718184	0.517303269	-0.035467164
2.23216634	0.628333333	0.536056545	0.536084199	0.571453492	0.559764003	0.512349088	-0.035396947
2.254383453	0.628333333	0.531147857	0.531170921	0.566429094	0.554855315	0.507440399	-0.035281237
2.276600565	0.628333333	0.526281166	0.526298106	0.561404696	0.549988624	0.502573708	-0.03512353
2.298817677	0.628333333	0.52144851	0.521464807	0.556380298	0.545155968	0.497741053	-0.034931787
2.321034789	0.628333333	0.516647915	0.516670116	0.5513559	0.540355372	0.492940457	-0.034707985
2.343251902	0.628333333	0.51188927	0.511913152	0.546331502	0.535596727	0.488181812	-0.034442232
2.365469014	0.628333333	0.507181387	0.507193072	0.541307104	0.530888845	0.483473929	-0.034125717
2.387686126	0.628333333	0.502512655	0.502509057	0.536282706	0.526220113	0.478805197	-0.033770051
2.409903239	0.628333333	0.497858268	0.497860319	0.531258308	0.521565726	0.474150811	-0.033400039
2.432120351	0.628333333	0.493217966	0.493246097	0.52623391	0.516925424	0.469510508	-0.033015943
2.454337463	0.628333333	0.48863209	0.488665655	0.521209511	0.512339548	0.464924633	-0.032577421
2.476554575	0.628333333	0.484128979	0.484118279	0.516185113	0.507836437	0.460421521	-0.032056134
2.498771688	0.628333333	0.479654944	0.479603283	0.511160715	0.503362402	0.455947487	-0.031505771
2.5209888	0.628333333	0.475113556	0.475119997	0.506136317	0.498821014	0.451406099	-0.031022761
2.543205912	0.628333333	0.470550762	0.470667778	0.501111919	0.49425822	0.446843304	-0.030561157
2.565423025	0.628333333	0.466320854	0.466245999	0.496087521	0.490028312	0.442613396	-0.029766667
2.587640137	0.628333333	0.463003165	0.461854053	0.491063123	0.486710623	0.439295707	-0.028059958
0.388146021	0.780666667	0.769927685	0.768670024	0.987434606	0.793635142	0.746220227	-0.217506922
0.410363133	0.780666667	0.782521895	0.784649087	0.982410208	0.806229352	0.758814437	-0.199888314
0.432580245	0.780666667	0.800254998	0.79978709	0.97738581	0.823962456	0.77654754	-0.177130813
0.454797357	0.780666667	0.816505655	0.814307029	0.972361412	0.840213113	0.792798197	-0.155855757
0.47701447	0.780666667	0.829628609	0.828321398	0.967337014	0.853336067	0.805921152	-0.137708405
0.499231582	0.780666667	0.841305961	0.841888454	0.962312616	0.865013418	0.817598503	-0.121006656
0.521448694	0.780666667	0.853248334	0.855039676	0.957288218	0.876955792	0.829540877	-0.104039884
0.543665807	0.780666667	0.865577237	0.867793296	0.95226382	0.889284694	0.841869779	-0.086686583
0.565882919	0.780666667	0.877521815	0.880160942	0.947239422	0.901229272	0.853814357	-0.069717608
0.588100031	0.780666667	0.888665815	0.892150817	0.942215024	0.912373272	0.864958357	-0.053549209
0.610317143	0.780666667	0.899253583	0.903769106	0.937190626	0.922961041	0.875546125	-0.037937043
0.632534256	0.780666667	0.909730128	0.915020488	0.932166228	0.933437586	0.88602267	-0.0224361
0.654751368	0.780666667	0.920393525	0.925908155	0.92714183	0.944100983	0.896686067	-0.006748305
0.67696848	0.780666667	0.931419719	0.936433558	0.922117432	0.955127177	0.907712262	0.009302288
0.699185593	0.780666667	0.942895303	0.946595951	0.917093034	0.966602761	0.919187846	0.02580227
0.721402705	0.780666667	0.954636977	0.956391752	0.912068636	0.978344434	0.930929519	0.042568341
0.743619817	0.780666667	0.966016031	0.965813658	0.907044238	0.989723489	0.942308573	0.058971793
0.765836929	0.780666667	0.976114945	0.974849404	0.902019839	0.999822403	0.952407487	0.074095105
0.788054042	0.780666667	0.984291674	0.983479936	0.896995441	1.007999132	0.960584216	0.087296233
0.810271154	0.780666667	0.990852938	0.991676603	0.891971043	1.014560396	0.96714548	0.098881895
0.832488266	0.780666667	0.997239695	0.999396588	0.886946645	1.020947153	0.973532237	0.110293049
0.854705379	0.780666667	1.005215107	1.006574946	0.881922247	1.028922564	0.981507649	0.123292859
0.876922491	0.780666667	1.015248843	1.013109615	0.876897849	1.038956301	0.991541386	0.138350994
0.899139603	0.780666667	1.025208407	1.018830104	0.871873451	1.048915864	1.001500949	0.153334956
0.921356715	0.780666667	1.030672051	1.023421436	0.866849053	1.054379509	1.006964594	0.163822998
0.943573828	0.780666667	1.02717673	1.026182029	0.861824655	1.050884188	1.003469273	0.165352075
0.96579094	0.780666667	1.01312117	1.000752641	0.856800257	1.036828628	0.989413712	0.156320913
0.988008052	0.780666667	0.991188025	0.97971325	0.851775859	1.014895483	0.967480567	0.139412166
1.010225165	0.780666667	0.966986517	0.962198797	0.846751461	0.990693975	0.943279059	0.120235056
1.032442277	0.780666667	0.945745146	0.946473586	0.841727063	0.969452604	0.922037688	0.104018083
1.054659389	0.780666667	0.929538517	0.931940493	0.836702665	0.953245975	0.905831059	0.092835853
1.076876501	0.780666667	0.917066989	0.918313283	0.831678267	0.940774447	0.893359532	0.085388723
1.099093614	0.780666667	0.905739835	0.905424402	0.826653869	0.929447293	0.882032377	0.079085966
1.121310726	0.780666667	0.893953728	0.893161409	0.821629471	0.917661186	0.870246271	0.072324258
1.143527838	0.780666667	0.881762145	0.881441642	0.816605072	0.905469603	0.858054687	0.065157073
1.165744951	0.780666667	0.869979099	0.870200644	0.811580674	0.893686557	0.846271641	0.058398425
1.187962063	0.780666667	0.85907036	0.859386211	0.806556276	0.882777818	0.835362902	0.052514084
1.210179175	0.780666667	0.848863443	0.84895501	0.801531878	0.8725709	0.825155985	0.047331564
1.232396287	0.780666667	0.838967865	0.838870445	0.79650748	0.862675323	0.815260407	0.042460385
1.2546134	0.780666667	0.829202633	0.82910123	0.791483082	0.852910091	0.805495176	0.037719551
1.276830512	0.780666667	0.819633079	0.819620362	0.786458684	0.843340537	0.795925621	0.033174395
1.299047624	0.780666667	0.81036553	0.810404351	0.781434286	0.834072987	0.786658072	0.028931244
1.321264737	0.780666667	0.801407975	0.801432625	0.776409888	0.825115433	0.777700517	0.024998087
1.343481849	0.780666667	0.792695499	0.792687067	0.77138549	0.816402957	0.768988041	0.021310009
1.365698961	0.780666667	0.78417342	0.784151637	0.766361092	0.807880878	0.760465962	0.017812328
1.387916073	0.780666667	0.775828687	0.775812063	0.761336694	0.799536145	0.752121229	0.014491993
1.410133186	0.780666667	0.76766601	0.767655592	0.756312296	0.791373468	0.743958553	0.011353715
1.432350298	0.780666667	0.759681419	0.759670782	0.751287898	0.783388876	0.735973961	0.008393521
1.45456741	0.780666667	0.751860779	0.751847323	0.7462635	0.775568237	0.728153321	0.005597279
1.476784523	0.780666667	0.744190708	0.744175898	0.741239102	0.767898166	0.720483251	0.002951607
1.499001635	0.780666667	0.736663196	0.736648053	0.736214704	0.760370654	0.712955739	0.000448493
1.521218747	0.780666667	0.729272182	0.729256091	0.731190305	0.75297964	0.705564724	-0.001918123
1.543435859	0.780666667	0.722010376	0.72199299	0.726165907	0.745717834	0.698302919	-0.004155531
1.565652972	0.780666667	0.714870152	0.714852315	0.721141509	0.73857761	0.691162694	-0.006271357
1.587870084	0.780666667	0.707845494	0.707828162	0.716117111	0.731552952	0.684138036	-0.008271617
1.610087196	0.780666667	0.700931915	0.700915091	0.711092713	0.724639373	0.677224458	-0.010160798
1.632304309	0.780666667	0.694125003	0.694108084	0.706068315	0.717832461	0.670417546	-0.011943312
1.654521421	0.780666667	0.687419766	0.687402497	0.701043917	0.711127224	0.663712308	-0.013624151
1.676738533	0.780666667	0.680811266	0.680794024	0.696019519	0.704518723	0.657103808	-0.015208253
1.698955645	0.780666667	0.674295358	0.674278661	0.690995121	0.698002816	0.6505879	-0.016699763
1.721172758	0.780666667	0.667868642	0.66785268	0.685970723	0.6915761	0.644161184	-0.018102081
1.74338987	0.780666667	0.661527922	0.661512603	0.680946325	0.68523538	0.637820464	-0.019418403
1.765606982	0.780666667	0.655269919	0.655255175	0.675921927	0.678977376	0.631562461	-0.020652008
1.787824095	0.780666667	0.64909141	0.649077349	0.670897529	0.672798867	0.625383952	-0.021806119
1.810041207	0.780666667	0.642989458	0.642976264	0.665873131	0.666696916	0.619282	-0.022883673
1.832258319	0.780666667	0.636961423	0.63694923	0.660848733	0.660668881	0.613253965	-0.02388731
1.854475431	0.780666667	0.631004825	0.630993717	0.655824335	0.654712283	0.607297367	-0.02481951
1.876692544	0.780666667	0.625117281	0.625107335	0.650799937	0.648824739	0.601409823	-0.025682656
1.898909656	0.780666667	0.619296549	0.61928783	0.645775538	0.643004007	0.595589092	-0.026478989
1.921126768	0.780666667	0.613540532	0.613533069	0.64075114	0.637247989	0.589833074	-0.027210609
1.943343881	0.780666667	0.607847181	0.60784103	0.635726742	0.631554639	0.584139723	-0.027879561
1.965560993	0.780666667	0.602214473	0.602209798	0.630702344	0.625921931	0.578507015	-0.028487871
1.987778105	0.780666667	0.596640548	0.596637554	0.625677946	0.620348006	0.57293309	-0.029037398
2.009995217	0.780666667	0.591123851	0.591122566	0.620653548	0.614831309	0.567416393	-0.029529697
2.03221233	0.780666667	0.585662946	0.58566319	0.61562915	0.609370404	0.561955488	-0.029966204
2.054429442	0.780666667	0.580256138	0.580257855	0.610604752	0.603963596	0.556548681	-0.030348614
2.076646554	0.780666667	0.574901476	0.574905064	0.605580354	0.598608934	0.551194019	-0.030678878
2.098863667	0.780666667	0.569597399	0.569603389	0.600555956	0.593304857	0.545889941	-0.030958557
2.121080779	0.780666667	0.564343201	0.564351464	0.595531558	0.588050658	0.540635743	-0.031188357
2.143297891	0.780666667	0.559138294	0.559147981	0.59050716	0.582845752	0.535430836	-0.031368866
2.165515003	0.780666667	0.553980869	0.553991688	0.585482762	0.577688327	0.530273411	-0.031501893
2.187732116	0.780666667	0.548868108	0.548881387	0.580458364	0.572575565	0.52516065	-0.031590256
2.209949228	0.780666667	0.543798591	0.543815925	0.575433966	0.567506048	0.520091133	-0.031635375
2.23216634	0.780666667	0.538773718	0.538794199	0.570409568	0.562481176	0.515066261	-0.031635849
2.254383453	0.780666667	0.533794742	0.533815147	0.56538517	0.557502199	0.510087284	-0.031590428
2.276600565	0.780666667	0.52885817	0.528877748	0.560360771	0.552565628	0.505150713	-0.031502601
2.298817677	0.780666667	0.523957355	0.523981021	0.555336373	0.547664813	0.500249897	-0.031379019
2.321034789	0.780666667	0.519091332	0.51912402	0.550311975	0.54279879	0.495383875	-0.031220643
2.343251902	0.780666667	0.514268633	0.514305833	0.545287577	0.537976091	0.490561175	-0.031018944
2.365469014	0.780666667	0.50949514	0.509525584	0.540263179	0.533202597	0.485787682	-0.03076804
2.387686126	0.780666667	0.504758816	0.504782424	0.535238781	0.528466273	0.481051358	-0.030479966
2.409903239	0.780666667	0.50003936	0.500075536	0.530214383	0.523746818	0.476331903	-0.030175023
2.432120351	0.780666667	0.49534186	0.495404131	0.525189985	0.519049318	0.471634402	-0.029848125
2.454337463	0.780666667	0.490705253	0.490767444	0.520165587	0.514412711	0.466997796	-0.029460334
2.476554575	0.780666667	0.486147897	0.486164739	0.515141189	0.509855355	0.462440439	-0.028993292
2.498771688	0.780666667	0.481604948	0.481595301	0.510116791	0.505312406	0.45789749	-0.028511843
2.5209888	0.780666667	0.476974869	0.47705844	0.505092393	0.500682327	0.453267411	-0.028117524
2.543205912	0.780666667	0.472300108	0.472553487	0.500067995	0.496007566	0.448592651	-0.027767886
2.565423025	0.780666667	0.467920585	0.468079794	0.495043597	0.491628043	0.444213127	-0.027123012
2.587640137	0.780666667	0.464387618	0.463636733	0.490019199	0.488095076	0.44068016	-0.025631581
0.388146021	0.933	0.765540221	0.764251173	0.986390682	0.789247679	0.741832763	-0.220850461
0.410363133	0.933	0.777114826	0.780134138	0.981366284	0.800822283	0.753407368	-0.204251458
0.432580245	0.933	0.794637084	0.795175343	0.976341886	0.818344542	0.770929627	-0.181704801
0.454797357	0.933	0.811421058	0.809597918	0.971317488	0.835128516	0.7877136	-0.15989643
0.47701447	0.933	0.825474669	0.82351423	0.96629309	0.849182127	0.801767212	-0.14081842
0.499231582	0.933	0.838111815	0.83698228	0.961268692	0.861819273	0.814404357	-0.123156877
0.521448694	0.933	0.850836811	0.850033241	0.956244294	0.874544269	0.827129353	-0.105407483
0.543665807	0.933	0.863725737	0.862685026	0.951219896	0.887433195	0.84001828	-0.087494158
0.565882919	0.933	0.876033819	0.874948944	0.946195498	0.899741277	0.852326362	-0.070161678
0.588100031	0.933	0.887387409	0.886832892	0.941171099	0.911094867	0.863679951	-0.05378369
0.610317143	0.933	0.898069524	0.89834277	0.936146701	0.921776982	0.874362066	-0.038077178
0.632534256	0.933	0.908519149	0.909482998	0.931122303	0.932226607	0.884811691	-0.022603154
0.654751368	0.933	0.918944342	0.920256542	0.926097905	0.9426518	0.895236885	-0.007153563
0.67696848	0.933	0.92938281	0.930664676	0.921073507	0.953090268	0.905675353	0.008309303
0.699185593	0.933	0.93985264	0.940706557	0.916049109	0.963560098	0.916145182	0.023803531
0.721402705	0.933	0.9502979	0.950378627	0.911024711	0.974005358	0.926590442	0.039273189
0.743619817	0.933	0.96045961	0.959673802	0.906000313	0.984167068	0.936752153	0.054459297
0.765836929	0.933	0.969902526	0.968580362	0.900975915	0.993609983	0.946195068	0.068926611
0.788054042	0.933	0.978204909	0.977080361	0.895951517	1.001912367	0.954497451	0.082253392
0.810271154	0.933	0.985198938	0.985147253	0.890927119	1.008906396	0.961491481	0.094271819
0.832488266	0.933	0.991212706	0.99274216	0.885902721	1.014920164	0.967505248	0.105309985
0.854705379	0.933	0.997198435	0.99980769	0.880878323	1.020905893	0.973490977	0.116320113
0.876922491	0.933	1.004386513	1.006256982	0.875853925	1.028093971	0.980679055	0.128532589
0.899139603	0.933	1.013190762	1.011952736	0.870829527	1.03689822	0.989483304	0.142361235
0.921356715	0.933	1.021888716	1.016662667	0.865805129	1.045596174	0.998181258	0.156083587
0.943573828	0.933	1.026458765	1.019948255	0.860780731	1.050166223	1.002751307	0.165678034
0.96579094	0.933	1.022538661	1.020782225	0.855756332	1.046246119	0.998831204	0.166782329
0.988008052	0.933	1.008525773	1.01381319	0.850731934	1.032233231	0.984818315	0.157793839
1.010225165	0.933	0.987211485	0.979103232	0.845707536	1.010918943	0.963504027	0.141503949
1.032442277	0.933	0.964198239	0.961019203	0.840683138	0.987905697	0.940490782	0.123515101
1.054659389	0.933	0.944268577	0.945071127	0.83565874	0.967976035	0.92056112	0.108609837
1.076876501	0.933	0.928815638	0.930430043	0.830634342	0.952523096	0.905108181	0.098181296
1.099093614	0.933	0.916248311	0.916746491	0.825609944	0.939955769	0.892540854	0.090638367
1.121310726	0.933	0.904357126	0.903828111	0.820585546	0.928064584	0.880649668	0.08377158
1.143527838	0.933	0.892169921	0.891550453	0.815561148	0.915877379	0.868462464	0.076608773
1.165744951	0.933	0.880009605	0.879824253	0.81053675	0.903717062	0.856302147	0.069472855
1.187962063	0.933	0.868473015	0.868581151	0.805512352	0.892180473	0.844765557	0.062960663
1.210179175	0.933	0.857697425	0.857766546	0.800487954	0.881404883	0.833989967	0.057209471
1.232396287	0.933	0.847423891	0.847335603	0.795463556	0.871131349	0.823716433	0.051960335
1.2546134	0.933	0.837404272	0.837250792	0.790439158	0.86111173	0.813696814	0.046965114
1.276830512	0.933	0.827596227	0.827480257	0.78541476	0.851303685	0.803888769	0.042181467
1.299047624	0.933	0.818065703	0.817996663	0.780390362	0.841773161	0.794358245	0.037675341
1.321264737	0.933	0.808839927	0.808776349	0.775365963	0.832547385	0.785132469	0.033473963
1.343481849	0.933	0.799879757	0.79979868	0.770341565	0.823587215	0.776172299	0.029538191
1.365698961	0.933	0.791135643	0.791045541	0.765317167	0.814843101	0.767428186	0.025818476
1.387916073	0.933	0.782586252	0.782500943	0.760292769	0.80629371	0.758878794	0.022293482
1.410133186	0.933	0.774229268	0.774150691	0.755268371	0.797936726	0.75052181	0.018960897
1.432350298	0.933	0.766059226	0.765982128	0.750243973	0.789766684	0.742351769	0.015815253
1.45456741	0.933	0.758062349	0.757983914	0.745219575	0.781769807	0.734354891	0.012842774
1.476784523	0.933	0.750224479	0.75014585	0.740195177	0.773931937	0.726517021	0.010029302
1.499001635	0.933	0.742536175	0.742458723	0.735170779	0.766243633	0.718828718	0.007365396
1.521218747	0.933	0.734990665	0.734914183	0.730146381	0.758698123	0.711283207	0.004844284
1.543435859	0.933	0.727580723	0.727504635	0.725121983	0.751288181	0.703873266	0.00245874
1.565652972	0.933	0.720298692	0.720223148	0.720097585	0.74400615	0.696591234	0.000201107
1.587870084	0.933	0.713137957	0.71306338	0.715073187	0.736845415	0.689430499	-0.00193523
1.610087196	0.933	0.706093177	0.706019505	0.710048789	0.729800635	0.682385719	-0.003955612
1.632304309	0.933	0.699159343	0.699086163	0.705024391	0.7228668	0.675451885	-0.005865048
1.654521421	0.933	0.692331265	0.692258404	0.699999993	0.716038723	0.668623808	-0.007668727
1.676738533	0.933	0.685603979	0.685531649	0.694975595	0.709311437	0.661896521	-0.009371616
1.698955645	0.933	0.67897321	0.678901651	0.689951196	0.702680668	0.655265752	-0.010977986
1.721172758	0.933	0.672435272	0.672364461	0.684926798	0.696142729	0.648727814	-0.012491527
1.74338987	0.933	0.665986644	0.6659164	0.6799024	0.689694102	0.642279186	-0.013915756
1.765606982	0.933	0.659623806	0.659554032	0.674878002	0.683331263	0.635916348	-0.015254197
1.787824095	0.933	0.653343394	0.653274146	0.669853604	0.677050852	0.629635937	-0.01651021
1.810041207	0.933	0.647142376	0.647073728	0.664829206	0.670849833	0.623434918	-0.017686831
1.832258319	0.933	0.641017995	0.640949954	0.659804808	0.664725453	0.617310537	-0.018786813
1.854475431	0.933	0.634967633	0.634900162	0.65478041	0.658675091	0.611260175	-0.019812777
1.876692544	0.933	0.628988762	0.628921848	0.649756012	0.652696219	0.605281304	-0.02076725
1.898909656	0.933	0.623079007	0.623012648	0.644731614	0.646786465	0.59937155	-0.021652607
1.921126768	0.933	0.617236165	0.617170328	0.639707216	0.640943622	0.593528707	-0.022471051
1.943343881	0.933	0.61145811	0.611392776	0.634682818	0.635165568	0.587750652	-0.023224708
1.965560993	0.933	0.605742762	0.605677987	0.62965842	0.62945022	0.582035304	-0.023915658
1.987778105	0.933	0.600088189	0.600024061	0.624634022	0.623795647	0.576380732	-0.024545832
2.009995217	0.933	0.594492719	0.594429193	0.619609624	0.618200177	0.570785261	-0.025116905
2.03221233	0.933	0.588954786	0.588891665	0.614585226	0.612662244	0.565247328	-0.02563044
2.054429442	0.933	0.583472634	0.583409841	0.609560828	0.607180091	0.559765176	-0.026088194
2.076646554	0.933	0.578044348	0.577982162	0.604536429	0.601751806	0.55433689	-0.026492081
2.098863667	0.933	0.572668384	0.572607139	0.599512031	0.596375842	0.548960926	-0.026843648
2.121080779	0.933	0.567343884	0.567283351	0.594487633	0.591051342	0.543636427	-0.027143749
2.143297891	0.933	0.562070003	0.562009439	0.589463235	0.585777461	0.538362545	-0.027393232
2.165515003	0.933	0.55684485	0.5567841	0.584438837	0.580552308	0.533137392	-0.027593987
2.187732116	0.933	0.551665866	0.551606088	0.579414439	0.575373323	0.527958408	-0.027748574
2.209949228	0.933	0.546531897	0.546474207	0.574390041	0.570239354	0.522824439	-0.027858145
2.23216634	0.933	0.541444096	0.541387311	0.569365643	0.565151554	0.517736638	-0.027921547
2.254383453	0.933	0.536402998	0.536344298	0.564341245	0.560110456	0.51269554	-0.027938247
2.276600565	0.933	0.531404768	0.531344108	0.559316847	0.555112226	0.507697311	-0.027912079
2.298817677	0.933	0.526443455	0.526385723	0.554292449	0.550150912	0.502735997	-0.027848994
2.321034789	0.933	0.521519201	0.521468162	0.549268051	0.545226659	0.497811744	-0.027748849
2.343251902	0.933	0.516640564	0.516590482	0.544243653	0.540348021	0.492933106	-0.027603089
2.365469014	0.933	0.511811888	0.511751773	0.539219255	0.535519346	0.48810443	-0.027407367
2.387686126	0.933	0.507019493	0.506951156	0.534194857	0.530726951	0.483312035	-0.027175364
2.409903239	0.933	0.502243152	0.502187785	0.529170459	0.52595061	0.478535694	-0.026927306
2.432120351	0.933	0.497490042	0.497460842	0.524146061	0.5211975	0.473782585	-0.026656018
2.454337463	0.933	0.492802334	0.492769538	0.519121662	0.516509792	0.469094876	-0.026319329
2.476554575	0.933	0.488201896	0.488113108	0.514097264	0.511909353	0.464494438	-0.025895369
2.498771688	0.933	0.483625039	0.483490814	0.509072866	0.507332496	0.459917581	-0.025447828
2.5209888	0.933	0.478961486	0.478901943	0.504048468	0.502668944	0.455254028	-0.025086982
2.543205912	0.933	0.474225942	0.474345801	0.49902407	0.497933399	0.450518484	-0.024798129
2.565423025	0.933	0.469712698	0.46982172	0.493999672	0.493420156	0.446005241	-0.024286974
2.587640137	0.933	0.465929401	0.465329051	0.488975274	0.489636859	0.442221944	-0.023045873
0.388146021	1.085333333	0.76231984	0.759849479	0.985346757	0.786027298	0.738612383	-0.223026917
0.410363133	1.085333333	0.772881983	0.775637179	0.980322359	0.796589441	0.749174525	-0.207440377
0.432580245	1.085333333	0.789556207	0.790582524	0.975297961	0.813263665	0.765848749	-0.185741755
0.454797357	1.085333333	0.805722398	0.804908789	0.970273563	0.829429856	0.782014941	-0.164551165
0.47701447	1.085333333	0.819370639	0.818728221	0.965249165	0.843078096	0.795663181	-0.145878527
0.499231582	1.085333333	0.831784121	0.832098578	0.960224767	0.855491578	0.808076663	-0.128440647
0.521448694	1.085333333	0.844474364	0.845050741	0.955200369	0.868181822	0.820766906	-0.110726005
0.543665807	1.085333333	0.857553062	0.857602319	0.950175971	0.88126052	0.833845604	-0.092622909
0.565882919	1.085333333	0.870298954	0.869764325	0.945151573	0.894006412	0.846591496	-0.074852619
0.588100031	1.085333333	0.882320298	0.881544372	0.940127175	0.906027756	0.858612841	-0.057806876
0.610317143	1.085333333	0.893819989	0.892948103	0.935102777	0.917527446	0.870112531	-0.041282788
0.632534256	1.085333333	0.905063457	0.903979708	0.930078379	0.928770915	0.881356	-0.025014921
0.654751368	1.085333333	0.915974614	0.914641963	0.925053981	0.939682072	0.892267156	-0.009079367
0.67696848	1.085333333	0.926261539	0.924936009	0.920029583	0.949968996	0.902554081	0.006231956
0.699185593	1.085333333	0.935746694	0.934860948	0.915005185	0.959454152	0.912039236	0.020741509
0.721402705	1.085333333	0.944536555	0.944413288	0.909980787	0.968244012	0.920829097	0.034555768
0.743619817	1.085333333	0.952998418	0.953586206	0.904956389	0.976705876	0.92929096	0.048042029
0.765836929	1.085333333	0.96159704	0.962368545	0.89993199	0.985304498	0.937889582	0.061665049
0.788054042	1.085333333	0.970548124	0.970743432	0.894907592	0.994255582	0.946840666	0.075640532
0.810271154	1.085333333	0.979423894	0.978686251	0.889883194	1.003131352	0.955716436	0.0895407
0.832488266	1.085333333	0.987206242	0.986161583	0.884858796	1.0109137	0.963498784	0.102347445
0.854705379	1.085333333	0.993125044	0.993118323	0.879834398	1.016832502	0.969417587	0.113290646
0.876922491	1.085333333	0.997695163	0.999481488	0.87481	1.021402621	0.973987706	0.122885163
0.899139603	1.085333333	1.002641957	1.005137603	0.869785602	1.026349415	0.9789345	0.132856355
0.921356715	1.085333333	1.009151087	1.009906633	0.864761204	1.032858545	0.985443629	0.144389883
0.943573828	1.085333333	1.015805222	1.013482274	0.859736806	1.03951268	0.992097764	0.156068416
0.96579094	1.085333333	1.018534877	1.015280776	0.854712408	1.042242335	0.994827419	0.163822469
0.988008052	1.085333333	1.013290718	1.013894185	0.84968801	1.036998176	0.98958326	0.163602708
1.010225165	1.085333333	0.999280115	1.001652029	0.844663612	1.022987573	0.975572657	0.154616503
1.032442277	1.085333333	0.979732647	0.976563284	0.839639214	1.003440105	0.956025189	0.140093433
1.054659389	1.085333333	0.959501005	0.958571883	0.834614816	0.983208463	0.935793547	0.12488619
1.076876501	1.085333333	0.941842624	0.942688274	0.829590418	0.965550081	0.918135166	0.112252206
1.099093614	1.085333333	0.927158961	0.92809845	0.82456602	0.950866419	0.903451503	0.102592942
1.121310726	1.085333333	0.914151366	0.914459545	0.819541622	0.937858824	0.890443908	0.094609744
1.143527838	1.085333333	0.901638848	0.901581453	0.814517223	0.925346306	0.877931391	0.087121625
1.165744951	1.085333333	0.889337046	0.889340277	0.809492825	0.913044504	0.865629588	0.07984422
1.187962063	1.085333333	0.877480924	0.877646775	0.804468427	0.901188382	0.853773466	0.073012496
1.210179175	1.085333333	0.866225471	0.866432518	0.799444029	0.889932929	0.842518013	0.066781442
1.232396287	1.085333333	0.855484613	0.855642888	0.794419631	0.879192071	0.831777155	0.061064982
1.2546134	1.085333333	0.845111425	0.845233117	0.789395233	0.868818883	0.821403967	0.055716192
1.276830512	1.085333333	0.835044461	0.83516581	0.784370835	0.858751918	0.811337003	0.050673626
1.299047624	1.085333333	0.82528539	0.825409298	0.779346437	0.848992848	0.801577932	0.045938953
1.321264737	1.085333333	0.81582468	0.815936461	0.774322039	0.839532138	0.792117222	0.041502641
1.343481849	1.085333333	0.806626319	0.806723872	0.769297641	0.830333777	0.782918861	0.037328678
1.365698961	1.085333333	0.797657878	0.79775113	0.764273243	0.821365336	0.77395042	0.033384635
1.387916073	1.085333333	0.788906314	0.789000357	0.759248845	0.812613772	0.765198856	0.029657469
1.410133186	1.085333333	0.780365539	0.780455784	0.754224447	0.804072997	0.756658081	0.026141092
1.432350298	1.085333333	0.772022416	0.772103432	0.749200049	0.795729874	0.748314959	0.022822368
1.45456741	1.085333333	0.763858549	0.763930843	0.744175651	0.787566007	0.740151092	0.019682899
1.476784523	1.085333333	0.755859296	0.755926864	0.739151253	0.779566754	0.732151839	0.016708044
1.499001635	1.085333333	0.748016487	0.748081466	0.734126855	0.771723944	0.724309029	0.013889632
1.521218747	1.085333333	0.740324092	0.740385596	0.729102456	0.76403155	0.716616635	0.011221636
1.543435859	1.085333333	0.732774418	0.732831047	0.724078058	0.756481876	0.70906696	0.008696359
1.565652972	1.085333333	0.725358622	0.725410358	0.71905366	0.74906608	0.701651164	0.006304962
1.587870084	1.085333333	0.718068983	0.718116718	0.714029262	0.74177644	0.694361525	0.00403972
1.610087196	1.085333333	0.71089956	0.710943894	0.709004864	0.734607018	0.687192102	0.001894696
1.632304309	1.085333333	0.703845208	0.703886161	0.703980466	0.727552666	0.68013775	-0.000135258
1.654521421	1.085333333	0.696900738	0.696938248	0.698956068	0.720608196	0.673193281	-0.00205533
1.676738533	1.085333333	0.690061042	0.690095288	0.69393167	0.7137685	0.666353584	-0.003870628
1.698955645	1.085333333	0.683321519	0.683352776	0.688907272	0.707028977	0.659614062	-0.005585753
1.721172758	1.085333333	0.67667811	0.676706533	0.683882874	0.700385568	0.652970652	-0.007204764
1.74338987	1.085333333	0.670127021	0.67015267	0.678858476	0.693834479	0.646419563	-0.008731455
1.765606982	1.085333333	0.663664582	0.663687563	0.673834078	0.687372039	0.639957124	-0.010169496
1.787824095	1.085333333	0.657287333	0.657307827	0.66880968	0.680994791	0.633579875	-0.011522346
1.810041207	1.085333333	0.650992121	0.651010294	0.663785282	0.674699579	0.627284663	-0.012793161
1.832258319	1.085333333	0.644776036	0.644791994	0.658760884	0.668483493	0.621068578	-0.013984848
1.854475431	1.085333333	0.638636305	0.638650135	0.653736486	0.662343762	0.614928847	-0.015100181
1.876692544	1.085333333	0.632570274	0.632582092	0.648712088	0.656277732	0.608862816	-0.016141814
1.898909656	1.085333333	0.626575465	0.62658539	0.643687689	0.650282923	0.602868007	-0.017112224
1.921126768	1.085333333	0.620649576	0.620657691	0.638663291	0.644357033	0.596942118	-0.018013716
1.943343881	1.085333333	0.614790397	0.614796786	0.633638893	0.638497855	0.591082939	-0.018848497
1.965560993	1.085333333	0.608995777	0.609000584	0.628614495	0.632703235	0.585288319	-0.019618718
1.987778105	1.085333333	0.603263718	0.603267101	0.623590097	0.626971176	0.57955626	-0.020326379
2.009995217	1.085333333	0.59759245	0.597594454	0.618565699	0.621299908	0.573884992	-0.020973249
2.03221233	1.085333333	0.591980297	0.591980854	0.613541301	0.615687754	0.568272839	-0.021561004
2.054429442	1.085333333	0.586425431	0.586424598	0.608516903	0.610132889	0.562717973	-0.022091472
2.076646554	1.085333333	0.580925944	0.580924062	0.603492505	0.604633402	0.557218486	-0.022566561
2.098863667	1.085333333	0.575480299	0.575477698	0.598468107	0.599187757	0.551772842	-0.022987807
2.121080779	1.085333333	0.570087546	0.570084029	0.593443709	0.593795003	0.546380088	-0.023356163
2.143297891	1.085333333	0.564746651	0.564741643	0.588419311	0.588454109	0.541039193	-0.02367266
2.165515003	1.085333333	0.559455626	0.559449187	0.583394913	0.583163084	0.535748168	-0.023939287
2.187732116	1.085333333	0.554212017	0.554205368	0.578370515	0.577919474	0.530504559	-0.024158498
2.209949228	1.085333333	0.549014823	0.549008945	0.573346117	0.572722281	0.525307365	-0.024331294
2.23216634	1.085333333	0.543865111	0.543858729	0.568321719	0.567572569	0.520157653	-0.024456608
2.254383453	1.085333333	0.538763076	0.538753578	0.563297321	0.562470534	0.515055618	-0.024534244
2.276600565	1.085333333	0.533704647	0.533692394	0.558272922	0.557412105	0.50999719	-0.024568275
2.298817677	1.085333333	0.528683993	0.528674123	0.553248524	0.55239145	0.504976535	-0.024564532
2.321034789	1.085333333	0.523701572	0.523697748	0.548224126	0.54740903	0.499994114	-0.024522554
2.343251902	1.085333333	0.518766235	0.518762294	0.543199728	0.542473693	0.495058777	-0.024433493
2.365469014	1.085333333	0.513882663	0.513866818	0.53817533	0.53759012	0.490175205	-0.024292668
2.387686126	1.085333333	0.509037131	0.509010413	0.533150932	0.532744588	0.485329673	-0.024113801
2.409903239	1.085333333	0.504207491	0.504192202	0.528126534	0.527914949	0.480500033	-0.023919043
2.432120351	1.085333333	0.499396646	0.49941134	0.523102136	0.523104104	0.475689189	-0.02370549
2.454337463	1.085333333	0.494644512	0.494667012	0.518077738	0.51835197	0.470937054	-0.023433226
2.476554575	1.085333333	0.489980639	0.489958427	0.51305334	0.513688096	0.466273181	-0.023072701
2.498771688	1.085333333	0.485360132	0.485284824	0.508028942	0.50906759	0.461652674	-0.02266881
2.5209888	1.085333333	0.48068708	0.480645465	0.503004544	0.504394538	0.456979623	-0.022317463
2.543205912	1.085333333	0.475960578	0.476039635	0.497980146	0.499668036	0.45225312	-0.022019568
2.565423025	1.085333333	0.471418497	0.471466643	0.492955748	0.495125955	0.44771104	-0.02153725
2.587640137	1.085333333	0.467494527	0.46692582	0.48793135	0.491201985	0.443787069	-0.020436823
0.388146021	1.237666667	0.758230229	0.755464831	0.984302833	0.781937687	0.734522771	-0.226072604
0.410363133	1.237666667	0.768575969	0.771158078	0.979278435	0.792283427	0.744868512	-0.210702466
0.432580245	1.237666667	0.78514112	0.786008477	0.974254037	0.808848578	0.761433662	-0.189112917
0.454797357	1.237666667	0.801159983	0.800239458	0.969229639	0.824867441	0.777452525	-0.168069656
0.47701447	1.237666667	0.814497152	0.813963153	0.964205241	0.83820461	0.790789694	-0.149708089
0.499231582	1.237666667	0.826401271	0.827237092	0.959180843	0.850108729	0.802693813	-0.132779572
0.521448694	1.237666667	0.838441847	0.840091876	0.954156445	0.862149305	0.814734389	-0.115714598
0.543665807	1.237666667	0.850826522	0.852544825	0.949132047	0.87453398	0.827119064	-0.098305525
0.565882919	1.237666667	0.862916043	0.864606671	0.944107649	0.886623501	0.839208585	-0.081191606
0.588100031	1.237666667	0.87437803	0.876284768	0.93908325	0.898085488	0.850670573	-0.06470522
0.610317143	1.237666667	0.885473011	0.887584524	0.934058852	0.909180468	0.861765553	-0.048585842
0.632534256	1.237666667	0.8965317	0.898509926	0.929034454	0.920239158	0.872824242	-0.032502754
0.654751368	1.237666667	0.907527214	0.909063594	0.924010056	0.931234672	0.883819756	-0.016482842
0.67696848	1.237666667	0.918156039	0.919246569	0.918985658	0.941863497	0.894448581	-0.000829619
0.699185593	1.237666667	0.928132424	0.929057934	0.91396126	0.951839882	0.904424966	0.014171164
0.721402705	1.237666667	0.937368752	0.938494302	0.908936862	0.96107621	0.913661294	0.02843189
0.743619817	1.237666667	0.946045525	0.947549135	0.903912464	0.969752982	0.922338067	0.042133061
0.765836929	1.237666667	0.954609228	0.956211853	0.898888066	0.978316686	0.93090177	0.055721162
0.788054042	1.237666667	0.963531303	0.96446661	0.893863668	0.987238761	0.939823846	0.069667635
0.810271154	1.237666667	0.972780653	0.972290575	0.88883927	0.996488111	0.949073196	0.083941384
0.832488266	1.237666667	0.981474627	0.979651385	0.883814872	1.005182085	0.957767169	0.097659755
0.854705379	1.237666667	0.988350537	0.986503257	0.878790474	1.012057995	0.964643079	0.109560063
0.876922491	1.237666667	0.992956315	0.992780732	0.873766076	1.016663773	0.969248857	0.119190239
0.899139603	1.237666667	0.996400118	0.998388179	0.868741678	1.020107576	0.97269266	0.127658441
0.921356715	1.237666667	1.000518696	1.003181164	0.86371728	1.024226154	0.976811239	0.136801417
0.943573828	1.237666667	1.005855771	1.006931143	0.858692882	1.029563228	0.982148313	0.147162889
0.96579094	1.237666667	1.010383842	1.009251433	0.853668483	1.0340913	0.986676384	0.156715359
0.988008052	1.237666667	1.010509339	1.009411086	0.848644085	1.034216797	0.986801881	0.161865254
1.010225165	1.237666667	1.003682017	1.005690584	0.843619687	1.027389475	0.97997456	0.16006233
1.032442277	1.237666667	0.990263075	0.992369471	0.838595289	1.013970533	0.966555618	0.151667786
1.054659389	1.237666667	0.973076339	0.971931062	0.833570891	0.996783797	0.949368881	0.139505448
1.076876501	1.237666667	0.95534698	0.954771415	0.828546493	0.979054438	0.931639522	0.126800487
1.099093614	1.237666667	0.938986228	0.939269739	0.823522095	0.962693686	0.91527877	0.115464133
1.121310726	1.237666667	0.924345342	0.924906829	0.818497697	0.9480528	0.900637884	0.105847645
1.143527838	1.237666667	0.910986621	0.911424054	0.813473299	0.934694079	0.887279163	0.097513322
1.165744951	1.237666667	0.898433795	0.898663235	0.808448901	0.922141252	0.874726337	0.089984894
1.187962063	1.237666667	0.886422942	0.886514839	0.803424503	0.9101304	0.862715484	0.082998439
1.210179175	1.237666667	0.874842425	0.874896984	0.798400105	0.898549883	0.851134967	0.07644232
1.232396287	1.237666667	0.863654832	0.863745443	0.793375707	0.88736229	0.839947374	0.070279125
1.2546134	1.237666667	0.852864904	0.853008248	0.788351309	0.876572362	0.829157447	0.064513596
1.276830512	1.237666667	0.842481099	0.842642441	0.783326911	0.866188557	0.818773641	0.059154189
1.299047624	1.237666667	0.832475296	0.832611955	0.778302513	0.856182754	0.808767839	0.054172784
1.321264737	1.237666667	0.822785033	0.822886138	0.773278114	0.846492491	0.799077575	0.049506919
1.343481849	1.237666667	0.813353592	0.813438691	0.768253716	0.837061049	0.789646134	0.045099875
1.365698961	1.237666667	0.804157678	0.804246856	0.763229318	0.827865136	0.78045022	0.04092836
1.387916073	1.237666667	0.795196406	0.795290797	0.75820492	0.818903864	0.771488948	0.036991486
1.410133186	1.237666667	0.786464549	0.786553115	0.753180522	0.810172006	0.762757091	0.033284026
1.432350298	1.237666667	0.77794258	0.778018456	0.748156124	0.801650038	0.754235122	0.029786456
1.45456741	1.237666667	0.769607132	0.7696732	0.743131726	0.79331459	0.745899674	0.026475406
1.476784523	1.237666667	0.761442883	0.761505201	0.738107328	0.785150341	0.737735425	0.023335555
1.499001635	1.237666667	0.753442837	0.753503582	0.73308293	0.777150295	0.729735379	0.020359907
1.521218747	1.237666667	0.745601259	0.745658555	0.728058532	0.769308716	0.721893801	0.017542727
1.543435859	1.237666667	0.737909421	0.737961282	0.723034134	0.761616878	0.714201963	0.014875287
1.565652972	1.237666667	0.730357146	0.730403746	0.718009736	0.754064604	0.706649689	0.012347411
1.587870084	1.237666667	0.722935908	0.722978656	0.712985338	0.746643366	0.69922845	0.00995057
1.610087196	1.237666667	0.71563953	0.71567935	0.70796094	0.739346988	0.691932072	0.00767859
1.632304309	1.237666667	0.708462811	0.708499728	0.702936542	0.732170268	0.684755353	0.005526269
1.654521421	1.237666667	0.70140037	0.701434188	0.697912144	0.725107828	0.677692912	0.003488226
1.676738533	1.237666667	0.694446734	0.694477564	0.692887746	0.718154192	0.670739276	0.001558989
1.698955645	1.237666667	0.687596898	0.687625087	0.687863347	0.711304356	0.66388944	-0.00026645
1.721172758	1.237666667	0.68084649	0.680872338	0.682838949	0.704553947	0.657139032	-0.00199246
1.74338987	1.237666667	0.674191531	0.674215215	0.677814551	0.697898989	0.650484073	-0.00362302
1.765606982	1.237666667	0.667628231	0.667649898	0.672790153	0.691335688	0.643920773	-0.005161923
1.787824095	1.237666667	0.661152993	0.661172827	0.667765755	0.684860451	0.637445535	-0.006612762
1.810041207	1.237666667	0.654762488	0.654780674	0.662741357	0.678469946	0.63105503	-0.007978869
1.832258319	1.237666667	0.648453626	0.648470321	0.657716959	0.672161083	0.624746168	-0.009263334
1.854475431	1.237666667	0.642223484	0.642238845	0.652692561	0.665930941	0.618516026	-0.010469078
1.876692544	1.237666667	0.636069299	0.636083494	0.647668163	0.659776757	0.612361841	-0.011598864
1.898909656	1.237666667	0.629988499	0.630001682	0.642643765	0.653695956	0.606281041	-0.012655266
1.921126768	1.237666667	0.623978675	0.623990967	0.637619367	0.647686133	0.600271217	-0.013640692
1.943343881	1.237666667	0.618037516	0.618049043	0.632594969	0.641744973	0.594330058	-0.014557453
1.965560993	1.237666667	0.612162781	0.612173728	0.627570571	0.635870239	0.588455323	-0.01540779
1.987778105	1.237666667	0.606352399	0.606362956	0.622546173	0.630059857	0.582644941	-0.016193774
2.009995217	1.237666667	0.600604521	0.600614765	0.617521775	0.624311979	0.576897063	-0.016917254
2.03221233	1.237666667	0.59491738	0.594927295	0.612497377	0.618624837	0.571209922	-0.017579997
2.054429442	1.237666667	0.589289076	0.589298773	0.607472979	0.612996533	0.565581618	-0.018183903
2.076646554	1.237666667	0.583717661	0.583727513	0.60244858	0.607425119	0.560010203	-0.018730919
2.098863667	1.237666667	0.578201569	0.578211908	0.597424182	0.601909027	0.554494111	-0.019222613
2.121080779	1.237666667	0.572739778	0.572750424	0.592399784	0.596447236	0.54903232	-0.019660006
2.143297891	1.237666667	0.567331163	0.567341596	0.587375386	0.591038621	0.543623705	-0.020044223
2.165515003	1.237666667	0.561973677	0.561984021	0.582350988	0.585681134	0.538266219	-0.020377312
2.187732116	1.237666667	0.556664841	0.55667636	0.57732659	0.580372299	0.532957383	-0.020661749
2.209949228	1.237666667	0.551403601	0.551417328	0.572302192	0.575111058	0.527696143	-0.020898592
2.23216634	1.237666667	0.546190954	0.546205692	0.567277794	0.569898411	0.522483496	-0.02108684
2.254383453	1.237666667	0.541027181	0.541040271	0.562253396	0.564734638	0.517319723	-0.021226215
2.276600565	1.237666667	0.53590842	0.535919929	0.557228998	0.559615878	0.512200963	-0.021320578
2.298817677	1.237666667	0.530828675	0.530843576	0.5522046	0.554536133	0.507121217	-0.021375925
2.321034789	1.237666667	0.525787503	0.525810162	0.547180202	0.549494961	0.502080045	-0.021392699
2.343251902	1.237666667	0.520793047	0.520818677	0.542155804	0.544500505	0.497085589	-0.021362757
2.365469014	1.237666667	0.515851328	0.515868148	0.537131406	0.539558786	0.49214387	-0.021280077
2.387686126	1.237666667	0.510951843	0.510957638	0.532107008	0.5346593	0.487244385	-0.021155165
2.409903239	1.237666667	0.506073233	0.506086243	0.52708261	0.529780691	0.482365776	-0.021009376
2.432120351	1.237666667	0.501212174	0.50125309	0.522058212	0.524919632	0.477504716	-0.020846038
2.454337463	1.237666667	0.49639867	0.496457337	0.517033813	0.520106128	0.472691212	-0.020635143
2.476554575	1.237666667	0.491661528	0.49169817	0.512009415	0.515368986	0.467954071	-0.020347887
2.498771688	1.237666667	0.486973478	0.486974803	0.506985017	0.510680936	0.463266021	-0.020011539
2.5209888	1.237666667	0.482263003	0.482286475	0.501960619	0.50597046	0.458555545	-0.019697617
2.543205912	1.237666667	0.47752989	0.47763245	0.496936221	0.501237347	0.453822432	-0.019406332
2.565423025	1.237666667	0.47296742	0.473012016	0.491911823	0.496674878	0.449259962	-0.018944403
2.587640137	1.237666667	0.468934774	0.468424483	0.486887425	0.492642232	0.445227316	-0.017952651
0.388146021	1.39	0.753400829	0.751097119	0.983258908	0.777108287	0.729693371	-0.229858079
0.410363133	1.39	0.763657147	0.766696704	0.97823451	0.787364605	0.739949689	-0.214577363
0.432580245	1.39	0.780288879	0.781453049	0.973210112	0.803996336	0.756581421	-0.192921234
0.454797357	1.39	0.796464106	0.795589743	0.968185714	0.820171564	0.772756648	-0.171721608
0.47701447	1.39	0.810013909	0.809218816	0.963161316	0.833721367	0.786306451	-0.153147407
0.499231582	1.39	0.82217208	0.822397575	0.958136918	0.845879537	0.798464622	-0.135964839
0.521448694	1.39	0.834470968	0.835156355	0.95311252	0.858178426	0.81076351	-0.118641552
0.543665807	1.39	0.84704353	0.847512201	0.948088122	0.870750988	0.823336073	-0.101044592
0.565882919	1.39	0.859169742	0.85947558	0.943063724	0.882877199	0.835462284	-0.083893982
0.588100031	1.39	0.870477014	0.871053606	0.938039326	0.894184471	0.846769556	-0.067562312
0.610317143	1.39	0.881246935	0.882251472	0.933014928	0.904954392	0.857539477	-0.051767993
0.632534256	1.39	0.891884936	0.893072991	0.92799053	0.915592394	0.868177479	-0.036105593
0.654751368	1.39	0.902482325	0.90352065	0.922966132	0.926189783	0.878774867	-0.020483807
0.67696848	1.39	0.912883316	0.913595418	0.917941734	0.936590773	0.889175858	-0.005058418
0.699185593	1.39	0.922917794	0.923296395	0.912917336	0.946625252	0.899210336	0.010000458
0.721402705	1.39	0.932456594	0.932620323	0.907892938	0.956164052	0.908749137	0.024563657
0.743619817	1.39	0.94139013	0.941560974	0.90286854	0.965097588	0.917682672	0.038521591
0.765836929	1.39	0.949737859	0.950108341	0.897844141	0.973445317	0.926030401	0.051893718
0.788054042	1.39	0.957762874	0.95824757	0.892819743	0.981470332	0.934055416	0.064943131
0.810271154	1.39	0.965787255	0.965957473	0.887795345	0.989494713	0.942079798	0.07799191
0.832488266	1.39	0.973754074	0.973208418	0.882770947	0.997461532	0.950046616	0.090983127
0.854705379	1.39	0.981048247	0.979959178	0.877746549	1.004755705	0.957340789	0.103301698
0.876922491	1.39	0.986965318	0.986152097	0.872722151	1.010672776	0.96325786	0.114243167
0.899139603	1.39	0.991469874	0.991705356	0.867697753	1.015177332	0.967762416	0.123772121
0.921356715	1.39	0.995361844	0.996500113	0.862673355	1.019069302	0.971654387	0.132688489
0.943573828	1.39	0.999440372	1.00035821	0.857648957	1.02314783	0.975732915	0.141791415
0.96579094	1.39	1.003353287	1.003001125	0.852624559	1.027060744	0.979645829	0.150728728
0.988008052	1.39	1.005308628	1.003966527	0.847600161	1.029016085	0.98160117	0.157708467
1.010225165	1.39	1.003062347	1.002410649	0.842575763	1.026769805	0.979354889	0.160486584
1.032442277	1.39	0.995378696	0.996592275	0.837551365	1.019086154	0.971671238	0.157827331
1.054659389	1.39	0.982781922	0.983519819	0.832526967	1.00648938	0.959074465	0.150254956
1.076876501	1.39	0.967154949	0.965985742	0.827502569	0.990862407	0.943447492	0.139652381
1.099093614	1.39	0.950688464	0.949813218	0.822478171	0.974395922	0.926981007	0.128210294
1.121310726	1.39	0.934968109	0.934877743	0.817453773	0.958675566	0.911260651	0.117514336
1.143527838	1.39	0.920627735	0.920877501	0.812429374	0.944335193	0.896920277	0.10819836
1.165744951	1.39	0.907534669	0.9076484	0.807404976	0.931242127	0.883827211	0.100129693
1.187962063	1.39	0.895236052	0.895076678	0.802380578	0.918943509	0.871528594	0.092855473
1.210179175	1.39	0.88336632	0.883075566	0.79735618	0.907073777	0.859658862	0.086010139
1.232396287	1.39	0.871816599	0.871575902	0.792331782	0.895524056	0.848109141	0.079484816
1.2546134	1.39	0.860653911	0.860521151	0.787307384	0.884361369	0.836946454	0.073346527
1.276830512	1.39	0.849946034	0.849864315	0.782282986	0.873653492	0.826238577	0.067663048
1.299047624	1.39	0.839666515	0.839565838	0.777258588	0.863373973	0.815959057	0.062407927
1.321264737	1.39	0.829726895	0.82959209	0.77223419	0.853434352	0.806019437	0.057492705
1.343481849	1.39	0.820055287	0.81991424	0.767209792	0.843762745	0.796347829	0.052845495
1.365698961	1.39	0.81062989	0.810507383	0.762185394	0.834337347	0.786922432	0.048444496
1.387916073	1.39	0.801454432	0.801349865	0.757160996	0.82516189	0.777746975	0.044293437
1.410133186	1.39	0.792523093	0.792422737	0.752136598	0.816230551	0.768815635	0.040386495
1.432350298	1.39	0.783812822	0.783709324	0.7471122	0.80752028	0.760105364	0.036700622
1.45456741	1.39	0.775298192	0.775194875	0.742087802	0.799005649	0.751590734	0.03321039
1.476784523	1.39	0.766963787	0.766866275	0.737063404	0.790671245	0.743256329	0.029900384
1.499001635	1.39	0.758802533	0.758711807	0.732039006	0.782509991	0.735095075	0.026763527
1.521218747	1.39	0.750807651	0.750720959	0.727014607	0.774515109	0.727100193	0.023793044
1.543435859	1.39	0.742969073	0.74288426	0.721990209	0.76667653	0.719261615	0.020978863
1.565652972	1.39	0.735275829	0.735193142	0.716965811	0.758983286	0.711568371	0.018310017
1.587870084	1.39	0.727719182	0.727639827	0.711941413	0.75142664	0.704011725	0.015777769
1.610087196	1.39	0.720292848	0.72021723	0.706917015	0.744000305	0.69658539	0.013375832
1.632304309	1.39	0.712991292	0.712918874	0.701892617	0.73669875	0.689283834	0.011098675
1.654521421	1.39	0.705808649	0.70573882	0.696868219	0.729516106	0.682101191	0.00894043
1.676738533	1.39	0.698738992	0.698671605	0.691843821	0.722446449	0.675031534	0.006895171
1.698955645	1.39	0.691777	0.691712193	0.686819423	0.715484457	0.668069542	0.004957577
1.721172758	1.39	0.684918094	0.684855924	0.681795025	0.708625551	0.661210636	0.003123069
1.74338987	1.39	0.678158125	0.67809848	0.676770627	0.701865583	0.654450667	0.001387498
1.765606982	1.39	0.671493123	0.671435849	0.671746229	0.69520058	0.647785665	-0.000253106
1.787824095	1.39	0.664919293	0.664864293	0.666721831	0.688626751	0.641211835	-0.001802538
1.810041207	1.39	0.658433107	0.658380321	0.661697433	0.682140565	0.634725649	-0.003264326
1.832258319	1.39	0.652031298	0.651980671	0.656673035	0.675738755	0.62832384	-0.004641737
1.854475431	1.39	0.645710805	0.645662283	0.651648637	0.669418262	0.622003347	-0.005937832
1.876692544	1.39	0.639468752	0.639422285	0.646624239	0.66317621	0.615761294	-0.007155486
1.898909656	1.39	0.633302457	0.633257976	0.64159984	0.657009915	0.609595	-0.008297383
1.921126768	1.39	0.627209397	0.62716681	0.636575442	0.650916855	0.60350194	-0.009366045
1.943343881	1.39	0.621187142	0.621146384	0.631551044	0.6448946	0.597479685	-0.010363902
1.965560993	1.39	0.615233353	0.615194428	0.626526646	0.638940811	0.591525895	-0.011293293
1.987778105	1.39	0.609345874	0.609308791	0.621502248	0.633053332	0.585638416	-0.012156374
2.009995217	1.39	0.603522781	0.603487437	0.61647785	0.627230239	0.579815323	-0.012955069
2.03221233	1.39	0.597762234	0.597728431	0.611453452	0.621469691	0.574054776	-0.013691218
2.054429442	1.39	0.592062261	0.592029934	0.606429054	0.615769719	0.568354803	-0.014366793
2.076646554	1.39	0.58642084	0.586390198	0.601404656	0.610128298	0.562713382	-0.014983816
2.098863667	1.39	0.580836319	0.580807556	0.596380258	0.604543777	0.557128861	-0.015543939
2.121080779	1.39	0.575307602	0.575280419	0.59135586	0.599015059	0.551600144	-0.016048258
2.143297891	1.39	0.569833548	0.569807268	0.586331462	0.593541006	0.54612609	-0.016497914
2.165515003	1.39	0.56441214	0.564386655	0.581307064	0.588119598	0.540704682	-0.016894924
2.187732116	1.39	0.559040839	0.559017192	0.576282666	0.582748297	0.535333382	-0.017241826
2.209949228	1.39	0.55371834	0.55369755	0.571258268	0.577425798	0.530010883	-0.017539927
2.23216634	1.39	0.548445415	0.548426456	0.56623387	0.572152873	0.524737957	-0.017788454
2.254383453	1.39	0.543222574	0.543202689	0.561209472	0.566930032	0.519515116	-0.017986898
2.276600565	1.39	0.53804661	0.538025077	0.556185073	0.561754068	0.514339152	-0.018138463
2.298817677	1.39	0.532911652	0.532892494	0.551160675	0.55661911	0.509204194	-0.018249023
2.321034789	1.39	0.52781591	0.527803855	0.546136277	0.551523368	0.504108452	-0.018320368
2.343251902	1.39	0.522765638	0.522758121	0.541111879	0.546473096	0.49905818	-0.018346241
2.365469014	1.39	0.517767285	0.517754287	0.536087481	0.541474743	0.494059827	-0.018320196
2.387686126	1.39	0.512814447	0.512791387	0.531063083	0.536521905	0.48910699	-0.018248636
2.409903239	1.39	0.507889876	0.507868489	0.526038685	0.531597334	0.484182419	-0.018148809
2.432120351	1.39	0.502988131	0.502984695	0.521014287	0.526695588	0.479280673	-0.018026156
2.454337463	1.39	0.498130416	0.498139137	0.515989889	0.521837874	0.474422959	-0.017859472
2.476554575	1.39	0.493339285	0.493330976	0.510965491	0.517046742	0.469631827	-0.017626206
2.498771688	1.39	0.488593121	0.488559404	0.505941093	0.512300578	0.464885663	-0.017347972
2.5209888	1.39	0.483832125	0.483823638	0.500916695	0.507539583	0.460124667	-0.01708457
2.543205912	1.39	0.479052118	0.47912292	0.495892297	0.502759576	0.45534466	-0.016840179
2.565423025	1.39	0.474410647	0.474456518	0.490867899	0.498118104	0.450703189	-0.016457252
2.587640137	1.39	0.470212029	0.469823723	0.485843501	0.493919486	0.446504571	-0.015631472


