 TITLE = "PR density_T" 

  VARIABLES = Temperature	PR_h_01	NIST_h_01	PR_h_1	NIST_h_1	PR_h_3	NIST_h_3	PR_h_5	NIST_h_5	PR_h_7	NIST_h_7	PR_h_10	NIST_h_10
60	-193.8967283	-184.13	-193.3205653	-183.57	-192.0376315	-182.33	-190.7513165	-181.09	-189.4618096	-179.85	-187.5219423	-177.98
65	-185.8089208	-175.75	-185.2442662	-175.2	-183.9859661	-173.98	-182.7230698	-172.76	-181.4558585	-171.54	-179.5475067	-169.7
70	-177.6897465	-167.36	-177.1391392	-166.82	-175.9107816	-165.62	-174.6761953	-164.42	-173.4357977	-163.21	-171.565123	-161.4
75	-169.5166067	-158.97	-168.9832087	-158.44	-167.7913571	-157.26	-166.5910687	-156.08	-165.3829659	-154.89	-163.557364	-153.11
80	-161.2661948	-150.57	-160.753996	-150.06	-159.6068601	-148.91	-158.4482753	-147.75	-157.2791748	-146.58	-155.5075883	-144.83
85	-152.913359	-142.15	-152.4274704	-141.65	-151.3354595	-140.53	-150.2278439	-139.41	-149.1060363	-138.27	-147.3993674	-136.56
90	-144.4297357	-133.69	-143.9768223	-133.21	-142.953346	-132.13	-141.9084497	-131.05	-140.8442994	-129.95	-139.2159627	-128.28
95	78.15267285	84.298	-135.3708757	-124.7	-134.4335371	-123.68	-133.4664968	-122.64	-132.4731316	-121.59	-130.9398054	-119.98
100	82.67488275	88.986	-126.5718486	-116.1	-125.7442869	-115.15	-124.8749665	-114.17	-123.9692686	-113.18	-122.5519375	-111.65
105	87.20575497	93.656	-117.5319588	-107.37	-116.846814	-106.51	-116.1018682	-105.61	-115.3059384	-104.69	-114.031366	-103.25
110	91.7469696	98.318	-108.1879041	-98.477	-107.6918448	-97.729	-107.1080231	-96.934	-106.4514129	-96.099	-105.3542746	-94.782
115	96.29984175	102.97	-98.45118233	-89.35	-98.21400959	-88.759	-97.8437184	-88.098	-97.36696353	-87.379	-96.49301657	-86.21
120	100.8654097	107.62	88.86528743	94.178	-88.3220887	-79.537	-88.24336085	-79.057	-88.00383605	-78.491	-87.41477978	-77.511
125	105.4444982	112.25	94.36539144	100.21	-77.88049659	-69.972	-78.21637629	-69.747	-78.29855867	-69.386	-78.07976484	-68.652
130	110.0377656	116.88	99.74836597	105.92	-66.66979939	-59.917	-67.63047553	-60.071	-68.16527816	-59.999	-68.4386326	-59.592
135	114.6457378	121.5	105.04433	111.44	-54.28697343	-49.113	-56.27762081	-49.881	-57.48245459	-50.235	-58.42885197	-50.279
140	119.2688353	126.11	110.2743237	116.82	-39.81075241	-36.988	-43.79428643	-38.912	-46.06796387	-39.949	-47.96939588	-40.641
145	123.9073931	130.72	115.4536522	122.1	89.14888951	94.393	-29.42864937	-26.62	-33.62781351	-28.898	-36.95303229	-30.576
150	128.5616763	135.32	120.5938058	127.29	97.37902282	103.45	-11.00957598	-11.42	-19.63619188	-16.622	-25.23551937	-19.941
155	133.231893	139.91	125.7036306	132.4	104.7795632	111.25	58.85235694	62.646	-3.003668884	-2.0697	-12.62270612	-8.5115
160	137.9182034	144.5	130.7900789	137.46	111.6776492	118.36	81.54264102	87.722	18.97188499	18.093	1.13430507	4.0567
165	142.6207285	149.09	135.8587084	142.46	118.2370657	125.02	93.70413104	100.4	49.19424891	52.465	16.2881797	18.281
170	147.3395556	153.68	140.9140263	147.42	124.5529582	131.35	103.4260706	110.34	72.48804357	78.555	32.83994056	34.665
175	152.0747444	158.26	145.9597325	152.34	130.6860276	137.43	111.9608887	118.93	87.59958564	94.26	49.98442663	52.755
180	156.8263303	162.84	150.9988961	157.22	136.6775972	143.32	119.7811187	126.72	99.29972991	106.15	66.16673061	70.354
185	161.5943288	167.42	156.0340858	162.08	142.5571757	149.05	127.121463	133.96	109.2688089	116.13	80.43315934	85.62
190	166.3787377	171.99	161.0674682	166.91	148.3466225	154.66	134.1171166	140.79	118.2006884	124.98	92.85499925	98.556
195	171.1795402	176.57	166.100883	171.72	154.0626077	160.16	140.8536708	147.32	126.443668	133.06	103.8523006	109.76
200	175.9967064	181.14	171.1359019	176.52	159.718147	165.58	147.3890056	153.62	134.1969669	140.59	113.8038728	119.72
205	180.8301953	185.71	176.1738736	181.29	165.3236028	170.91	153.7642173	159.72	141.5852732	147.72	122.983063	128.79
210	185.6799562	190.29	181.2159613	186.05	170.8873612	176.19	160.0096022	165.67	148.6918952	154.53	131.5792207	137.19
215	190.5459302	194.86	186.2631715	190.8	176.4163033	181.4	166.1481713	171.48	155.5753104	161.09	139.7246481	145.08
220	195.4280508	199.43	191.3163779	195.54	181.9161437	186.57	172.1978314	177.18	162.2781803	167.44	147.513895	152.56
225	200.3262452	204	196.3763408	200.26	187.3916773	191.7	178.1728004	182.79	168.8326042	173.62	155.0162508	159.72
230	205.2404351	208.57	201.4437236	204.98	192.8469639	196.78	184.0845596	188.31	175.2633529	179.66	162.2837257	166.61
235	210.1705371	213.14	206.5191056	209.69	198.2854682	201.83	189.9425155	193.77	181.5899481	185.57	169.3562176	173.28
240	215.1164636	217.71	211.6029933	214.39	203.7101677	206.86	195.7544705	199.16	187.8280504	191.37	176.2649292	179.76
245	220.0781232	222.29	216.6958301	219.09	209.1236374	211.85	201.5269674	204.5	193.9904155	197.09	183.034683	186.08
250	225.0554212	226.86	221.7980039	223.78	214.5281165	216.82	207.265544	209.78	200.0875701	202.72	189.6855244	192.27
255	230.0482599	231.44	226.9098539	228.46	219.9255614	221.78	212.9749275	215.03	206.128301	208.28	196.2338581	198.33
260	235.056539	236.01	232.0316766	233.14	225.3176894	226.71	218.6591827	220.23	212.1200169	213.78	202.6932678	204.29
265	240.0801562	240.59	237.1637304	237.82	230.7060137	231.62	224.3218278	225.41	218.0690197	219.23	209.0751202	210.16
270	245.1190068	245.17	242.3062404	242.5	236.0918723	236.52	229.9659261	230.55	223.9807126	224.62	215.3890164	215.95
275	250.1729847	249.76	247.4594015	247.17	241.4764518	241.41	235.5941591	235.66	229.8597608	229.97	221.6431339	221.67
280	255.2419821	254.34	252.623382	251.84	246.8608079	246.28	241.2088849	240.74	235.7102177	235.28	227.8444914	227.32
285	260.3258901	258.93	257.7983266	256.51	252.2458817	251.14	246.8121864	245.81	241.5356253	240.55	233.9991536	232.91
290	265.4245984	263.52	262.9843584	261.18	257.6325141	255.99	252.4059103	250.85	247.3390945	245.79	240.1123936	238.45
295	270.5379957	268.12	268.1815813	265.85	263.0214581	260.84	257.9917001	255.88	253.1233707	251	246.1888223	243.94
300	275.6659701	272.71	273.3900818	270.52	268.4133888	265.67	263.5710227	260.88	258.8908865	256.19	252.2324917	249.39
305	280.8084088	277.32	278.6099312	275.19	273.8089124	270.5	269.1451911	265.88	264.6438058	261.35	258.24698	254.8
310	285.9651983	281.92	283.8411862	279.86	279.2085737	275.33	274.7153841	270.86	270.3840604	266.49	264.2354602	260.18
315	291.1362247	286.53	289.0838912	284.54	284.6128631	280.14	280.282662	275.83	276.1133801	271.61	270.2007568	265.52
320	296.3213737	291.14	294.3380786	289.21	290.0222219	284.96	285.8479807	280.78	281.8333188	276.71	276.1453939	270.84
325	301.5205306	295.76	299.6037705	293.89	295.4370475	289.77	291.4122035	285.73	287.5452756	281.79	282.0716338	276.12
330	306.7335804	300.38	304.8809795	298.57	300.8576981	294.58	296.9761119	290.67	293.2505136	286.86	287.981511	281.39
335	311.9604079	305.01	310.1697094	303.25	306.2844961	299.38	302.5404134	295.6	298.9501756	291.92	293.87686	286.63
340	317.2008979	309.64	315.4699559	307.93	311.7177318	304.19	308.1057505	300.52	304.6452975	296.97	299.7593393	291.85
345	322.454935	314.28	320.7817078	312.62	317.1576665	308.99	313.6727064	305.44	310.3368202	302	305.6304518	297.05
350	327.7224037	318.92	326.104947	317.31	322.6045349	313.79	319.2418116	310.36	316.0255997	307.02	311.4915625	302.24
355	333.0031887	323.57	331.4396494	322.01	328.0585478	318.59	324.8135486	315.27	321.7124158	312.04	317.3439138	307.41
360	338.2971747	328.22	336.7857854	326.71	333.5198939	323.4	330.3883567	320.17	327.3979799	317.05	323.1886384	312.57
365	343.6042464	332.88	342.1433204	331.41	338.9887423	328.2	335.9666361	325.08	333.082942	322.05	329.0267708	317.72
370	348.9242886	337.55	347.5122149	336.12	344.4652434	333.01	341.5487516	329.98	338.7678963	327.04	334.8592575	322.85
375	354.2571866	342.22	352.8924255	340.83	349.9495311	337.81	347.1350352	334.88	344.4533865	332.03	340.6869655	327.97
380	359.6028255	346.9	358.2839044	345.55	355.4417239	342.62	352.7257898	339.77	350.1399108	337.02	346.5106903	333.09
385	364.9610909	351.58	363.6866007	350.28	360.9419263	347.43	358.3212911	344.67	355.8279257	342	352.3311624	338.19
390	370.3318685	356.27	369.1004599	355.01	366.4502297	352.25	363.9217902	349.57	361.5178497	346.98	358.1490535	343.29
395	375.7150442	360.97	374.5254246	359.74	371.9667137	357.06	369.5275154	354.46	367.2100669	351.96	363.9649818	348.39
400	381.1105046	365.68	379.9614345	364.48	377.4914468	361.88	375.1386745	359.36	372.9049297	356.93	369.7795169	353.47
