 TITLE = "Density VS Temperature for Oxygen" 

  VARIABLES = T	rho_NIST_0.1Mpa	rho_RKPR_0.1Mpa	rho_NIST_1Mpa	rho_RKPR_1Mpa	rho_NIST_5Mpa	rho_RKPR_5Mpa	rho_NIST_7Mpa	rho_RKPR_7Mpa	rho_NIST_8Mpa	rho_RKPR_8Mpa	rho_NIST_10Mpa	rho_RKPR_10Mpa
220	2.4394	2.442102638	1167	1147.756294	1175.6	1159.964755	1179.7	1165.645596	1181.7	1168.391438	1185.6	1173.707583
230	2.3288	2.332363956	1129	1104.796253	1139.3	1120.067599	1144.2	1127.06982	1146.5	1130.432983	1151.2	1136.907175
240	2.2282	2.232268388	24.857	24.76993055	1100.7	1075.881418	1106.6	1084.650162	1109.4	1088.825555	1114.9	1096.802294
250	2.1363	2.140573977	23.435	23.43229602	1058.9	1026.299378	1066.2	1037.530554	1069.7	1042.812604	1076.4	1052.797341
260	2.0519	2.056246854	22.215	22.25708123	1012.6	969.5464897	1022.1	984.4250069	1026.5	991.2900732	1035	1004.067415
270	1.9741	1.978418782	21.147	21.21296943	959.39	902.3974629	972.5	923.2232831	978.46	932.5222125	989.46	949.4085525
280	1.9021	1.906354809	20.199	20.27677325	893.9	817.5540955	914.25	849.9547106	922.92	863.4636708	938.22	886.9351707
290	1.8352	1.839428309	19.349	19.43084375	148.41	147.9824633	839.25	755.0443135	854.2	777.7136991	878.06	813.3852575
300	1.773	1.777101489	18.579	18.66143874	128.4	129.5138705	706.06	591.2155691	753.17	655.7191755	801.62	722.2107346
310	1.715	1.718910005	17.878	17.95765217	116.13	117.4478862	210.63	212.1910344	327.71	322.9363009	685.77	597.0503315
320	1.6606	1.6644507	17.234	17.31068735	107.22	108.4819694	178.74	180.7586315	231.91	233.4439124	448.28	415.2652935
330	1.6097	1.613371744	16.641	16.71334912	100.22	101.3716595	160.11	161.9680533	198.87	200.688419	310.26	306.092631
340	1.5618	1.565364635	16.092	16.15968022	94.478	95.50229122	146.95	148.5765149	178.65	180.3168551	258.62	257.9929065
350	1.5167	1.520157668	15.581	15.64469515	89.619	90.52252601	136.82	138.2229961	164.16	165.6201634	228.8	229.0495382
360	1.4742	1.477510557	15.105	15.16418192	85.418	86.21187607	128.61	129.8238065	152.93	154.1975382	208.25	208.7479061
370	1.434	1.437209984	14.659	14.71455172	81.726	82.42260849	121.75	122.7879302	143.82	144.9064925	192.74	193.2933587
380	1.396	1.39906589	14.241	14.29272331	78.44	79.05080236	115.86	116.756679	136.18	137.1122532	180.38	180.918582
390	1.3599	1.362908361	13.848	13.89603298	75.484	76.02054769	110.73	111.495758	129.63	130.4253502	170.18	170.6637616
400	1.3257	1.32858501	13.477	13.5221635	72.804	73.27469989	106.18	106.8436461	123.9	124.589618	161.53	161.9518022
410	1.2931	1.29595876	13.127	13.16908753	70.355	70.76916721	102.11	102.6842876	118.84	119.4276426	154.05	154.4097048
420	1.2622	1.264905952	12.796	12.83502202	68.104	68.46922222	98.436	98.93151292	114.31	114.8115441	147.48	147.7829968
430	1.2327	1.235314735	12.482	12.51839122	66.024	66.34703168	95.09	95.51961202	110.21	110.646161	141.63	141.8906304
440	1.2045	1.207083678	12.183	12.21779639	64.094	64.3799511	92.025	92.39735342	106.49	106.85881	136.39	136.5994051
450	1.1776	1.18012058	11.899	11.93199077	62.295	62.54931597	89.2	89.52403972	103.07	103.392757	131.63	131.8085996
460	1.1519	1.154341435	11.629	11.65985881	60.613	60.83956542	86.584	86.86681959	99.928	100.2028961	127.3	127.4402922
470	1.1273	1.129669538	11.371	11.40039883	59.035	59.23759432	84.151	84.39880469	97.016	97.25279527	123.32	123.4330234
480	1.1037	1.106034703	11.125	11.15270835	57.55	57.73226577	81.88	82.09771848	94.307	94.51262288	119.65	119.7375078
490	1.0811	1.083372584	10.889	10.91597177	56.15	56.31403864	79.752	79.94490641	91.778	91.95765661	116.24	116.31365
500	1.0594	1.061624075	10.664	10.68944984	54.826	54.97467901	77.754	77.92459739	89.41	89.56718982	113.07	113.1284184
510	1.0386	1.040734785	10.448	10.47247066	53.571	53.70703386	75.87	76.02334381	87.185	87.32371456	110.11	110.1542958
520	1.0185	1.020654575	10.241	10.26442196	52.38	52.50485154	74.092	74.22959067	85.089	85.21230139	107.33	107.3681316
530	0.99926	1.00133715	10.042	10.06474446	51.248	51.36263786	72.408	72.53333982	83.109	83.22012198	104.72	104.7502748
540	0.98071	0.982739694	9.8512	9.872926094	50.169	50.27553976	70.812	70.92588516	81.235	81.33607671	102.26	102.2839119
550	0.96283	0.964822548	9.6675	9.688496995	49.14	49.23925033	69.294	69.39960155	79.458	79.5505009	99.93	99.95455252
560	0.94559	0.947548927	9.4907	9.511025126	48.157	48.24993076	67.849	67.94777498	77.769	77.85493056	97.725	97.74962572
570	0.92897	0.930884658	9.3203	9.340112451	47.216	47.30414563	66.472	66.56446463	76.16	76.24191372	95.633	95.6581602
580	0.91292	0.914797955	9.1562	9.175391575	46.315	46.398809	65.156	65.24438992	74.627	74.70485734	93.644	93.67052753
590	0.89741	0.899259212	8.9978	9.016522773	45.451	45.53113918	63.898	63.98283737	73.162	73.23790176	91.749	91.77823473
600	0.88242	0.884240818	8.8449	8.863191378	44.621	44.69862048	62.694	62.77558322	71.762	71.8358173	89.941	89.97375503
610	0.86793	0.869716993	8.6972	8.715105456	43.824	43.89897081	61.539	61.61882872	70.42	70.4939182	88.214	88.25038878
620	0.85391	0.855663637	8.5545	8.571993746	43.057	43.13011403	60.43	60.50914572	69.135	69.20799077	86.561	86.60214832
630	0.84033	0.842058196	8.4164	8.433603818	42.319	42.39015623	59.365	59.44343059	67.9	67.97423286	84.977	85.02366208
640	0.82718	0.828879539	8.2829	8.299700433	41.607	41.67736532	58.341	58.41886511	66.714	66.78920276	83.458	83.51009409
650	0.81444	0.816107845	8.1535	8.170064075	40.921	40.99015339	57.354	57.43288298	65.573	65.64977561	81.999	82.05707617
660	0.80208	0.803724507	8.0282	8.044489632	40.259	40.32706136	56.404	56.48314109	64.475	64.55310629	80.597	80.66065038
670	0.79009	0.791712038	7.9068	7.922785208	39.619	39.68674567	55.488	55.56749475	63.416	63.49659741	79.248	79.31722005
680	0.77846	0.780053987	7.789	7.804771055	39	39.06796656	54.603	54.68397622	62.395	62.47787184	77.948	78.02350773
690	0.76716	0.768734864	7.6747	7.69027861	38.402	38.46957782	53.748	53.83077607	61.409	61.49474884	76.695	76.77651913
700	0.75619	0.757740071	7.5638	7.579149622	37.823	37.89051779	52.922	53.00622687	60.457	60.54522332	75.486	75.57351195
710	0.74552	0.747055839	7.4561	7.471235359	37.262	37.32980138	52.123	52.20878898	59.537	59.62744779	74.318	74.41196876
720	0.73516	0.736669168	7.3514	7.366395891	36.718	36.78651301	51.35	51.43703799	58.646	58.73971649	73.189	73.28957352
730	0.72508	0.726567776	7.2497	7.26449944	36.191	36.25980032	50.601	50.68965369	57.784	57.88045149	72.098	72.20419096
740	0.71527	0.716740049	7.1508	7.165421781	35.68	35.74886862	49.875	49.96541033	56.949	57.04819044	71.042	71.1538486
750	0.70572	0.707174994	7.0546	7.069045699	35.184	35.25297586	49.171	49.26316796	56.139	56.24157573	70.019	70.13672081
760	0.69643	0.697862205	6.9609	6.975260499	34.702	34.77142823	48.487	48.58186471	55.354	55.45934488	69.027	69.1511149
770	0.68738	0.688791813	6.8698	6.883961545	34.233	34.30357609	47.824	47.92050998	54.592	54.700322	68.066	68.19545867
780	0.67856	0.679954464	6.781	6.79504985	33.778	33.84881041	47.18	47.27817832	53.852	53.9634102	67.134	67.26828948
790	0.66996	0.671341277	6.6945	6.708431692	33.335	33.4065595	46.554	46.65400387	53.134	53.24758476	66.228	66.36824442
800	0.66158	0.662943817	6.6102	6.624018261	32.904	32.9762861	45.945	46.04717554	52.435	52.55188706	65.349	65.49405164
