TITLE = "co2 alpha prediction MODEL 3"
VARIABLES =  "Tr"	"Pr"	"bias corrected model"	"traning data"	"bias uncorrected model"	"upper"	"lower"	"bias"

ZONE I=100 J=8
DT=(DOUBLE,DOUBLE,DOUBLE,DOUBLE,DOUBLE,DOUBLE,DOUBLE,DOUBLE)

0.723379154	0.01355	1.242764306	1.267729547	1.054055442	1.259987045	1.225541566	0.188708864
0.742642694	0.01355	1.226330019	1.230815869	1.046054744	1.243552758	1.209107279	0.180275275
0.761906235	0.01355	1.201650253	1.196779257	1.038054046	1.218872993	1.184427514	0.163596208
0.781169775	0.01355	1.171910795	1.165272052	1.030053348	1.189133534	1.154688055	0.141857447
0.800433315	0.01355	1.140377797	1.136000329	1.02205265	1.157600536	1.123155057	0.118325147
0.819696856	0.01355	1.109690615	1.108713805	1.014051952	1.126913354	1.092467875	0.095638663
0.838960396	0.01355	1.081507041	1.083197957	1.006051254	1.098729781	1.064284302	0.075455787
0.858223937	0.01355	1.056461478	1.059267807	0.998050556	1.073684218	1.039238739	0.058410922
0.877487477	0.01355	1.034337325	1.036762974	0.990049858	1.051560065	1.017114586	0.044287467
0.896751017	0.01355	1.014377018	1.015543714	0.98204916	1.031599757	0.997154278	0.032327858
0.916014558	0.01355	0.995664855	0.995487686	0.974048462	1.012887594	0.978442115	0.021616393
0.935278098	0.01355	0.977486118	0.976487332	0.966047764	0.994708858	0.960263379	0.011438354
0.954541638	0.01355	0.959541706	0.958447774	0.958047066	0.976764445	0.942318966	0.001494639
0.973805179	0.01355	0.941942072	0.94128509	0.950046368	0.959164812	0.924719333	-0.008104296
0.993068719	0.01355	0.925012033	0.924924816	0.94204567	0.942234772	0.907789293	-0.017033637
1.012332259	0.01355	0.909035833	0.909300554	0.934044972	0.926258572	0.891813093	-0.025009139
1.0315958	0.01355	0.894088041	0.894352808	0.926044274	0.911310781	0.876865302	-0.031956233
1.05085934	0.01355	0.88002253	0.880028099	0.918043576	0.89724527	0.862799791	-0.038021046
1.070122881	0.01355	0.866587126	0.866278306	0.910042878	0.883809865	0.849364386	-0.043455753
1.089386421	0.01355	0.853567082	0.853060093	0.90204218	0.870789822	0.836344343	-0.048475098
1.108649961	0.01355	0.840868493	0.840334356	0.894041482	0.858091233	0.823645753	-0.053172989
1.127913502	0.01355	0.828511403	0.828065706	0.886040784	0.845734143	0.811288663	-0.057529381
1.147177042	0.01355	0.816563192	0.816222024	0.878040086	0.833785931	0.799340452	-0.061476895
1.166440582	0.01355	0.805068291	0.804774083	0.870039389	0.82229103	0.787845551	-0.064971098
1.185704123	0.01355	0.794015301	0.793695228	0.862038691	0.81123804	0.776792561	-0.06802339
1.204967663	0.01355	0.783348037	0.782961106	0.854037993	0.800570777	0.766125297	-0.070689956
1.224231204	0.01355	0.772999532	0.772549431	0.846037295	0.790222271	0.755776792	-0.073037763
1.243494744	0.01355	0.76292165	0.762439766	0.838036597	0.78014439	0.745698911	-0.075114947
1.262758284	0.01355	0.753094699	0.752613343	0.830035899	0.770317438	0.735871959	-0.0769412
1.282021825	0.01355	0.743518311	0.7430529	0.822035201	0.76074105	0.726295571	-0.07851689
1.301285365	0.01355	0.734195314	0.733742531	0.814034503	0.751418054	0.716972574	-0.079839189
1.320548905	0.01355	0.725120282	0.724667558	0.806033805	0.742343022	0.707897542	-0.080913523
1.339812446	0.01355	0.716277627	0.71581442	0.798033107	0.733500366	0.699054887	-0.08175548
1.359075986	0.01355	0.707646837	0.707170565	0.790032409	0.724869577	0.690424098	-0.082385572
1.378339527	0.01355	0.699209188	0.698724364	0.782031711	0.716431928	0.681986449	-0.082822522
1.397603067	0.01355	0.690951452	0.690465025	0.774031013	0.708174192	0.673728712	-0.083079561
1.416866607	0.01355	0.68286552	0.682382522	0.766030315	0.70008826	0.665642781	-0.083164795
1.436130148	0.01355	0.674945631	0.67446753	0.758029617	0.692168371	0.657722891	-0.083083986
1.455393688	0.01355	0.667185661	0.666711363	0.750028919	0.684408401	0.649962922	-0.082843258
1.474657228	0.01355	0.659577995	0.659105925	0.742028221	0.676800735	0.642355256	-0.082450226
1.493920769	0.01355	0.652114009	0.651643656	0.734027523	0.669336749	0.63489127	-0.081913514
1.513184309	0.01355	0.644785254	0.644317493	0.726026825	0.662007994	0.627562514	-0.081241571
1.532447849	0.01355	0.637584361	0.637120832	0.718026127	0.654807101	0.620361622	-0.080441766
1.55171139	0.01355	0.630505231	0.630047486	0.710025429	0.647727971	0.613282492	-0.079520198
1.57097493	0.01355	0.623542647	0.623091657	0.702024731	0.640765387	0.606319908	-0.078482084
1.590238471	0.01355	0.616691737	0.616247908	0.694024033	0.633914477	0.599468998	-0.077332296
1.609502011	0.01355	0.609947642	0.60951113	0.686023335	0.627170381	0.592724902	-0.076075694
1.628765551	0.01355	0.603305483	0.602876525	0.678022637	0.620528222	0.586082743	-0.074717155
1.648029092	0.01355	0.596760522	0.596339576	0.670021939	0.613983262	0.579537783	-0.073261417
1.667292632	0.01355	0.590308339	0.589896033	0.662021241	0.607531078	0.573085599	-0.071712903
1.686556172	0.01355	0.583944897	0.583541891	0.654020543	0.601167637	0.566722158	-0.070075646
1.705819713	0.01355	0.577666511	0.577273371	0.646019846	0.594889251	0.560443772	-0.068353334
1.725083253	0.01355	0.571469745	0.57108691	0.638019148	0.588692484	0.554247005	-0.066549403
1.744346794	0.01355	0.565351326	0.56497914	0.63001845	0.582574066	0.548128586	-0.064667124
1.763610334	0.01355	0.5593081	0.558946878	0.622017752	0.576530839	0.54208536	-0.062709652
1.782873874	0.01355	0.553337025	0.552987115	0.614017054	0.570559765	0.536114286	-0.060680029
1.802137415	0.01355	0.547435197	0.547097	0.606016356	0.564657936	0.530212457	-0.058581159
1.821400955	0.01355	0.54159988	0.541273835	0.598015658	0.55882262	0.524377141	-0.056415777
1.840664495	0.01355	0.535828537	0.535515061	0.59001496	0.553051277	0.518605798	-0.054186422
1.859928036	0.01355	0.530118826	0.529818252	0.582014262	0.547341565	0.512896086	-0.051895436
1.879191576	0.01355	0.524468549	0.524181104	0.574013564	0.541691289	0.50724581	-0.049545014
1.898455117	0.01355	0.518875577	0.518601431	0.566012866	0.536098317	0.501652837	-0.047137289
1.917718657	0.01355	0.513337767	0.513077153	0.558012168	0.530560506	0.496115027	-0.044674401
1.936982197	0.01355	0.507852975	0.507606294	0.55001147	0.525075714	0.490630235	-0.042158495
1.956245738	0.01355	0.502419175	0.502186973	0.542010772	0.519641915	0.485196436	-0.039591597
1.975509278	0.01355	0.497034628	0.4968174	0.534010074	0.514257368	0.479811889	-0.036975446
1.994772818	0.01355	0.491697943	0.49149587	0.526009376	0.508920683	0.474475204	-0.034311433
2.014036359	0.01355	0.486407908	0.486220756	0.518008678	0.503630648	0.469185169	-0.03160077
2.033299899	0.01355	0.481163119	0.48099051	0.51000798	0.498385858	0.463940379	-0.028844862
2.05256344	0.01355	0.475961671	0.475803651	0.502007282	0.493184411	0.458738932	-0.026045611
2.07182698	0.01355	0.470801281	0.470658769	0.494006584	0.488024021	0.453578542	-0.023205303
2.09109052	0.01355	0.465679941	0.465554515	0.486005886	0.482902681	0.448457202	-0.020325945
2.110354061	0.01355	0.460596741	0.4604896	0.478005188	0.47781948	0.443374001	-0.017408447
2.129617601	0.01355	0.455552075	0.455462793	0.47000449	0.472774815	0.438329335	-0.014452415
2.148881141	0.01355	0.450546667	0.450472914	0.462003792	0.467769407	0.433323928	-0.011457125
2.168144682	0.01355	0.445579741	0.445518836	0.454003094	0.46280248	0.428357001	-0.008423353
2.187408222	0.01355	0.440647768	0.440599479	0.446002396	0.457870508	0.423425029	-0.005354628
2.206671762	0.01355	0.435745446	0.435713808	0.438001698	0.452968185	0.418522706	-0.002256253
2.225935303	0.01355	0.430869136	0.430860834	0.430001	0.448091876	0.413646397	0.000868136
2.245198843	0.01355	0.42602057	0.426039604	0.422000303	0.443243309	0.40879783	0.004020267
2.264462384	0.01355	0.421207035	0.421249207	0.413999605	0.438429775	0.403984296	0.007207431
2.283725924	0.01355	0.416435854	0.416488769	0.405998907	0.433658593	0.399213114	0.010436947
2.302989464	0.01355	0.411705709	0.41175745	0.397998209	0.428928448	0.394482969	0.0137075
2.322253005	0.01355	0.40700224	0.407054443	0.389997511	0.424224979	0.3897795	0.017004729
2.341516545	0.01355	0.402305023	0.402378972	0.381996813	0.419527763	0.385082284	0.020308211
2.360780085	0.01355	0.397605091	0.397730294	0.373996115	0.41482783	0.380382351	0.023608976
2.380043626	0.01355	0.392920371	0.393107692	0.365995417	0.410143111	0.375697631	0.026924954
2.399307166	0.01355	0.388291375	0.388510476	0.357994719	0.405514114	0.371068635	0.030296656
2.418570707	0.01355	0.383750139	0.383937984	0.349994021	0.400972879	0.366527399	0.033756118
2.437834247	0.01355	0.379279755	0.379389576	0.341993323	0.396502495	0.362057016	0.037286432
2.457097787	0.01355	0.374801838	0.37486464	0.333992625	0.392024578	0.357579099	0.040809214
2.476361328	0.01355	0.370221898	0.370362581	0.325991927	0.387444638	0.352999158	0.044229971
2.495624868	0.01355	0.365520278	0.365882829	0.317991229	0.382743017	0.348297538	0.047529049
2.514888408	0.01355	0.360822961	0.361424834	0.309990531	0.378045701	0.343600222	0.05083243
2.534151949	0.01355	0.356368091	0.356988064	0.301989833	0.373590831	0.339145352	0.054378258
2.553415489	0.01355	0.352333549	0.352572009	0.293989135	0.369556289	0.335110809	0.058344414
2.57267903	0.01355	0.348591947	0.348176173	0.285988437	0.365814687	0.331369208	0.06260351
2.59194257	0.01355	0.344543858	0.343800079	0.277987739	0.361766597	0.327321118	0.066556119
2.61120611	0.01355	0.339174198	0.339443266	0.269987041	0.356396938	0.321951458	0.069187157
2.630469651	0.01355	0.331363218	0.335105289	0.261986343	0.348585958	0.314140478	0.069376875
0.723379154	0.1355	1.135858705	1.130836434	1.055746587	1.153081444	1.118635965	0.080112118
0.742642694	0.1355	1.141709307	1.126776761	1.047745889	1.158932046	1.124486567	0.093963418
0.761906235	0.1355	1.146831136	1.123058263	1.039745191	1.164053876	1.129608397	0.107085946
0.781169775	0.1355	1.148156169	1.189020987	1.031744493	1.165378909	1.13093343	0.116411677
0.800433315	0.1355	1.142701556	1.156650722	1.023743795	1.159924295	1.125478816	0.118957761
0.819696856	0.1355	1.128927993	1.127009929	1.015743097	1.146150732	1.111705253	0.113184896
0.838960396	0.1355	1.107549353	1.099694948	1.007742399	1.124772093	1.090326613	0.099806954
0.858223937	0.1355	1.081297409	1.07436879	0.999741701	1.098520149	1.064074669	0.081555708
0.877487477	0.1355	1.053762931	1.050759097	0.991741003	1.070985671	1.036540192	0.062021928
0.896751017	0.1355	1.027967771	1.028646855	0.983740305	1.04519051	1.010745031	0.044227466
0.916014558	0.1355	1.005417334	1.007854424	0.975739607	1.022640073	0.988194594	0.029677727
0.935278098	0.1355	0.986017173	0.988235591	0.967738909	1.003239912	0.968794433	0.018278264
0.954541638	0.1355	0.968703991	0.969668215	0.959738211	0.98592673	0.951481251	0.00896578
0.973805179	0.1355	0.952297665	0.952048956	0.951737513	0.969520405	0.935074926	0.000560152
0.993068719	0.1355	0.93609412	0.935289336	0.943736815	0.953316859	0.91887138	-0.007642695
1.012332259	0.1355	0.919994993	0.919312606	0.935736117	0.937217733	0.902772254	-0.015741124
1.0315958	0.1355	0.904277649	0.904051375	0.927735419	0.921500389	0.88705491	-0.02345777
1.05085934	0.1355	0.889262201	0.889445996	0.919734721	0.906484941	0.872039462	-0.03047252
1.070122881	0.1355	0.875092818	0.875443493	0.911734023	0.892315558	0.857870078	-0.036641205
1.089386421	0.1355	0.861705983	0.861996705	0.903733325	0.878928723	0.844483243	-0.042027342
1.108649961	0.1355	0.848927633	0.849063496	0.895732627	0.866150373	0.831704894	-0.046804994
1.127913502	0.1355	0.836593004	0.836606034	0.887731929	0.853815743	0.819370264	-0.051138926
1.147177042	0.1355	0.824613316	0.824590193	0.879731231	0.841836056	0.807390577	-0.055117915
1.166440582	0.1355	0.812974244	0.812985063	0.871730533	0.830196983	0.795751504	-0.05875629
1.185704123	0.1355	0.801695553	0.801762568	0.863729836	0.818918293	0.784472814	-0.062034282
1.204967663	0.1355	0.790790766	0.790897137	0.855729138	0.808013506	0.773568026	-0.064938372
1.224231204	0.1355	0.780249155	0.780365438	0.84772844	0.797471895	0.763026416	-0.067479284
1.243494744	0.1355	0.770040268	0.770146127	0.839727742	0.787263008	0.752817529	-0.069687473
1.262758284	0.1355	0.760128433	0.760219649	0.831727044	0.777351173	0.742905693	-0.071598611
1.282021825	0.1355	0.750484624	0.750568049	0.823726346	0.767707363	0.733261884	-0.073241722
1.301285365	0.1355	0.741090143	0.741174814	0.815725648	0.758312883	0.723867404	-0.074635504
1.320548905	0.1355	0.73193366	0.732024728	0.80772495	0.749156399	0.71471092	-0.07579129
1.339812446	0.1355	0.723006174	0.723103751	0.799724252	0.740228914	0.705783435	-0.076718077
1.359075986	0.1355	0.714297593	0.714398904	0.791723554	0.731520332	0.697074853	-0.077425961
1.378339527	0.1355	0.705796012	0.705898174	0.783722856	0.723018752	0.688573272	-0.077926844
1.397603067	0.1355	0.697488829	0.697590425	0.775722158	0.714711568	0.680266089	-0.078233329
1.416866607	0.1355	0.689364181	0.68946532	0.76772146	0.706586921	0.672141442	-0.078357279
1.436130148	0.1355	0.681411741	0.681513252	0.759720762	0.698634481	0.664189002	-0.078309021
1.455393688	0.1355	0.673622686	0.673725278	0.751720064	0.690845425	0.656399946	-0.078097378
1.474657228	0.1355	0.665989201	0.666093066	0.743719366	0.68321194	0.648766461	-0.077730165
1.493920769	0.1355	0.658503967	0.658608846	0.735718668	0.675726706	0.641281227	-0.077214701
1.513184309	0.1355	0.651159887	0.651265357	0.72771797	0.668382627	0.633937148	-0.076558083
1.532447849	0.1355	0.643950077	0.644055813	0.719717272	0.661172817	0.626727338	-0.075767195
1.55171139	0.1355	0.636867986	0.636973863	0.711716574	0.654090726	0.619645246	-0.074848588
1.57097493	0.1355	0.629907513	0.630013554	0.703715876	0.647130253	0.612684774	-0.073808363
1.590238471	0.1355	0.623063044	0.623169307	0.695715178	0.640285783	0.605840304	-0.072652135
1.609502011	0.1355	0.616329392	0.616435881	0.68771448	0.633552131	0.599106652	-0.071385089
1.628765551	0.1355	0.609701711	0.609808354	0.679713782	0.626924451	0.592478972	-0.070012071
1.648029092	0.1355	0.603175414	0.603282096	0.671713084	0.620398154	0.585952675	-0.06853767
1.667292632	0.1355	0.596746132	0.596852749	0.663712386	0.613968871	0.579523392	-0.066966255
1.686556172	0.1355	0.590409716	0.590516208	0.655711688	0.607632455	0.573186976	-0.065301973
1.705819713	0.1355	0.584162258	0.584268601	0.64771099	0.601384998	0.566939519	-0.063548732
1.725083253	0.1355	0.578000103	0.578106276	0.639710292	0.595222843	0.560777364	-0.061710189
1.744346794	0.1355	0.571919826	0.572025782	0.631709595	0.589142566	0.554697087	-0.059789768
1.763610334	0.1355	0.565918195	0.56602386	0.623708897	0.583140934	0.548695455	-0.057790702
1.782873874	0.1355	0.559992123	0.560097425	0.615708199	0.577214862	0.542769383	-0.055716076
1.802137415	0.1355	0.554138651	0.554243559	0.607707501	0.571361391	0.536915912	-0.053568849
1.821400955	0.1355	0.548354965	0.548459497	0.599706803	0.565577705	0.531132226	-0.051351837
1.840664495	0.1355	0.542638433	0.542742619	0.591706105	0.559861172	0.525415693	-0.049067672
1.859928036	0.1355	0.536986627	0.537090439	0.583705407	0.554209367	0.519763888	-0.046718779
1.879191576	0.1355	0.531397292	0.531500599	0.575704709	0.548620031	0.514174552	-0.044307417
1.898455117	0.1355	0.52586824	0.525970858	0.567704011	0.54309098	0.5086455	-0.041835771
1.917718657	0.1355	0.520397263	0.520499087	0.559703313	0.537620003	0.503174524	-0.03930605
1.936982197	0.1355	0.514982131	0.515083261	0.551702615	0.53220487	0.497759391	-0.036720484
1.956245738	0.1355	0.509620729	0.509721455	0.543701917	0.526843469	0.49239799	-0.034081188
1.975509278	0.1355	0.50431127	0.504411834	0.535701219	0.521534009	0.48708853	-0.031389949
1.994772818	0.1355	0.499052365	0.499152651	0.527700521	0.516275105	0.481829625	-0.028648156
2.014036359	0.1355	0.493842823	0.493942243	0.519699823	0.511065562	0.476620083	-0.025857
2.033299899	0.1355	0.488681197	0.488779019	0.511699125	0.505903937	0.471458458	-0.023017928
2.05256344	0.1355	0.483565436	0.483661466	0.503698427	0.500788176	0.466342697	-0.020132991
2.07182698	0.1355	0.47849305	0.478588137	0.495697729	0.49571579	0.46127031	-0.017204679
2.09109052	0.1355	0.473461931	0.47355765	0.487697031	0.49068467	0.456239191	-0.014235101
2.110354061	0.1355	0.468471322	0.468568684	0.479696333	0.485694061	0.451248582	-0.011225012
2.129617601	0.1355	0.463521983	0.463619978	0.471695635	0.480744723	0.446299244	-0.008173652
2.148881141	0.1355	0.458614888	0.458710323	0.463694937	0.475837628	0.441392149	-0.005080049
2.168144682	0.1355	0.453748957	0.453838563	0.455694239	0.470971696	0.436526217	-0.001945282
2.187408222	0.1355	0.448919684	0.449003592	0.447693541	0.466142423	0.431696944	0.001226142
2.206671762	0.1355	0.444120666	0.444204349	0.439692843	0.461343405	0.426897926	0.004427822
2.225935303	0.1355	0.439348148	0.439439817	0.431692145	0.456570888	0.422125408	0.007656003
2.245198843	0.1355	0.434605559	0.434709023	0.423691447	0.451828299	0.417382819	0.010914112
2.264462384	0.1355	0.429903183	0.430011031	0.415690749	0.447125923	0.412680444	0.014212434
2.283725924	0.1355	0.425250387	0.425344945	0.407690052	0.442473127	0.408027647	0.017560336
2.302989464	0.1355	0.420644151	0.420709902	0.399689354	0.437866891	0.403421411	0.020954797
2.322253005	0.1355	0.416063821	0.416105076	0.391688656	0.43328656	0.398841081	0.024375165
2.341516545	0.1355	0.411481293	0.411529671	0.383687958	0.428704033	0.394258553	0.027793335
2.360780085	0.1355	0.40688507	0.406982924	0.37568726	0.42410781	0.389662331	0.031197811
2.380043626	0.1355	0.402301202	0.402464098	0.367686562	0.419523941	0.385078462	0.03461464
2.399307166	0.1355	0.397787556	0.397972488	0.359685864	0.415010296	0.380564817	0.038101692
2.418570707	0.1355	0.393392047	0.393507413	0.351685166	0.410614786	0.376169307	0.041706881
2.437834247	0.1355	0.38909723	0.389068216	0.343684468	0.40631997	0.37187449	0.045412762
2.457097787	0.1355	0.384800109	0.384654268	0.33568377	0.402022848	0.367577369	0.049116339
2.476361328	0.1355	0.380367244	0.380264961	0.327683072	0.397589983	0.363144504	0.052684172
2.495624868	0.1355	0.375751795	0.375899707	0.319682374	0.392974535	0.358529056	0.056069421
2.514888408	0.1355	0.371090947	0.371557942	0.311681676	0.388313686	0.353868207	0.059409271
2.534151949	0.1355	0.366677167	0.367239121	0.303680978	0.383899907	0.349454427	0.062996189
2.553415489	0.1355	0.362756544	0.362942719	0.29568028	0.379979284	0.345533805	0.067076264
2.57267903	0.1355	0.359231641	0.358668226	0.287679582	0.37645438	0.342008901	0.071552059
2.59194257	0.1355	0.355451153	0.354415153	0.279678884	0.372673893	0.338228414	0.075772269
2.61120611	0.1355	0.35026339	0.350183027	0.271678186	0.367486129	0.33304065	0.078585203
2.630469651	0.1355	0.342374516	0.345971391	0.263677488	0.359597255	0.325151776	0.078697028
0.723379154	0.271	1.118893992	1.12753283	1.057625637	1.136116731	1.101671252	0.061268355
0.742642694	0.271	1.118014494	1.123367676	1.049624939	1.135237233	1.100791754	0.068389555
0.761906235	0.271	1.118264814	1.119548419	1.041624241	1.135487553	1.101042074	0.076640573
0.781169775	0.271	1.118857404	1.115974713	1.033623543	1.136080143	1.101634664	0.085233861
0.800433315	0.271	1.118041616	1.112544437	1.025622845	1.135264356	1.100818877	0.092418772
0.819696856	0.271	1.113678981	1.109144474	1.017622147	1.13090172	1.096456241	0.096056834
0.838960396	0.271	1.104113555	1.121867877	1.009621449	1.121336295	1.086890816	0.094492106
0.858223937	0.271	1.088891673	1.093183691	1.001620751	1.106114413	1.071668934	0.087270923
0.877487477	0.271	1.068958891	1.067198626	0.993620053	1.08618163	1.051736151	0.075338838
0.896751017	0.271	1.046255746	1.043347859	0.985619355	1.063478486	1.029033007	0.060636391
0.916014558	0.271	1.022955921	1.02123866	0.977618657	1.040178661	1.005733181	0.045337264
0.935278098	0.271	1.000743188	1.000589315	0.969617959	1.017965928	0.983520448	0.031125229
0.954541638	0.271	0.980438564	0.981190388	0.961617261	0.997661303	0.963215824	0.018821303
0.973805179	0.271	0.962055067	0.962881295	0.953616563	0.979277807	0.944832328	0.008438504
0.993068719	0.271	0.945136399	0.945535473	0.945615865	0.962359139	0.92791366	-0.000479466
1.012332259	0.271	0.929145455	0.929050342	0.937615167	0.946368194	0.911922715	-0.008469712
1.0315958	0.271	0.913720703	0.913340492	0.929614469	0.930943442	0.896497963	-0.015893767
1.05085934	0.271	0.898741855	0.898333367	0.921613771	0.915964594	0.881519115	-0.022871916
1.070122881	0.271	0.884254309	0.883966594	0.913613073	0.901477049	0.86703157	-0.029358764
1.089386421	0.271	0.870346776	0.870186133	0.905612375	0.887569516	0.853124037	-0.035265599
1.108649961	0.271	0.857060371	0.856944762	0.897611677	0.874283111	0.839837632	-0.040551306
1.127913502	0.271	0.844361318	0.84420082	0.889610979	0.861584058	0.827138579	-0.045249661
1.147177042	0.271	0.8321661	0.831917212	0.881610281	0.84938884	0.814943361	-0.049444181
1.166440582	0.271	0.82038617	0.820060679	0.873609583	0.837608909	0.80316343	-0.053223414
1.185704123	0.271	0.808961379	0.808601238	0.865608885	0.826184119	0.791738639	-0.056647506
1.204967663	0.271	0.797867879	0.797511756	0.857608187	0.815090619	0.78064514	-0.059740308
1.224231204	0.271	0.787104593	0.786767593	0.84960749	0.804327332	0.769881853	-0.062502897
1.243494744	0.271	0.776672649	0.776346309	0.841606792	0.793895388	0.759449909	-0.064934143
1.262758284	0.271	0.766561494	0.766227413	0.833606094	0.783784234	0.749338755	-0.067044599
1.282021825	0.271	0.756747349	0.756392146	0.825605396	0.773970088	0.739524609	-0.068858047
1.301285365	0.271	0.747200861	0.746823297	0.817604698	0.764423601	0.729978122	-0.070403836
1.320548905	0.271	0.737896488	0.737505042	0.809604	0.755119228	0.720673748	-0.071707512
1.339812446	0.271	0.728817419	0.728422801	0.801603302	0.746040159	0.71159468	-0.072785882
1.359075986	0.271	0.719954441	0.719563121	0.793602604	0.73717718	0.702731701	-0.073648163
1.378339527	0.271	0.711301243	0.710913565	0.785601906	0.728523982	0.694078503	-0.074300663
1.397603067	0.271	0.70285006	0.702462616	0.777601208	0.7200728	0.685627321	-0.074751148
1.416866607	0.271	0.694590118	0.694199595	0.76960051	0.711812858	0.677367378	-0.075010392
1.436130148	0.271	0.686508886	0.686114583	0.761599812	0.703731626	0.669286147	-0.075090926
1.455393688	0.271	0.678594444	0.678198358	0.753599114	0.695817184	0.661371705	-0.07500467
1.474657228	0.271	0.670837114	0.67044233	0.745598416	0.688059853	0.653614374	-0.074761302
1.493920769	0.271	0.663229565	0.662838494	0.737597718	0.680452305	0.646006825	-0.074368153
1.513184309	0.271	0.655765795	0.655379375	0.72959702	0.672988535	0.638543056	-0.073831225
1.532447849	0.271	0.648439944	0.648057989	0.721596322	0.665662684	0.631217204	-0.073156378
1.55171139	0.271	0.641245703	0.640867799	0.713595624	0.658468443	0.624022964	-0.072349921
1.57097493	0.271	0.634176466	0.633802686	0.705594926	0.651399206	0.616953727	-0.07141846
1.590238471	0.271	0.627225851	0.626856911	0.697594228	0.644448591	0.610003112	-0.070368377
1.609502011	0.271	0.620388141	0.62002509	0.68959353	0.63761088	0.603165401	-0.06920539
1.628765551	0.271	0.613658364	0.613302163	0.681592832	0.630881103	0.596435624	-0.067934469
1.648029092	0.271	0.607032088	0.606683373	0.673592134	0.624254828	0.589809348	-0.066560046
1.667292632	0.271	0.600505127	0.600164244	0.665591436	0.617727866	0.583282387	-0.06508631
1.686556172	0.271	0.594073363	0.593740558	0.657590738	0.611296102	0.576850623	-0.063517376
1.705819713	0.271	0.587732751	0.587408341	0.64959004	0.604955491	0.570510012	-0.061857289
1.725083253	0.271	0.581479423	0.581163841	0.641589342	0.598702163	0.564256683	-0.060109919
1.744346794	0.271	0.575309775	0.575003515	0.633588644	0.592532514	0.558087035	-0.05827887
1.763610334	0.271	0.569220483	0.568924016	0.625587947	0.586443223	0.551997743	-0.056367464
1.782873874	0.271	0.563208444	0.562922178	0.617587249	0.580431183	0.545985704	-0.054378805
1.802137415	0.271	0.557270704	0.556995003	0.609586551	0.574493443	0.540047964	-0.052315847
1.821400955	0.271	0.551404432	0.551139654	0.601585853	0.568627171	0.534181692	-0.050181421
1.840664495	0.271	0.54560694	0.54535344	0.593585155	0.56282968	0.528384201	-0.047978215
1.859928036	0.271	0.539875715	0.539633809	0.585584457	0.557098455	0.522652975	-0.045708742
1.879191576	0.271	0.534208404	0.53397834	0.577583759	0.551431144	0.516985665	-0.043375354
1.898455117	0.271	0.528602751	0.528384731	0.569583061	0.545825491	0.511380011	-0.04098031
1.917718657	0.271	0.523056515	0.522850798	0.561582363	0.540279255	0.505833776	-0.038525847
1.936982197	0.271	0.517567473	0.51737446	0.553581665	0.534790213	0.500344734	-0.036014192
1.956245738	0.271	0.512133523	0.51195374	0.545580967	0.529356262	0.494910783	-0.033447444
1.975509278	0.271	0.506752843	0.506586755	0.537580269	0.523975583	0.489530104	-0.030827426
1.994772818	0.271	0.50142395	0.50127171	0.529579571	0.51864669	0.484201211	-0.028155621
2.014036359	0.271	0.496145518	0.496006895	0.521578873	0.513368258	0.478922778	-0.025433355
2.033299899	0.271	0.490916018	0.490790678	0.513578175	0.508138758	0.473693279	-0.022662157
2.05256344	0.271	0.485733446	0.485621504	0.505577477	0.502956186	0.468510707	-0.019844031
2.07182698	0.271	0.480595475	0.480497887	0.497576779	0.497818214	0.463372735	-0.016981305
2.09109052	0.271	0.475500118	0.475418405	0.489576081	0.492722857	0.458277378	-0.014075964
2.110354061	0.271	0.470446495	0.470381703	0.481575383	0.487669235	0.453223756	-0.011128888
2.129617601	0.271	0.465434938	0.465386483	0.473574685	0.482657677	0.448212198	-0.008139747
2.148881141	0.271	0.460465934	0.460431504	0.465573987	0.477688673	0.443243194	-0.005108054
2.168144682	0.271	0.455538362	0.455515577	0.457573289	0.472761102	0.438315623	-0.002034927
2.187408222	0.271	0.450648471	0.450637564	0.449572591	0.467871211	0.433425731	0.00107588
2.206671762	0.271	0.445791117	0.445796375	0.441571893	0.463013856	0.428568377	0.004219223
2.225935303	0.271	0.440963253	0.440990966	0.433571195	0.458185993	0.423740514	0.007392058
2.245198843	0.271	0.436167243	0.436220334	0.425570497	0.453389982	0.418944503	0.010596745
2.264462384	0.271	0.431410342	0.431483517	0.417569799	0.448633081	0.414187602	0.013840542
2.283725924	0.271	0.426698677	0.426779593	0.409569101	0.443921416	0.409475937	0.017129575
2.302989464	0.271	0.422028976	0.422107675	0.401568404	0.439251716	0.404806237	0.020460573
2.322253005	0.271	0.417385653	0.417466913	0.393567706	0.434608393	0.400162914	0.023817948
2.341516545	0.271	0.412749554	0.412856488	0.385567008	0.429972293	0.395526814	0.027182546
2.360780085	0.271	0.408115819	0.408275614	0.37756631	0.425338558	0.390893079	0.030549509
2.380043626	0.271	0.403506935	0.403723534	0.369565612	0.420729674	0.386284195	0.033941323
2.399307166	0.271	0.398963901	0.399199521	0.361564914	0.416186641	0.381741162	0.037398988
2.418570707	0.271	0.394511824	0.394702874	0.353564216	0.411734564	0.377289085	0.040947609
2.437834247	0.271	0.390121491	0.390232919	0.345563518	0.40734423	0.372898751	0.044557973
2.457097787	0.271	0.385705803	0.385789005	0.33756282	0.402928543	0.368483064	0.048142984
2.476361328	0.271	0.381176568	0.381370506	0.329562122	0.398399307	0.363953828	0.051614446
2.495624868	0.271	0.376539611	0.37697682	0.321561424	0.393762351	0.359316871	0.054978187
2.514888408	0.271	0.371953732	0.372607363	0.313560726	0.389176471	0.354730992	0.058393006
2.534151949	0.271	0.367669822	0.368261575	0.305560028	0.384892562	0.350447083	0.062109794
2.553415489	0.271	0.363829146	0.363938913	0.29755933	0.381051886	0.346606407	0.066269816
2.57267903	0.271	0.360207995	0.359638854	0.289558632	0.377430735	0.342985256	0.070649363
2.59194257	0.271	0.356073867	0.355360894	0.281557934	0.373296606	0.338851127	0.074515933
2.61120611	0.271	0.35029338	0.351104544	0.273557236	0.36751612	0.333070641	0.076736144
2.630469651	0.271	0.341699159	0.346869333	0.265556538	0.358921899	0.32447642	0.076142621
0.723379154	0.54201	1.119984307	1.120989866	1.061383875	1.137207047	1.102761568	0.058600432
0.742642694	0.54201	1.117237681	1.116617065	1.053383177	1.134460421	1.100014942	0.063854504
0.761906235	0.54201	1.113127316	1.112599346	1.045382479	1.130350055	1.095904576	0.067744836
0.781169775	0.54201	1.10832018	1.108839749	1.037381781	1.125542919	1.09109744	0.070938398
0.800433315	0.54201	1.103857852	1.105242338	1.029381083	1.121080592	1.086635113	0.074476769
0.819696856	0.54201	1.100670254	1.10170602	1.021380385	1.117892994	1.083447514	0.079289869
0.838960396	0.54201	1.098870846	1.098115866	1.013379687	1.116093585	1.081648106	0.085491158
0.858223937	0.54201	1.09720157	1.094331418	1.005378989	1.114424309	1.07997883	0.09182258
0.877487477	0.54201	1.093104431	1.090165633	0.997378291	1.11032717	1.075881691	0.095726139
0.896751017	0.54201	1.083648267	1.085332178	0.989377593	1.100871007	1.066425528	0.094270674
0.916014558	0.54201	1.066987417	1.054651931	0.981376896	1.084210156	1.049764677	0.085610521
0.935278098	0.54201	1.043541971	1.029017906	0.973376198	1.060764711	1.026319232	0.070165774
0.954541638	0.54201	1.016098768	1.006494525	0.9653755	1.033321508	0.998876029	0.050723269
0.973805179	0.54201	0.988642251	0.986000568	0.957374802	1.00586499	0.971419511	0.031267449
0.993068719	0.54201	0.964548112	0.96701346	0.949374104	0.981770851	0.947325372	0.015174008
1.012332259	0.54201	0.945201338	0.949227695	0.941373406	0.962424077	0.927978598	0.003827932
1.0315958	0.54201	0.929801418	0.932443732	0.933372708	0.947024157	0.912578678	-0.00357129
1.05085934	0.54201	0.916319204	0.916520147	0.92537201	0.933541943	0.899096464	-0.009052806
1.070122881	0.54201	0.902868846	0.901350727	0.917371312	0.920091586	0.885646107	-0.014502466
1.089386421	0.54201	0.888630583	0.88685259	0.909370614	0.905853323	0.871407844	-0.020740031
1.108649961	0.54201	0.873909722	0.872959157	0.901369916	0.891132461	0.856686982	-0.027460194
1.127913502	0.54201	0.859537842	0.859615493	0.893369218	0.876760582	0.842315103	-0.033831375
1.147177042	0.54201	0.846166018	0.846775136	0.88536852	0.863388758	0.828943279	-0.039202501
1.166440582	0.54201	0.833907049	0.83439799	0.877367822	0.851129789	0.81668431	-0.043460773
1.185704123	0.54201	0.822429629	0.82244893	0.869367124	0.839652369	0.80520689	-0.046937495
1.204967663	0.54201	0.811295193	0.810896846	0.861366426	0.828517933	0.794072454	-0.050071233
1.224231204	0.54201	0.800246367	0.799713962	0.853365728	0.817469107	0.783023628	-0.053119361
1.243494744	0.54201	0.789284405	0.788875311	0.84536503	0.806507145	0.772061666	-0.056080625
1.262758284	0.54201	0.778560885	0.778358329	0.837364332	0.795783625	0.761338146	-0.058803447
1.282021825	0.54201	0.768216463	0.768142529	0.829363634	0.785439202	0.750993723	-0.061147171
1.301285365	0.54201	0.758285818	0.758209239	0.821362936	0.775508557	0.741063078	-0.063077119
1.320548905	0.54201	0.748704007	0.748541382	0.813362238	0.765926746	0.731481267	-0.064658231
1.339812446	0.54201	0.739373319	0.739123292	0.80536154	0.756596058	0.722150579	-0.065988222
1.359075986	0.54201	0.730226704	0.729940563	0.797360842	0.747449443	0.713003964	-0.067134139
1.378339527	0.54201	0.721249377	0.720979916	0.789360144	0.738472116	0.704026637	-0.068110768
1.397603067	0.54201	0.712460492	0.712229083	0.781359446	0.729683232	0.695237752	-0.068898954
1.416866607	0.54201	0.703881111	0.703676711	0.773358748	0.721103851	0.686658372	-0.069477637
1.436130148	0.54201	0.695513552	0.695312276	0.76535805	0.712736291	0.678290812	-0.069844499
1.455393688	0.54201	0.687340732	0.687126002	0.757357352	0.704563471	0.670117992	-0.070016621
1.474657228	0.54201	0.679338354	0.679108799	0.749356655	0.696561093	0.662115614	-0.070018301
1.493920769	0.54201	0.671487407	0.671252199	0.741355957	0.688710147	0.654264668	-0.069868549
1.513184309	0.54201	0.663778966	0.663548305	0.733355259	0.681001706	0.646556226	-0.069576293
1.532447849	0.54201	0.656211159	0.655989742	0.725354561	0.673433898	0.638988419	-0.069143402
1.55171139	0.54201	0.648783162	0.648569615	0.717353863	0.666005901	0.631560422	-0.068570701
1.57097493	0.54201	0.641491118	0.641281469	0.709353165	0.658713857	0.624268378	-0.067862047
1.590238471	0.54201	0.634327805	0.634119255	0.701352467	0.651550544	0.617105065	-0.067024662
1.609502011	0.54201	0.627284813	0.627077297	0.693351769	0.644507552	0.610062073	-0.066066956
1.628765551	0.54201	0.620354865	0.620150266	0.685351071	0.637577605	0.603132125	-0.064996206
1.648029092	0.54201	0.613532739	0.613333152	0.677350373	0.630755479	0.596309999	-0.063817634
1.667292632	0.54201	0.606814717	0.606621239	0.669349675	0.624037457	0.589591978	-0.062534957
1.686556172	0.54201	0.600197472	0.600010089	0.661348977	0.617420212	0.582974733	-0.061151505
1.705819713	0.54201	0.593677299	0.593495515	0.653348279	0.610900039	0.57645456	-0.05967098
1.725083253	0.54201	0.587250045	0.587073568	0.645347581	0.604472785	0.570027305	-0.058097536
1.744346794	0.54201	0.580911496	0.580740519	0.637346883	0.598134235	0.563688756	-0.056435387
1.763610334	0.54201	0.574657783	0.574492844	0.629346185	0.591880522	0.557435043	-0.054688403
1.782873874	0.54201	0.568485532	0.568327208	0.621345487	0.585708272	0.551262793	-0.052859955
1.802137415	0.54201	0.562391761	0.562240458	0.613344789	0.579614501	0.545169021	-0.050953028
1.821400955	0.54201	0.556373682	0.556229605	0.605344091	0.573596421	0.539150942	-0.04897041
1.840664495	0.54201	0.550428579	0.550291815	0.597343393	0.567651319	0.533205839	-0.046914814
1.859928036	0.54201	0.544553788	0.544424401	0.589342695	0.561776528	0.527331048	-0.044788907
1.879191576	0.54201	0.538746717	0.538624812	0.581341997	0.555969457	0.521523977	-0.04259528
1.898455117	0.54201	0.533004861	0.532890626	0.573341299	0.5502276	0.515782121	-0.040336439
1.917718657	0.54201	0.527325801	0.527219538	0.565340601	0.544548541	0.510103061	-0.0380148
1.936982197	0.54201	0.521707249	0.521609359	0.557339903	0.538929989	0.50448451	-0.035632654
1.956245738	0.54201	0.516147136	0.516058003	0.549339205	0.533369875	0.498924396	-0.03319207
1.975509278	0.54201	0.510643682	0.510563486	0.541338507	0.527866422	0.493420943	-0.030694825
1.994772818	0.54201	0.505195331	0.505123915	0.533337809	0.52241807	0.487972591	-0.028142479
2.014036359	0.54201	0.499800488	0.499737487	0.525337112	0.517023227	0.482577748	-0.025536624
2.033299899	0.54201	0.494457225	0.494402482	0.517336414	0.511679965	0.477234486	-0.022879188
2.05256344	0.54201	0.489163232	0.489117257	0.509335716	0.506385971	0.471940492	-0.020172484
2.07182698	0.54201	0.483916223	0.483880245	0.501335018	0.501138963	0.466693484	-0.017418794
2.09109052	0.54201	0.478714673	0.478689947	0.49333432	0.495937413	0.461491934	-0.014619646
2.110354061	0.54201	0.473558272	0.47354493	0.485333622	0.490781012	0.456335533	-0.011775349
2.129617601	0.54201	0.468447463	0.468443825	0.477332924	0.485670203	0.451224723	-0.008885461
2.148881141	0.54201	0.463381954	0.463385321	0.469332226	0.480604694	0.446159214	-0.005950272
2.168144682	0.54201	0.458359153	0.458368162	0.461331528	0.475581893	0.441136414	-0.002972375
2.187408222	0.54201	0.453374114	0.453391146	0.45333083	0.470596854	0.436151375	4.33E-05
2.206671762	0.54201	0.448421993	0.44845312	0.445330132	0.465644732	0.431199253	0.003091861
2.225935303	0.54201	0.443501962	0.443552981	0.437329434	0.460724701	0.426279222	0.006172528
2.245198843	0.54201	0.438619376	0.438689668	0.429328736	0.455842116	0.421396636	0.00929064
2.264462384	0.54201	0.433782822	0.433862165	0.421328038	0.451005562	0.416560083	0.012454784
2.283725924	0.54201	0.428996022	0.429069496	0.41332734	0.446218761	0.411773282	0.015668682
2.302989464	0.54201	0.424249913	0.424310722	0.405326642	0.441472653	0.407027174	0.018923271
2.322253005	0.54201	0.419523299	0.419584944	0.397325944	0.436746039	0.40230056	0.022197355
2.341516545	0.54201	0.41479657	0.414891294	0.389325246	0.43201931	0.39757383	0.025471324
2.360780085	0.54201	0.410072125	0.410228941	0.381324548	0.427294864	0.392849385	0.028747576
2.380043626	0.54201	0.405384317	0.405597084	0.37332385	0.422607057	0.388161578	0.032060467
2.399307166	0.54201	0.400782375	0.400994951	0.365323152	0.418005115	0.383559636	0.035459223
2.418570707	0.54201	0.396287792	0.3964218	0.357322454	0.413510532	0.379065053	0.038965338
2.437834247	0.54201	0.391854742	0.391876916	0.349321756	0.409077482	0.374632003	0.042532986
2.457097787	0.54201	0.387375607	0.387359611	0.341321058	0.404598347	0.370152867	0.046054549
2.476361328	0.54201	0.382752611	0.382869221	0.33332036	0.399975351	0.365529871	0.049432251
2.495624868	0.54201	0.378002992	0.378405105	0.325319662	0.395225732	0.360780253	0.05268333
2.514888408	0.54201	0.373314036	0.373966647	0.317318964	0.390536776	0.356091297	0.055995072
2.534151949	0.54201	0.36896459	0.36955325	0.309318266	0.386187329	0.35174185	0.059646323
2.553415489	0.54201	0.365103498	0.36516434	0.301317569	0.382326237	0.347880758	0.063785929
2.57267903	0.54201	0.361487374	0.360799362	0.293316871	0.378710114	0.344264635	0.068170504
2.59194257	0.54201	0.357350007	0.35645778	0.285316173	0.374572746	0.340127267	0.072033834
2.61120611	0.54201	0.351536096	0.352139075	0.277315475	0.368758835	0.334313356	0.074220621
2.630469651	0.54201	0.342888905	0.347842747	0.269314777	0.360111644	0.325666165	0.073574128
0.723379154	0.67751	1.115144166	1.117749933	1.063262925	1.132366906	1.097921426	0.051881241
0.742642694	0.67751	1.113766691	1.113274872	1.055262227	1.13098943	1.096543951	0.058504464
0.761906235	0.67751	1.1109589	1.109159383	1.047261529	1.128181639	1.09373616	0.063697371
0.781169775	0.67751	1.106575829	1.105307915	1.039260831	1.123798569	1.08935309	0.067314998
0.800433315	0.67751	1.101171144	1.101627002	1.031260133	1.118393884	1.083948405	0.069911011
0.819696856	0.67751	1.095974911	1.098020065	1.023259435	1.113197651	1.078752171	0.072715476
0.838960396	0.67751	1.092321599	1.094380577	1.015258737	1.109544338	1.075098859	0.077062861
0.858223937	0.67751	1.090671953	1.090583374	1.007258039	1.107894693	1.073449214	0.083413914
0.877487477	0.67751	1.089800519	1.086469735	0.999257341	1.107023258	1.072577779	0.090543177
0.896751017	0.67751	1.086831672	1.081812382	0.991256643	1.104054412	1.069608933	0.095575029
0.916014558	0.67751	1.078380361	1.076230242	0.983255945	1.0956031	1.061157621	0.095124415
0.935278098	0.67751	1.062295966	1.068945106	0.975255247	1.079518705	1.045073226	0.087040718
0.954541638	0.67751	1.038974231	1.02168393	0.96725455	1.05619697	1.021751491	0.071719681
0.973805179	0.67751	1.011363309	0.998786285	0.959253852	1.028586048	0.994140569	0.052109457
0.993068719	0.67751	0.983601083	0.978426949	0.951253154	1.000823823	0.966378344	0.03234793
1.012332259	0.67751	0.959107224	0.959722671	0.943252456	0.976329963	0.941884484	0.015854768
1.0315958	0.67751	0.939262246	0.942260054	0.935251758	0.956484985	0.922039506	0.004010488
1.05085934	0.67751	0.923337542	0.925800014	0.92725106	0.940560282	0.906114803	-0.003913518
1.070122881	0.67751	0.909488922	0.910185063	0.919250362	0.926711661	0.892266182	-0.00976144
1.089386421	0.67751	0.896025668	0.895302716	0.911249664	0.913248408	0.878802928	-0.015223996
1.108649961	0.67751	0.882181877	0.881068385	0.903248966	0.899404617	0.864959138	-0.021067088
1.127913502	0.67751	0.868113487	0.867415858	0.895248268	0.885336227	0.850890748	-0.027134781
1.147177042	0.67751	0.854384012	0.8542914	0.88724757	0.871606751	0.837161272	-0.032863558
1.166440582	0.67751	0.841422008	0.841650044	0.879246872	0.858644747	0.824199268	-0.037824864
1.185704123	0.67751	0.829283775	0.829453266	0.871246174	0.846506515	0.812061036	-0.041962399
1.204967663	0.67751	0.817747245	0.817667496	0.863245476	0.834969984	0.800524505	-0.045498231
1.224231204	0.67751	0.806547523	0.806263113	0.855244778	0.823770262	0.789324783	-0.048697255
1.243494744	0.67751	0.795547842	0.795213728	0.84724408	0.812770582	0.778325102	-0.051696238
1.262758284	0.67751	0.784760937	0.784495654	0.839243382	0.801983677	0.767538198	-0.054482445
1.282021825	0.67751	0.774265686	0.774087496	0.831242684	0.791488425	0.757042946	-0.056976998
1.301285365	0.67751	0.764114613	0.763969831	0.823241986	0.781337353	0.746891874	-0.059127373
1.320548905	0.67751	0.754296609	0.75412495	0.815241288	0.771519349	0.737073869	-0.060944679
1.339812446	0.67751	0.74475781	0.744536647	0.80724059	0.76198055	0.727535071	-0.06248278
1.359075986	0.67751	0.735444023	0.735190047	0.799239892	0.752666763	0.718221284	-0.063795869
1.378339527	0.67751	0.726327931	0.72607146	0.791239194	0.74355067	0.709105191	-0.064911263
1.397603067	0.67751	0.717408587	0.717168252	0.783238496	0.734631327	0.700185848	-0.065829909
1.416866607	0.67751	0.708693973	0.708468745	0.775237798	0.725916713	0.691471234	-0.066543825
1.436130148	0.67751	0.700184631	0.699962117	0.7672371	0.717407371	0.682961892	-0.067052469
1.455393688	0.67751	0.691868921	0.691638327	0.759236402	0.709091661	0.674646182	-0.067367481
1.474657228	0.67751	0.68372873	0.68348804	0.751235704	0.700951469	0.66650599	-0.067506975
1.493920769	0.67751	0.675747924	0.675502565	0.743235007	0.692970664	0.658525184	-0.067487082
1.513184309	0.67751	0.667916843	0.667673799	0.735234309	0.685139583	0.650694104	-0.067317465
1.532447849	0.67751	0.660231224	0.659994175	0.727233611	0.677453963	0.643008484	-0.067002387
1.55171139	0.67751	0.652688253	0.652456624	0.719232913	0.669910992	0.635465513	-0.06654466
1.57097493	0.67751	0.645283379	0.645054524	0.711232215	0.662506118	0.628060639	-0.065948836
1.590238471	0.67751	0.638009693	0.637781675	0.703231517	0.655232432	0.620786953	-0.065221824
1.609502011	0.67751	0.630859355	0.630632258	0.695230819	0.648082095	0.613636615	-0.064371464
1.628765551	0.67751	0.623825367	0.623600809	0.687230121	0.641048106	0.606602627	-0.063404754
1.648029092	0.67751	0.616902387	0.616682193	0.679229423	0.634125126	0.599679647	-0.062327036
1.667292632	0.67751	0.610086379	0.609871578	0.671228725	0.627309118	0.592863639	-0.061142346
1.686556172	0.67751	0.603373728	0.603164412	0.663228027	0.620596467	0.586150988	-0.059854299
1.705819713	0.67751	0.596760578	0.596556405	0.655227329	0.613983318	0.579537839	-0.058466751
1.725083253	0.67751	0.590242726	0.590043509	0.647226631	0.607465466	0.573019987	-0.056983905
1.744346794	0.67751	0.583815927	0.5836219	0.639225933	0.601038667	0.566593188	-0.055410006
1.763610334	0.67751	0.577476249	0.577287967	0.631225235	0.594698988	0.560253509	-0.053748986
1.782873874	0.67751	0.57122022	0.571038291	0.623224537	0.58844296	0.553997481	-0.052004317
1.802137415	0.67751	0.565044756	0.564869639	0.615223839	0.582267495	0.547822016	-0.050179083
1.821400955	0.67751	0.558946985	0.558778946	0.607223141	0.576169725	0.541724245	-0.048276156
1.840664495	0.67751	0.552924133	0.552763307	0.599222443	0.570146872	0.535701393	-0.046298311
1.859928036	0.67751	0.546973483	0.546819967	0.591221745	0.564196223	0.529750743	-0.044248262
1.879191576	0.67751	0.541092392	0.540946308	0.583221047	0.558315131	0.523869652	-0.042128656
1.898455117	0.67751	0.535278288	0.535139847	0.575220349	0.552501028	0.518055549	-0.039942061
1.917718657	0.67751	0.529528684	0.52939822	0.567219651	0.546751423	0.512305944	-0.037690967
1.936982197	0.67751	0.523841217	0.52371918	0.559218953	0.541063957	0.506618478	-0.035377736
1.956245738	0.67751	0.518213757	0.518100589	0.551218255	0.535436497	0.500991018	-0.033004498
1.975509278	0.67751	0.512644477	0.512540408	0.543217557	0.529867217	0.495421738	-0.03057308
1.994772818	0.67751	0.507131789	0.507036698	0.535216859	0.524354528	0.489909049	-0.028085071
2.014036359	0.67751	0.501674078	0.501587607	0.527216161	0.518896818	0.484451339	-0.025542083
2.033299899	0.67751	0.496269397	0.496191369	0.519215463	0.513492137	0.479046657	-0.022946067
2.05256344	0.67751	0.490915392	0.490846298	0.511214766	0.508138132	0.473692653	-0.020299373
2.07182698	0.67751	0.485609708	0.485550785	0.503214068	0.502832448	0.468386969	-0.017604359
2.09109052	0.67751	0.480350714	0.480303291	0.49521337	0.497573454	0.463127975	-0.014862655
2.110354061	0.67751	0.475137995	0.475102346	0.487212672	0.492360734	0.457915255	-0.012074677
2.129617601	0.67751	0.469971933	0.469946541	0.479211974	0.487194672	0.452749193	-0.009240041
2.148881141	0.67751	0.464852278	0.464834531	0.471211276	0.482075018	0.447629539	-0.006358998
2.168144682	0.67751	0.459776589	0.459765026	0.463210578	0.476999329	0.44255385	-0.003433989
2.187408222	0.67751	0.454740106	0.454736791	0.45520988	0.471962845	0.437517366	-0.000469774
2.206671762	0.67751	0.449738035	0.449748642	0.447209182	0.466960775	0.432515296	0.002528854
2.225935303	0.67751	0.444769295	0.444799444	0.439208484	0.461992035	0.427546556	0.005560811
2.245198843	0.67751	0.439838633	0.439888107	0.431207786	0.457061373	0.422615894	0.008630847
2.264462384	0.67751	0.434953939	0.435013588	0.423207088	0.452176679	0.4177312	0.011746851
2.283725924	0.67751	0.430118694	0.430174881	0.41520639	0.447341433	0.412895954	0.014912304
2.302989464	0.67751	0.425324598	0.425371023	0.407205692	0.442547338	0.408101859	0.018118906
2.322253005	0.67751	0.420552245	0.420601089	0.399204994	0.437774985	0.403329506	0.021347251
2.341516545	0.67751	0.41578392	0.415864187	0.391204296	0.433006659	0.39856118	0.024579624
2.360780085	0.67751	0.411022307	0.411159461	0.383203598	0.428245047	0.393799568	0.027818709
2.380043626	0.67751	0.406298986	0.406486088	0.3752029	0.423521726	0.389076247	0.031096086
2.399307166	0.67751	0.401657707	0.401843273	0.367202202	0.418880447	0.384434968	0.034455505
2.418570707	0.67751	0.397114911	0.397230254	0.359201504	0.41433765	0.379892171	0.037913407
2.437834247	0.67751	0.392625036	0.392646296	0.351200806	0.409847776	0.375402297	0.04142423
2.457097787	0.67751	0.388089417	0.388090689	0.343200108	0.405312157	0.370866677	0.044889309
2.476361328	0.67751	0.38342573	0.38356275	0.33519941	0.40064847	0.366202991	0.04822632
2.495624868	0.67751	0.378663846	0.379061821	0.327198712	0.395886585	0.361441106	0.051465133
2.514888408	0.67751	0.373988019	0.374587265	0.319198014	0.391210759	0.35676528	0.054790005
2.534151949	0.67751	0.369650367	0.370138471	0.311197316	0.386873106	0.352427627	0.05845305
2.553415489	0.67751	0.365754405	0.365714846	0.303196618	0.382977145	0.348531666	0.062557787
2.57267903	0.67751	0.362012843	0.361315819	0.29519592	0.379235583	0.344790103	0.066816922
2.59194257	0.67751	0.357643582	0.356940837	0.287195223	0.374866322	0.340420843	0.07044836
2.61120611	0.67751	0.351521601	0.352589368	0.279194525	0.36874434	0.334298861	0.072327076
2.630469651	0.67751	0.342563682	0.348260895	0.271193827	0.359786421	0.325340942	0.071369855
0.723379154	0.94851	1.110009029	1.111331029	1.067021025	1.127231769	1.09278629	0.042988004
0.742642694	0.94851	1.10620368	1.106654322	1.059020327	1.12342642	1.08898094	0.047183353
0.761906235	0.94851	1.102403417	1.102346024	1.051019629	1.119626157	1.085180677	0.051383788
0.781169775	0.94851	1.098765393	1.098312957	1.043018931	1.115988133	1.081542654	0.055746462
0.800433315	0.94851	1.095095944	1.094465689	1.035018233	1.112318684	1.077873204	0.060077711
0.819696856	0.94851	1.09102576	1.090714672	1.027017535	1.108248499	1.07380302	0.064008225
0.838960396	0.94851	1.086426912	1.0869657	1.019016837	1.103649651	1.069204172	0.067410075
0.858223937	0.94851	1.081719776	1.083114626	1.011016139	1.098942516	1.064497036	0.070703637
0.877487477	0.94851	1.077679231	1.079038944	1.003015441	1.09490197	1.060456491	0.074663789
0.896751017	0.94851	1.074679637	1.074580231	0.995014743	1.091902377	1.057456897	0.079664894
0.916014558	0.94851	1.071840787	1.069509005	0.987014045	1.089063526	1.054618047	0.084826741
0.935278098	0.94851	1.066821085	1.063450146	0.979013347	1.084043825	1.049598345	0.087807738
0.954541638	0.94851	1.056702199	1.055677314	0.971012649	1.073924939	1.039479459	0.08568955
0.973805179	0.94851	1.039624542	1.044400313	0.963011951	1.056847282	1.022401803	0.076612591
0.993068719	0.94851	1.016143857	1.0046619	0.955011253	1.033366596	0.998921117	0.061132603
1.012332259	0.94851	0.989301644	0.981838819	0.947010555	1.006524384	0.972078905	0.042291089
1.0315958	0.94851	0.963225519	0.96235753	0.939009858	0.980448258	0.946002779	0.024215661
1.05085934	0.94851	0.941108349	0.94454417	0.93100916	0.958331088	0.923885609	0.010099189
1.070122881	0.94851	0.923847499	0.927909159	0.923008462	0.941070239	0.90662476	0.000839038
1.089386421	0.94851	0.910120703	0.912200463	0.915007764	0.927343443	0.892897964	-0.00488706
1.108649961	0.94851	0.897655116	0.897260799	0.907007066	0.914877855	0.880432376	-0.00935195
1.127913502	0.94851	0.88470996	0.882983256	0.899006368	0.901932699	0.86748722	-0.014296408
1.147177042	0.94851	0.870838683	0.869290682	0.89100567	0.888061422	0.853615943	-0.020166987
1.166440582	0.94851	0.85666231	0.856124155	0.883004972	0.87388505	0.839439571	-0.026342661
1.185704123	0.94851	0.843080924	0.843436374	0.875004274	0.860303664	0.825858185	-0.03192335
1.204967663	0.94851	0.830586519	0.831187905	0.867003576	0.847809258	0.813363779	-0.036417057
1.224231204	0.94851	0.819074148	0.819344996	0.859002878	0.836296888	0.801851408	-0.03992873
1.243494744	0.94851	0.808101365	0.807878215	0.85100218	0.825324105	0.790878626	-0.042900815
1.262758284	0.94851	0.797273873	0.796761552	0.843001482	0.814496613	0.780051134	-0.045727609
1.282021825	0.94851	0.786464446	0.785971782	0.835000784	0.803687186	0.769241707	-0.048536338
1.301285365	0.94851	0.775783075	0.775488001	0.827000086	0.793005815	0.758560335	-0.051217011
1.320548905	0.94851	0.765406915	0.76529127	0.818999388	0.782629655	0.748184176	-0.053592473
1.339812446	0.94851	0.755430417	0.755364347	0.81099869	0.772653157	0.738207678	-0.055568273
1.359075986	0.94851	0.745824671	0.745691461	0.802997992	0.76304741	0.728601931	-0.057173321
1.378339527	0.94851	0.73649184	0.736258139	0.794997294	0.75371458	0.719269101	-0.058505454
1.397603067	0.94851	0.727344442	0.727051056	0.786996596	0.744567182	0.710121703	-0.059652154
1.416866607	0.94851	0.718349238	0.718057913	0.778995898	0.735571977	0.701126498	-0.06064666
1.436130148	0.94851	0.709520665	0.709267331	0.7709952	0.726743404	0.692297925	-0.061474536
1.455393688	0.94851	0.700886783	0.70066876	0.762994502	0.718109523	0.683664043	-0.062107719
1.474657228	0.94851	0.692459774	0.692252401	0.754993804	0.709682513	0.675237034	-0.062534031
1.493920769	0.94851	0.684228118	0.684009134	0.746993106	0.701450857	0.667005378	-0.062764989
1.513184309	0.94851	0.676167278	0.675930464	0.738992408	0.693390018	0.658944539	-0.06282513
1.532447849	0.94851	0.668255047	0.668008461	0.73099171	0.685477786	0.651032307	-0.062736664
1.55171139	0.94851	0.660479952	0.660235712	0.722991012	0.677702692	0.643257212	-0.062511061
1.57097493	0.94851	0.65283995	0.652605283	0.714990315	0.670062689	0.63561721	-0.062150365
1.590238471	0.94851	0.645335877	0.645110676	0.706989617	0.662558616	0.628113137	-0.06165374
1.609502011	0.94851	0.637965818	0.637745796	0.698988919	0.655188558	0.620743079	-0.0610231
1.628765551	0.94851	0.630723623	0.630504921	0.690988221	0.647946362	0.613500883	-0.060264598
1.648029092	0.94851	0.623600915	0.623382669	0.682987523	0.640823655	0.606378176	-0.059386607
1.667292632	0.94851	0.616589977	0.61637398	0.674986825	0.633812716	0.599367237	-0.058396848
1.686556172	0.94851	0.609685301	0.609474085	0.666986127	0.626908041	0.592462562	-0.057300826
1.705819713	0.94851	0.602883326	0.602678488	0.658985429	0.620106066	0.585660587	-0.056102102
1.725083253	0.94851	0.596181192	0.595982949	0.650984731	0.613403932	0.578958453	-0.054803538
1.744346794	0.94851	0.589575676	0.589383459	0.642984033	0.606798416	0.572352937	-0.053408357
1.763610334	0.94851	0.583062905	0.582876234	0.634983335	0.600285645	0.565840165	-0.05192043
1.782873874	0.94851	0.576638725	0.57645769	0.626982637	0.593861464	0.559415985	-0.050343912
1.802137415	0.94851	0.570299236	0.570124436	0.618981939	0.587521976	0.553076496	-0.048682703
1.821400955	0.94851	0.564041097	0.563873259	0.610981241	0.581263836	0.546818357	-0.046940144
1.840664495	0.94851	0.557861479	0.557701111	0.602980543	0.575084219	0.54063874	-0.045119064
1.859928036	0.94851	0.551757822	0.551605101	0.594979845	0.568980562	0.534535083	-0.043222023
1.879191576	0.94851	0.545727584	0.545582485	0.586979147	0.562950323	0.528504844	-0.041251563
1.898455117	0.94851	0.539768116	0.539630653	0.578978449	0.556990856	0.522545377	-0.039210333
1.917718657	0.94851	0.533876715	0.533747125	0.570977751	0.551099455	0.516653976	-0.037101036
1.936982197	0.94851	0.528050776	0.527929542	0.562977053	0.545273516	0.510828036	-0.034926277
1.956245738	0.94851	0.522287987	0.522175657	0.554976355	0.539510727	0.505065248	-0.032688368
1.975509278	0.94851	0.516586428	0.516483331	0.546975657	0.533809168	0.499363689	-0.030389229
1.994772818	0.94851	0.510944471	0.510850523	0.538974959	0.528167211	0.493721732	-0.028030488
2.014036359	0.94851	0.505360477	0.505275288	0.530974261	0.522583217	0.488137738	-0.025613784
2.033299899	0.94851	0.499832457	0.499755769	0.522973563	0.517055196	0.482609717	-0.023141106
2.05256344	0.94851	0.494357985	0.494290195	0.514972865	0.511580725	0.477135245	-0.02061488
2.07182698	0.94851	0.488934582	0.488876871	0.506972167	0.506157321	0.471711842	-0.018037586
2.09109052	0.94851	0.483560432	0.48351418	0.498971469	0.500783171	0.466337692	-0.015411038
2.110354061	0.94851	0.478234902	0.478200572	0.490970772	0.495457641	0.461012162	-0.01273587
2.129617601	0.94851	0.472958214	0.472934568	0.482970074	0.490180954	0.455735474	-0.01001186
2.148881141	0.94851	0.467730143	0.467714749	0.474969376	0.484952883	0.450507404	-0.007239232
2.168144682	0.94851	0.46254852	0.462539758	0.466968678	0.479771259	0.44532578	-0.004420158
2.187408222	0.94851	0.457408971	0.457408293	0.45896798	0.474631711	0.440186232	-0.001559008
2.206671762	0.94851	0.452306857	0.452319107	0.450967282	0.469529597	0.435084118	0.001339575
2.225935303	0.94851	0.447240602	0.447271004	0.442966584	0.464463342	0.430017863	0.004274018
2.245198843	0.94851	0.442213739	0.442262836	0.434965886	0.459436479	0.424991	0.007247854
2.264462384	0.94851	0.437232801	0.437293501	0.426965188	0.454455541	0.420010062	0.010267614
2.283725924	0.94851	0.432300942	0.432361941	0.41896449	0.449523681	0.415078202	0.013336452
2.302989464	0.94851	0.427411605	0.427467139	0.410963792	0.444634344	0.410188865	0.016447813
2.322253005	0.94851	0.422548964	0.422608118	0.402963094	0.439771703	0.405326224	0.01958587
2.341516545	0.94851	0.41769852	0.417783938	0.394962396	0.43492126	0.40047578	0.022736124
2.360780085	0.94851	0.412862386	0.412993695	0.386961698	0.430085125	0.395639646	0.025900688
2.380043626	0.94851	0.408065605	0.40823652	0.378961	0.425288345	0.390842866	0.029104605
2.399307166	0.94851	0.403341484	0.403511575	0.370960302	0.420564224	0.386118744	0.032381182
2.418570707	0.94851	0.398699277	0.398818053	0.362959604	0.415922017	0.381476538	0.035739673
2.437834247	0.94851	0.394098398	0.394155179	0.354958906	0.411321138	0.376875659	0.039139492
2.457097787	0.94851	0.389460795	0.389522202	0.346958208	0.406683535	0.372238055	0.042502587
2.476361328	0.94851	0.384731903	0.384918401	0.33895751	0.401954643	0.367509164	0.045774393
2.495624868	0.94851	0.379956309	0.38034308	0.330956812	0.397179048	0.362733569	0.048999496
2.514888408	0.94851	0.375298435	0.375795567	0.322956114	0.392521174	0.358075695	0.05234232
2.534151949	0.94851	0.370949613	0.371275214	0.314955416	0.388172353	0.353726874	0.055994197
2.553415489	0.94851	0.366931863	0.366781394	0.306954718	0.384154602	0.349709123	0.059977145
2.57267903	0.94851	0.362898389	0.362313504	0.29895402	0.380121129	0.34567565	0.063944369
2.59194257	0.94851	0.35807335	0.357870959	0.290953322	0.375296089	0.34085061	0.067120027
2.61120611	0.94851	0.351421283	0.353453195	0.282952624	0.368644022	0.334198543	0.068468658
2.630469651	0.94851	0.342008067	0.349059667	0.274951926	0.359230807	0.324785328	0.067056141
0.723379154	1.08401	1.10740502	1.108151349	1.068900075	1.124627759	1.09018228	0.038504945
0.742642694	1.08401	1.102962595	1.103375166	1.060899377	1.120185334	1.085739855	0.042063218
0.761906235	1.08401	1.098708183	1.098971756	1.052898679	1.115930922	1.081485443	0.045809504
0.781169775	1.08401	1.094936055	1.094848943	1.044897981	1.112158795	1.077713316	0.050038074
0.800433315	1.08401	1.091474117	1.090918955	1.036897283	1.108696857	1.074251377	0.054576834
0.819696856	1.08401	1.087774472	1.087095015	1.028896585	1.104997212	1.070551732	0.058877887
0.838960396	1.08401	1.083370801	1.083287522	1.020895887	1.10059354	1.066148061	0.062474914
0.858223937	1.08401	1.078386554	1.079399762	1.012895189	1.095609294	1.061163815	0.065491365
0.877487477	1.08401	1.073610775	1.07532132	1.004894491	1.090833515	1.056388036	0.068716284
0.896751017	1.08401	1.069885451	1.0709151	0.996893793	1.087108191	1.052662712	0.072991658
0.916014558	1.08401	1.067101288	1.065993474	0.988893095	1.084324028	1.049878549	0.078208193
0.935278098	1.08401	1.063567779	1.060273016	0.980892397	1.080790519	1.04634504	0.082675382
0.954541638	1.08401	1.056444182	1.053263438	0.972891699	1.073666921	1.039221442	0.083552482
0.973805179	1.08401	1.043210181	1.043970404	0.964891001	1.060432921	1.025987442	0.07831918
0.993068719	1.08401	1.023302444	1.029903165	0.956890303	1.040525184	1.006079704	0.066412141
1.012332259	1.08401	0.998760523	0.993666188	0.948889605	1.015983263	0.981537784	0.049870918
1.0315958	1.08401	0.973333254	0.97257891	0.940888907	0.990555994	0.956110515	0.032444347
1.05085934	1.08401	0.950577275	0.953944664	0.93288821	0.967800015	0.933354536	0.017689066
1.070122881	1.08401	0.932186486	0.936714087	0.924887512	0.949409226	0.914963746	0.007298975
1.089386421	1.08401	0.917572218	0.920553495	0.916886814	0.934794957	0.900349478	0.000685404
1.108649961	1.08401	0.904779756	0.905247796	0.908886116	0.922002495	0.887557016	-0.00410636
1.127913502	1.08401	0.891940453	0.890656159	0.900885418	0.909163193	0.874717714	-0.008944964
1.147177042	1.08401	0.878263016	0.876682829	0.89288472	0.895485756	0.861040277	-0.014621703
1.166440582	1.08401	0.86408688	0.863258813	0.884884022	0.88130962	0.846864141	-0.020797142
1.185704123	1.08401	0.850242143	0.850331133	0.876883324	0.867464883	0.833019403	-0.026641181
1.204967663	1.08401	0.837333055	0.837856898	0.868882626	0.854555794	0.820110315	-0.031549571
1.224231204	1.08401	0.825420107	0.825800072	0.860881928	0.842642847	0.808197368	-0.035461821
1.243494744	1.08401	0.814163713	0.814129615	0.85288123	0.831386453	0.796940974	-0.038717517
1.262758284	1.08401	0.803172634	0.802818327	0.844880532	0.820395373	0.785949894	-0.041707898
1.282021825	1.08401	0.792258053	0.791842068	0.836879834	0.809480792	0.775035313	-0.044621781
1.301285365	1.08401	0.781463491	0.781179206	0.828879136	0.79868623	0.764240751	-0.047415645
1.320548905	1.08401	0.770934513	0.770810211	0.820878438	0.788157253	0.753711774	-0.049943925
1.339812446	1.08401	0.760772953	0.760717344	0.81287774	0.777995693	0.743550214	-0.052104787
1.359075986	1.08401	0.750976234	0.750884411	0.804877042	0.768198974	0.733753495	-0.053900808
1.378339527	1.08401	0.741468857	0.741296572	0.796876344	0.758691597	0.724246117	-0.055407487
1.397603067	1.08401	0.7321703	0.731940177	0.788875646	0.749393039	0.71494756	-0.056705347
1.416866607	1.08401	0.723041018	0.722802638	0.780874948	0.740263757	0.705818278	-0.05783393
1.436130148	1.08401	0.714084769	0.713872314	0.77287425	0.731307509	0.69686203	-0.058789481
1.455393688	1.08401	0.705322323	0.705138419	0.764873552	0.722545062	0.688099583	-0.05955123
1.474657228	1.08401	0.696764575	0.696590937	0.756872854	0.713987315	0.679541836	-0.060108279
1.493920769	1.08401	0.68840283	0.688220548	0.748872156	0.70562557	0.671180091	-0.060469326
1.513184309	1.08401	0.68021603	0.680018572	0.740871458	0.69743877	0.662993291	-0.060655428
1.532447849	1.08401	0.672183743	0.671976907	0.73287076	0.689406483	0.654961003	-0.060687017
1.55171139	1.08401	0.664294194	0.664087983	0.724870062	0.681516933	0.647071454	-0.060575869
1.57097493	1.08401	0.65654393	0.656344713	0.716869364	0.67376667	0.639321191	-0.060325434
1.590238471	1.08401	0.648932474	0.648740463	0.708868667	0.666155214	0.631709735	-0.059936192
1.609502011	1.08401	0.641457317	0.641269004	0.700867969	0.658680057	0.624234578	-0.059410651
1.628765551	1.08401	0.634112383	0.633924492	0.692867271	0.651335123	0.616889644	-0.058754887
1.648029092	1.08401	0.626889636	0.626701431	0.684866573	0.644112375	0.609666896	-0.057976937
1.667292632	1.08401	0.619781585	0.619594647	0.676865875	0.637004324	0.602558845	-0.05708429
1.686556172	1.08401	0.612782704	0.612599271	0.668865177	0.630005444	0.595559965	-0.056082473
1.705819713	1.08401	0.605889228	0.605710707	0.660864479	0.623111968	0.588666489	-0.05497525
1.725083253	1.08401	0.599098054	0.598924623	0.652863781	0.616320794	0.581875314	-0.053765727
1.744346794	1.08401	0.592405779	0.592236923	0.644863083	0.609628519	0.57518304	-0.052457304
1.763610334	1.08401	0.585808439	0.585643737	0.636862385	0.603031178	0.568585699	-0.051053946
1.782873874	1.08401	0.579301841	0.579141404	0.628861687	0.59652458	0.562079101	-0.049559846
1.802137415	1.08401	0.57288206	0.572726456	0.620860989	0.590104799	0.55565932	-0.047978929
1.821400955	1.08401	0.566545708	0.566395607	0.612860291	0.583768448	0.549322968	-0.046314583
1.840664495	1.08401	0.560289885	0.560145743	0.604859593	0.577512625	0.543067146	-0.044569708
1.859928036	1.08401	0.55411194	0.553973905	0.596858895	0.57133468	0.5368892	-0.042746955
1.879191576	1.08401	0.548009232	0.547877288	0.588858197	0.565231972	0.530786493	-0.040848965
1.898455117	1.08401	0.541979035	0.541853221	0.580857499	0.559201774	0.524756295	-0.038878464
1.917718657	1.08401	0.536018593	0.535899169	0.572856801	0.553241332	0.518795853	-0.036838208
1.936982197	1.08401	0.530125294	0.530012715	0.564856103	0.547348033	0.512902554	-0.034730809
1.956245738	1.08401	0.524296834	0.524191563	0.556855405	0.541519574	0.507074095	-0.032558571
1.975509278	1.08401	0.518531276	0.518433521	0.548854707	0.535754016	0.501308537	-0.030323431
1.994772818	1.08401	0.5128269	0.512736502	0.540854009	0.53004964	0.495604161	-0.028027109
2.014036359	1.08401	0.507181895	0.507098515	0.532853311	0.524404635	0.489959156	-0.025671416
2.033299899	1.08401	0.50159408	0.501517657	0.524852613	0.51881682	0.484371341	-0.023258533
2.05256344	1.08401	0.496060939	0.495992116	0.516851915	0.513283679	0.4788382	-0.020790976
2.07182698	1.08401	0.490580108	0.490520155	0.508851217	0.507802847	0.473357368	-0.01827111
2.09109052	1.08401	0.485150076	0.485100118	0.500850519	0.502372816	0.467927337	-0.015700443
2.110354061	1.08401	0.479770519	0.479730419	0.492849821	0.496993259	0.46254778	-0.013079302
2.129617601	1.08401	0.47444166	0.474409541	0.484849123	0.4916644	0.457218921	-0.010407463
2.148881141	1.08401	0.469162742	0.46913603	0.476848426	0.486385481	0.451940002	-0.007685684
2.168144682	1.08401	0.463930637	0.463908496	0.468847728	0.481153377	0.446707898	-0.00491709
2.187408222	1.08401	0.458740138	0.458725606	0.46084703	0.475962878	0.441517399	-0.002106891
2.206671762	1.08401	0.453586668	0.453586079	0.452846332	0.470809407	0.436363928	0.000740336
2.225935303	1.08401	0.448470089	0.448488691	0.444845634	0.465692829	0.43124735	0.003624456
2.245198843	1.08401	0.443396332	0.443432264	0.436844936	0.460619072	0.426173593	0.006551397
2.264462384	1.08401	0.438373776	0.438415669	0.428844238	0.455596515	0.421151036	0.009529538
2.283725924	1.08401	0.433404896	0.43343782	0.42084354	0.450627636	0.416182157	0.012561357
2.302989464	1.08401	0.428478905	0.428497675	0.412842842	0.445701644	0.411256165	0.015636063
2.322253005	1.08401	0.423573558	0.42359423	0.404842144	0.440796298	0.406350819	0.018731414
2.341516545	1.08401	0.418669882	0.418726523	0.396841446	0.435892622	0.401447143	0.021828436
2.360780085	1.08401	0.413772535	0.413893626	0.388840748	0.430995275	0.396549796	0.024931787
2.380043626	1.08401	0.408918431	0.409094647	0.38084005	0.426141171	0.391695692	0.028078382
2.399307166	1.08401	0.404157872	0.404328725	0.372839352	0.421380612	0.386935133	0.03131852
2.418570707	1.08401	0.399510981	0.399595034	0.364838654	0.416733721	0.382288242	0.034672327
2.437834247	1.08401	0.394928658	0.394892777	0.356837956	0.412151398	0.377705919	0.038090702
2.457097787	1.08401	0.390299528	0.390221183	0.348837258	0.407522267	0.373076788	0.04146227
2.476361328	1.08401	0.385522585	0.385579513	0.34083656	0.402745325	0.368299846	0.044686025
2.495624868	1.08401	0.380612602	0.380967052	0.332835862	0.397835341	0.363389862	0.04777674
2.514888408	1.08401	0.37575616	0.37638311	0.324835164	0.392978899	0.35853342	0.050920996
2.534151949	1.08401	0.371237199	0.37182702	0.316834466	0.388459939	0.354014459	0.054402733
2.553415489	1.08401	0.36722257	0.367298142	0.308833768	0.384445309	0.34999983	0.058388801
2.57267903	1.08401	0.36350584	0.362795852	0.30083307	0.38072858	0.346283101	0.06267277
2.59194257	1.08401	0.359374907	0.358319553	0.292832372	0.376597646	0.342152167	0.066542535
2.61120611	1.08401	0.353731965	0.353868663	0.284831674	0.370954705	0.336509226	0.068900291
2.630469651	1.08401	0.34545866	0.349442623	0.276830976	0.362681399	0.32823592	0.068627683
0.723379154	1.35501	1.101113991	1.101849871	1.072658175	1.118336731	1.083891251	0.028455816
0.742642694	1.35501	1.096687422	1.096877224	1.064657477	1.113910161	1.079464682	0.032029945
0.761906235	1.35501	1.092147475	1.092285998	1.056656779	1.109370215	1.074924736	0.035490696
0.781169775	1.35501	1.087769691	1.087985731	1.048656081	1.10499243	1.070546951	0.03911361
0.800433315	1.35501	1.083729381	1.083891424	1.040655383	1.10095212	1.066506641	0.043073998
0.819696856	1.35501	1.07996126	1.07992078	1.032654685	1.097184	1.062738521	0.047306575
0.838960396	1.35501	1.076174789	1.075991352	1.024653987	1.093397529	1.05895205	0.051520802
0.858223937	1.35501	1.072048002	1.072017532	1.016653289	1.089270742	1.054825263	0.055394713
0.877487477	1.35501	1.067480976	1.067906258	1.008652591	1.084703716	1.050258236	0.058828385
0.896751017	1.35501	1.062697919	1.063549505	1.000651893	1.079920658	1.045475179	0.062046025
0.916014558	1.35501	1.058044469	1.058812475	0.992651195	1.075267208	1.040821729	0.065393274
0.935278098	1.35501	1.053540199	1.053515107	0.984650497	1.070762938	1.036317459	0.068889702
0.954541638	1.35501	1.048482958	1.047392083	0.976649799	1.065705697	1.031260218	0.071833158
0.973805179	1.35501	1.041461918	1.040000975	0.968649101	1.058684658	1.024239179	0.072812817
0.993068719	1.35501	1.030915175	1.030594284	0.960648403	1.048137914	1.013692435	0.070266771
1.012332259	1.35501	1.015979462	1.017879727	0.952647705	1.033202201	0.998756722	0.063331756
1.0315958	1.35501	0.997109167	0.998848188	0.944647007	1.014331906	0.979886427	0.052462159
1.05085934	1.35501	0.976027385	0.973837894	0.936646309	0.993250125	0.958804646	0.039381076
1.070122881	1.35501	0.954989307	0.954203794	0.928645611	0.972212046	0.937766567	0.026343695
1.089386421	1.35501	0.935791955	0.936982966	0.920644913	0.953014694	0.918569215	0.015147041
1.108649961	1.35501	0.919116359	0.920864945	0.912644215	0.936339099	0.90189362	0.006472144
1.127913502	1.35501	0.90453499	0.905612461	0.904643518	0.921757729	0.88731225	-0.000108528
1.147177042	1.35501	0.891067333	0.89107007	0.89664282	0.908290073	0.873844594	-0.005575486
1.166440582	1.35501	0.877856203	0.877135327	0.888642122	0.895078942	0.860633463	-0.010785919
1.185704123	1.35501	0.864557842	0.863737673	0.880641424	0.881780582	0.847335102	-0.016083582
1.204967663	1.35501	0.851312874	0.85082444	0.872640726	0.868535613	0.834090134	-0.021327852
1.224231204	1.35501	0.838453005	0.838353591	0.864640028	0.855675744	0.821230265	-0.026187023
1.243494744	1.35501	0.826207566	0.826290068	0.85663933	0.843430306	0.808984827	-0.030431763
1.262758284	1.35501	0.814584734	0.814603812	0.848638632	0.831807474	0.797361995	-0.034053897
1.282021825	1.35501	0.803433994	0.803268562	0.840637934	0.820656733	0.786211254	-0.03720394
1.301285365	1.35501	0.792583045	0.792261061	0.832637236	0.809805785	0.775360305	-0.040054191
1.320548905	1.35501	0.781936765	0.781560494	0.824636538	0.799159504	0.764714025	-0.042699773
1.339812446	1.35501	0.771492189	0.771148084	0.81663584	0.788714928	0.754269449	-0.045143651
1.359075986	1.35501	0.761292967	0.761006775	0.808635142	0.778515707	0.744070227	-0.047342175
1.378339527	1.35501	0.751374672	0.751120995	0.800634444	0.768597412	0.734151932	-0.049259772
1.397603067	1.35501	0.741737643	0.741476464	0.792633746	0.758960383	0.724514904	-0.050896103
1.416866607	1.35501	0.732352698	0.732060039	0.784633048	0.749575438	0.715129959	-0.05228035
1.436130148	1.35501	0.72318299	0.722859587	0.77663235	0.740405729	0.70596025	-0.05344936
1.455393688	1.35501	0.714202262	0.713863876	0.768631652	0.731425001	0.696979522	-0.05442939
1.474657228	1.35501	0.705399909	0.705062487	0.760630954	0.722622648	0.688177169	-0.055231046
1.493920769	1.35501	0.696775072	0.696445733	0.752630256	0.713997812	0.679552333	-0.055855184
1.513184309	1.35501	0.688327696	0.688004592	0.744629558	0.705550436	0.671104957	-0.056301862
1.532447849	1.35501	0.680053086	0.679730647	0.73662886	0.697275825	0.662830346	-0.056575775
1.55171139	1.35501	0.671941769	0.671616035	0.728628162	0.689164508	0.654719029	-0.056686393
1.57097493	1.35501	0.663982577	0.663653397	0.720627464	0.681205316	0.646759837	-0.056644888
1.590238471	1.35501	0.656165773	0.655835839	0.712626766	0.673388513	0.638943034	-0.056460993
1.609502011	1.35501	0.648484338	0.648156896	0.704626068	0.665707077	0.631261598	-0.056141731
1.628765551	1.35501	0.640933358	0.640610495	0.69662537	0.658156097	0.623710618	-0.055692013
1.648029092	1.35501	0.633508643	0.633190924	0.688624672	0.650731383	0.616285904	-0.055116029
1.667292632	1.35501	0.626205675	0.625892812	0.680623975	0.643428415	0.608982936	-0.054418299
1.686556172	1.35501	0.61901936	0.618711094	0.672623277	0.6362421	0.601796621	-0.053603916
1.705819713	1.35501	0.611944398	0.611640996	0.664622579	0.629167138	0.594721658	-0.052678181
1.725083253	1.35501	0.604975781	0.604678013	0.656621881	0.622198521	0.587753042	-0.051646099
1.744346794	1.35501	0.59810907	0.597817886	0.648621183	0.615331809	0.58088633	-0.050512113
1.763610334	1.35501	0.591340362	0.591056589	0.640620485	0.608563102	0.574117623	-0.049280123
1.782873874	1.35501	0.584666095	0.584390313	0.632619787	0.601888835	0.567443355	-0.047953692
1.802137415	1.35501	0.578082854	0.577815449	0.624619089	0.595305594	0.560860115	-0.046536235
1.821400955	1.35501	0.571587292	0.571328577	0.616618391	0.588810032	0.554364552	-0.045031099
1.840664495	1.35501	0.56517614	0.564926452	0.608617693	0.58239888	0.547953401	-0.043441552
1.859928036	1.35501	0.558846257	0.558605997	0.600616995	0.576068997	0.541623518	-0.041770738
1.879191576	1.35501	0.552594653	0.552364284	0.592616297	0.569817393	0.535371914	-0.040021644
1.898455117	1.35501	0.546418498	0.546198534	0.584615599	0.563641237	0.529195758	-0.038197101
1.917718657	1.35501	0.540315132	0.540106101	0.576614901	0.557537871	0.523092392	-0.036299769
1.936982197	1.35501	0.534282091	0.534084468	0.568614203	0.551504831	0.517059352	-0.034332112
1.956245738	1.35501	0.528317123	0.528131238	0.560613505	0.545539863	0.511094384	-0.032296382
1.975509278	1.35501	0.522418129	0.522244124	0.552612807	0.539640869	0.505195389	-0.030194678
1.994772818	1.35501	0.516583025	0.516420949	0.544612109	0.533805765	0.499360286	-0.028029084
2.014036359	1.35501	0.510809599	0.510659633	0.536611411	0.528032339	0.49358686	-0.025801812
2.033299899	1.35501	0.50509549	0.504958191	0.528610713	0.522318229	0.48787275	-0.023515224
2.05256344	1.35501	0.499438409	0.499314728	0.520610015	0.516661148	0.482215669	-0.021171606
2.07182698	1.35501	0.49383653	0.493727431	0.512609317	0.51105927	0.476613791	-0.018772787
2.09109052	1.35501	0.488288755	0.488194569	0.504608619	0.505511495	0.471066016	-0.016319864
2.110354061	1.35501	0.482794496	0.482714483	0.496607921	0.500017236	0.465571757	-0.013813425
2.129617601	1.35501	0.477352884	0.477285588	0.488607223	0.494575624	0.460130145	-0.011254339
2.148881141	1.35501	0.471961816	0.471906363	0.480606525	0.489184556	0.454739077	-0.008644709
2.168144682	1.35501	0.466617716	0.466575352	0.472605827	0.483840455	0.449394976	-0.005988112
2.187408222	1.35501	0.461316694	0.461291161	0.464605129	0.478539434	0.444093954	-0.003288435
2.206671762	1.35501	0.456056847	0.45605245	0.456604432	0.473279587	0.438834108	-0.000547584
2.225935303	1.35501	0.450840073	0.450857937	0.448603734	0.468062813	0.433617333	0.002236339
2.245198843	1.35501	0.445671257	0.445706387	0.440603036	0.462893996	0.428448517	0.005068221
2.264462384	1.35501	0.440553957	0.440596619	0.432602338	0.457776697	0.423331217	0.007951619
2.283725924	1.35501	0.43548472	0.435527493	0.42460164	0.45270746	0.418261981	0.010883081
2.302989464	1.35501	0.430450906	0.430497919	0.416600942	0.447673646	0.413228167	0.013849965
2.322253005	1.35501	0.425436475	0.425506844	0.408600244	0.442659215	0.408213735	0.016836231
2.341516545	1.35501	0.420434954	0.420553258	0.400599546	0.437657693	0.403212214	0.019835408
2.360780085	1.35501	0.415461053	0.415636188	0.392598848	0.432683793	0.398238314	0.022862205
2.380043626	1.35501	0.410548353	0.410754699	0.38459815	0.427771092	0.393325613	0.025950203
2.399307166	1.35501	0.405726561	0.405907887	0.376597452	0.422949301	0.388503821	0.029129109
2.418570707	1.35501	0.400988253	0.401094886	0.368596754	0.418210992	0.383765513	0.032391499
2.437834247	1.35501	0.396271618	0.396314858	0.360596056	0.413494357	0.379048878	0.035675562
2.457097787	1.35501	0.391486344	0.391566995	0.352595358	0.408709084	0.374263604	0.038890986
2.476361328	1.35501	0.386584243	0.386850519	0.34459466	0.403806983	0.369361504	0.041989583
2.495624868	1.35501	0.381634227	0.38216468	0.336593962	0.398856967	0.364411487	0.045040265
2.514888408	1.35501	0.376832988	0.377508753	0.328593264	0.394055728	0.359610249	0.048239724
2.534151949	1.35501	0.372400512	0.372882039	0.320592566	0.389623252	0.355177773	0.051807946
2.553415489	1.35501	0.368378644	0.368283861	0.312591868	0.385601384	0.351155904	0.055786776
2.57267903	1.35501	0.364434112	0.363713568	0.30459117	0.381656851	0.347211372	0.059842942
2.59194257	1.35501	0.359802675	0.359170528	0.296590472	0.377025415	0.342579935	0.063212203
2.61120611	1.35501	0.3534576	0.354654133	0.288589774	0.37068034	0.336234861	0.064867826
2.630469651	1.35501	0.344462808	0.350163792	0.280589076	0.361685548	0.327240069	0.063873732



