TITLE = "Decane T rho" 

  VARIABLES = T	Soave_error_01Mpa	new_error_01Mpa	Soave_error_1Mpa	new_error_1Mpa	Soave_error_2Mpa	new_error_2Mpa	Soave_error_3Mpa	new_error_3Mpa	Soave_error_5Mpa	new_error_5Mpa	Soave_error_10Mpa	new_error_10Mpa
220	0.060992422	0.174985318	4.580396108	1.807329715	3.387109432	0.237619585	2.885222424	0.44705453	2.65308011	0.323965748	2.22111788	0.340676227
230	0.024251986	0.203138593	5.488506639	1.857756308	3.93125106	0.248649127	3.301641322	0.000984478	3.007722973	0.083609599	2.486382809	0.184618201
240	0.089088191	0.215372355	1.645139817	0.381665478	4.665806402	0.454834546	3.854630584	0.08549818	3.487242254	0.19180305	2.829579052	0.000899926
250	0.135632833	0.214947066	0.888745183	0.021573745	5.646880071	0.67030061	4.573188858	0.215653216	4.105723731	0.099355785	3.276497219	0.045434554
260	0.171419537	0.21064317	0.360465828	0.19300207	6.989574786	0.550401829	5.51708023	0.705363659	4.894013831	0.686671675	3.837726471	0.144911681
270	0.198213872	0.205029175	0.020772063	0.242982463	8.937973585	0.432025478	6.760814063	1.019446575	5.908105885	1.260037574	4.504403669	0.523462847
280	0.219595369	0.201710647	0.299754473	0.238649483	12.24156427	3.263622169	8.479996528	0.606105767	7.216198851	1.369909552	5.28946368	0.843658022
290	0.239956446	0.204269097	0.502420974	0.217094389	1.9960257	0.297035254	11.10581138	1.344722069	8.938531881	0.414621727	6.141200688	0.756508908
300	0.252201082	0.204180892	0.655365852	0.204596773	1.834319738	0.578836932	17.82754567	6.540246148	11.09932575	2.340732755	6.764113291	0.08943452
310	0.258224985	0.201675797	0.763463528	0.197192124	3.401263082	0.296806612	5.93821365	2.047832878	16.51135629	9.674152258	5.277478546	1.422030676
320	0.269860559	0.207081383	0.848373508	0.203457693	4.185851299	0.086885488	7.419398036	0.60343173	10.93556217	1.186675789	14.16055797	3.743961646
330	0.272442536	0.204699045	0.906720517	0.207274261	4.61343947	0.033233712	7.823482347	0.004940298	10.42485987	0.055020247	19.47125327	1.806397369
340	0.277796557	0.205851808	0.947315635	0.207878331	4.83518984	0.07889009	7.901755801	0.171568152	10.04602571	0.279365151	16.28950931	0.612127709
350	0.281774185	0.206342648	0.979027018	0.208875818	4.938850314	0.164114113	7.83787741	0.101706036	9.696403517	0.240490154	14.506784	0.197957857
360	0.281786185	0.203755053	0.996179937	0.203051211	4.967881804	0.234333793	7.711282196	0.060205385	9.365873297	0.048554503	13.34354678	0.106787377
370	0.283790862	0.204200638	1.009795928	0.201631874	4.948689139	0.263571309	7.536870013	0.194664175	9.040981291	0.141910324	12.48275644	0.145193139
380	0.281690679	0.20157681	1.014066408	0.199218487	4.897096477	0.252573702	7.352492293	0.272717556	8.731371749	0.264647479	11.79270063	0.203516144
390	0.284919168	0.205100264	1.012407962	0.198523105	4.825320326	0.221127626	7.14909466	0.275472598	8.431190774	0.299100119	11.20186744	0.226637718
400	0.282519117	0.203489875	1.010915716	0.203723265	4.737864183	0.188365388	6.95308359	0.248171887	8.154277749	0.282341142	10.68578584	0.218801915
410	0.28681345	0.208729728	1.002918146	0.20574997	4.642593056	0.171643769	6.755452786	0.210563114	7.879162053	0.232353978	10.22444294	0.196804672
420	0.280640563	0.203455631	0.990621455	0.20463304	4.542101233	0.173447265	6.558349394	0.184203753	7.617776905	0.191098323	9.807092419	0.180731858
430	0.278631824	0.202229817	0.977980997	0.203074666	4.439077886	0.188018249	6.36767213	0.179753586	7.37654713	0.179003743	9.431502946	0.185160557
440	0.281059059	0.205395774	0.970670701	0.206550944	4.334022477	0.204270192	6.181485936	0.188902936	7.134723987	0.175624589	9.073763858	0.191353165
450	0.280448156	0.205609779	0.959089392	0.206091153	4.229922364	0.215647859	6.002198067	0.202874647	6.916276802	0.193792693	8.752724714	0.211856111
460	0.278037953	0.204206379	0.942417078	0.201568682	4.126176365	0.217420231	5.829302245	0.212316462	6.698484467	0.202221259	8.442802499	0.21755559
470	0.275834343	0.203210885	0.929584029	0.202183113	4.024172844	0.212058564	5.663013976	0.214186376	6.493825963	0.207253017	8.157117501	0.218945869
480	0.276609004	0.205338769	0.913019244	0.200223914	3.924996957	0.204734963	5.502755578	0.20994765	6.299902372	0.206981275	7.88613301	0.210646724
490	0.274623411	0.204764621	0.903750808	0.206065969	3.826935977	0.1979577	5.349793926	0.205265005	6.115230152	0.203865362	7.637565456	0.206194554
500	0.273608858	0.205138706	0.886041601	0.203453625	3.732238007	0.196010006	5.201124274	0.20109725	5.938122056	0.200524642	7.39859014	0.199760212
510	0.268405474	0.2012722	0.87239311	0.204417166	3.64139526	0.198949961	5.060684048	0.202616949	5.769348577	0.200045838	7.170460051	0.195983772
520	0.273546105	0.207704735	0.857208283	0.20336865	3.552613992	0.202962941	4.924026568	0.204681678	5.607961389	0.201592968	6.95918605	0.200906163
530	0.268961674	0.20442255	0.844972375	0.20499208	3.465348528	0.205212996	4.794256679	0.208310669	5.45429823	0.204221801	6.754718869	0.203594405
540	0.267111382	0.203911094	0.828697934	0.202610077	3.382296809	0.206942769	4.667734732	0.208525393	5.307063259	0.20551978	6.559606189	0.204679743
550	0.266126329	0.204306292	0.81483191	0.202733625	3.301144114	0.205878412	4.548126968	0.208611075	5.165413396	0.20451496	6.379242281	0.20859565
560	0.265352254	0.204924478	0.801139888	0.20301629	3.222468638	0.203542885	4.433075926	0.207283567	5.030054878	0.202792559	6.20536392	0.208370213
570	0.263285387	0.204216595	0.788811116	0.204361012	3.147726627	0.202593592	4.321212539	0.20468232	4.90176923	0.202497652	6.038624406	0.206332012
580	0.261870485	0.204088768	0.775040228	0.203708631	3.074768882	0.201823597	4.215297383	0.204602925	4.776987387	0.201354778	5.879072655	0.204296356
590	0.261198901	0.204622304	0.762718535	0.203818519	3.004203966	0.202053392	4.112694548	0.204916688	4.658637954	0.202597824	5.726985688	0.203683254
600	0.260454975	0.205022462	0.750660849	0.203601862	2.937273282	0.204174087	4.013027748	0.204987515	4.543512502	0.20294843	5.581504106	0.204053163
610	0.25897618	0.204665145	0.739010407	0.203432618	2.871136569	0.20488614	3.918295699	0.206197014	4.434910023	0.205110867	5.441545013	0.204238887
620	0.257427119	0.204249594	0.726978227	0.2027696	2.808002155	0.205922248	3.827835756	0.207535717	4.328032898	0.204215808	5.308073545	0.204947175
630	0.256701091	0.204683102	0.716335596	0.203508965	2.745804817	0.205159433	3.739751436	0.207209284	4.227594406	0.204936805	5.18044968	0.205615644
640	0.255495944	0.204651985	0.704309457	0.202863819	2.687663511	0.205837008	3.654298966	0.205871197	4.129840541	0.204174941	5.057436267	0.205433093
650	0.253817325	0.204129877	0.694312694	0.204073033	2.629731668	0.204579539	3.574015927	0.206534107	4.036031154	0.203757778	4.939621265	0.20550209
660	0.253073342	0.20448761	0.683880665	0.204488641	2.573327834	0.203062918	3.494676203	0.205576552	3.944746516	0.202788711	4.825593081	0.204978882
670	0.252362646	0.204798642	0.673104336	0.20406035	2.520151732	0.203225279	3.417743142	0.204649084	3.858165341	0.203569314	4.715672686	0.204497222
680	0.250860459	0.20423286	0.663528466	0.204292325	2.469649468	0.204635658	3.345114717	0.205611117	3.773989825	0.203861217	4.610655394	0.204968325
690	0.250432048	0.204668656	0.654311895	0.204415885	2.418808639	0.204300337	3.275269863	0.206903698	3.69349421	0.204794179	4.509067712	0.205044281
700	0.249193577	0.204249202	0.644696842	0.203799742	2.370075174	0.204466604	3.206872073	0.207162895	3.614912646	0.204631739	4.411095956	0.204980447
710	0.249295808	0.205152271	0.635358035	0.20323758	2.323506033	0.205035554	3.140741134	0.207212064	3.538394176	0.203623724	4.31727253	0.205429178
720	0.247662945	0.204324855	0.627128839	0.203644283	2.279352786	0.206175417	3.075974912	0.206305515	3.466120956	0.204104231	4.22704032	0.20604479
730	0.246674192	0.204155925	0.618224905	0.203284608	2.235232994	0.205615696	3.013872266	0.205900045	3.395269089	0.203602153	4.138640728	0.205329308
740	0.246133541	0.204449751	0.609680758	0.203198389	2.191658728	0.204080708	2.953941665	0.205725425	3.326697768	0.2031822	4.053397862	0.204733564
750	0.245921205	0.205078056	0.601262039	0.203139043	2.149326917	0.202585815	2.895846899	0.205631082	3.261515702	0.204092426	3.971459008	0.204582467
760	0.244554153	0.204542797	0.594259969	0.204347239	2.109116517	0.202311024	2.841524029	0.207610028	3.197347233	0.20413345	3.893191576	0.205445709
770	0.243466447	0.204255276	0.585729597	0.203783965	2.072086097	0.20442839	2.786722166	0.20750462	3.135635546	0.204727171	3.816126605	0.205170559
780	0.242766731	0.204295389	0.578586246	0.204157809	2.033430124	0.204001022	2.733641199	0.207240269	3.076145625	0.205522816	3.74093377	0.204536812
790	0.242639746	0.204813657	0.57147033	0.203819236	1.997385347	0.20451671	2.68252986	0.206553456	3.016836397	0.204159277	3.670052404	0.205753498
800	0.241831115	0.204520045	0.56454663	0.202564322	1.962320928	0.203264496	2.633775729	0.204963067	2.961588252	0.203663602	3.599860418	0.204674983
