TITLE = "Decane T rho" 

  VARIABLES = T	rho_NIST_0.1Mpa	rho_Soave_0.1Mpa	rho_new_0.1Mpa	rho_NIST_1Mpa	rho_Soave_1Mpa	rho_new_1Mpa	rho_NIST_2Mpa	rho_Soave_2Mpa	rho_new_2Mpa	rho_NIST_3Mpa	rho_Soave_3Mpa	rho_new_3Mpa	rho_NIST_5Mpa	rho_Soave_5Mpa	rho_new_5Mpa	rho_NIST_10Mpa	rho_Soave_10Mpa	rho_new_10Mpa
350	685.99	644.8509087	685.7170817	686.99	645.9825904	686.7827416	688.09	647.2029004	687.8366717	689.17	648.3862308	688.9558434	691.28	650.6497475	691.0617697	696.31	655.7831883	696.100018
360	678.04	639.0706435	678.3892568	679.11	640.3185353	679.331981	680.28	641.6617369	680.5103593	681.43	642.96191	681.635583	683.68	645.4428032	683.8942879	689	651.0414845	689.2152936
370	670.01	633.0244224	670.3569276	671.16	634.4016315	671.3763124	672.42	635.8811	672.7021451	673.64	637.3103809	673.8647929	676.04	640.0303287	676.2758901	681.68	646.1359132	681.9093437
380	661.91	626.6941587	661.872314	663.14	628.2156993	663.1448038	664.48	629.8466581	664.5901993	665.79	631.4189178	665.8441555	668.35	634.4022287	668.4065195	674.34	641.0606713	674.3860257
390	653.7	620.0596286	653.2424748	655.02	621.742792	654.8388653	656.46	623.5426474	656.3387382	657.87	625.2736355	657.7420408	660.6	628.5476527	660.4611188	666.97	635.8097299	666.8232917
400	645.38	613.0980889	644.7548741	646.81	614.9629061	646.5742181	648.35	616.9516618	648.0655178	649.86	618.8593374	649.6541852	652.78	622.4549201	652.547976	659.56	630.3768357	659.3299611
410	636.93	605.7837971	636.5888753	638.47	607.8536258	638.352606	640.13	610.0543984	639.8232276	641.76	612.1593362	641.5906766	644.89	616.1114361	644.6910555	652.11	624.7555157	651.9286061
420	628.32	598.087404	628.7519439	629.99	600.3896806	630.0774072	631.79	602.8293487	631.5991031	633.54	605.1552398	633.4943466	636.9	609.503597	636.8425048	644.62	618.9390859	644.5704493
430	619.54	589.9751705	621.0693925	621.36	592.542388	621.6045624	623.31	595.2524184	623.3288504	625.2	597.8266955	625.2787665	628.82	602.6166818	628.9163825	637.06	612.9206649	637.1717763
440	610.56	581.4079439	613.226797	612.54	584.2789427	612.8060193	614.67	587.2964556	614.9172287	616.72	590.1510802	616.8673512	620.62	595.4347308	620.8272443	629.45	606.693193	629.6540713
450	4.0508	4.010176976	4.044768369	603.52	575.5614968	603.6220896	605.84	578.9306578	606.2591679	608.07	582.1031229	608.2183702	612.3	587.9404065	612.5192367	621.77	600.2494593	621.9729686
460	3.9401	3.908806863	3.938018686	594.27	566.3459471	594.0851137	596.81	570.119817	597.2591378	599.25	573.6544398	599.3288231	603.84	580.1148359	603.9781061	614.01	593.582139	614.1286258
470	3.8369	3.812972202	3.836955384	584.74	556.5803078	584.3037575	587.55	560.823344	587.8489829	590.22	564.7729561	590.2187113	595.22	571.9374313	595.2254073	606.17	586.6838411	606.1574255
480	3.7403	3.722192357	3.741164019	574.9	546.202477	574.4065503	578.01	550.9939868	578.0039211	580.96	555.4221776	580.9044254	586.43	563.3856872	586.2996135	598.25	579.5471719	598.1106645
490	3.6495	3.636044347	3.650395139	564.69	535.1370912	564.4578246	568.17	540.5761147	567.7530984	571.43	545.5602623	571.3740358	577.44	554.4349496	577.2323561	590.23	572.1648161	590.0296115
500	3.5639	3.554154055	3.564451525	554.05	523.2909644	554.3745451	557.96	529.5033727	557.1770354	561.61	535.1388191	561.5762104	568.24	545.0581573	568.0289397	582.1	564.5296394	581.9270009
510	3.483	3.476189055	3.483116002	542.88	510.5462327	543.8761632	547.34	517.6953931	546.3826281	551.43	524.1013294	551.4278234	558.79	535.2255527	558.6598515	573.87	556.6348185	573.7817904
520	3.4063	3.401852707	3.406119432	531.08	496.7496012	532.4840138	536.21	505.0530527	535.4505562	540.86	512.3810347	540.8359069	549.07	524.904366	549.0649593	565.52	548.4740023	565.5479879
530	3.3334	3.330879253	3.333141326	518.49	481.6945604	519.5607427	524.48	491.451394	524.3610862	529.81	499.8980541	529.7219595	539.05	514.0584783	539.1669034	557.04	540.0415118	557.1725205
540	3.2641	3.263029732	3.263831361	504.88	465.0899241	504.3610658	512.03	476.7286208	512.9174314	518.22	486.5553579	518.0338658	528.68	502.6480813	528.8871981	548.44	531.3325851	548.6141174
550	3.198	3.198088543	3.197839301	489.92	446.4990018	486.0583975	498.65	460.6681092	500.6908708	505.97	472.2329991	505.73362	517.94	490.6293686	518.1587651	539.7	522.3436736	539.8558545
560	3.1349	3.13586054	3.134842613	473.03	425.2065221	463.7000297	484.11	442.967083	487.0008897	492.92	456.7795961	492.7568818	506.75	477.9543245	506.9311453	530.82	513.0727984	530.907297
570	3.0745	3.076168563	3.074564674	43.456	42.46538159	43.99482551	468	423.1773913	470.9197075	478.89	439.999323	478.9510928	495.08	464.5707328	495.1680158	521.79	503.5199711	521.7965137
580	3.0167	3.018851332	3.016780799	40.818	40.3472337	41.08303019	449.68	400.5802155	451.2618689	463.63	421.6312364	464.0077788	482.86	450.4226282	482.8393594	512.62	493.6876836	512.5560427
590	2.9612	2.963761636	2.961313302	38.719	38.55277922	38.81480228	427.97	373.8735119	426.4747225	446.78	401.3149202	447.4053301	470.01	435.4515858	469.9118954	503.3	483.5814661	503.2089739
600	2.908	2.910764771	2.908019548	36.976	36.99753799	36.98277828	400.15	340.1472282	394.1832533	427.82	378.5305417	428.3664365	456.47	419.5995454	456.3408667	493.83	473.2105061	493.7608614
610	2.8568	2.859737192	2.856777948	35.487	35.62671259	35.46102793	355.73	288.6655559	349.1428739	405.91	352.4895817	405.8090349	442.14	402.8143585	442.0644848	484.21	462.5883109	484.2003864
620	2.8075	2.810565335	2.807476177	34.189	34.40259519	34.16391518	116.8	112.1492805	129.7050512	379.58	321.9365608	378.2266197	426.96	385.0600001	427.0004308	474.46	451.7333813	474.5078413
630	2.76	2.763144596	2.760004127	33.038	33.29806146	33.03032983	97.814	96.80328283	98.02630172	345.77	284.9021869	343.340174	410.84	366.3343203	411.0430926	464.58	440.6698469	464.6673281
640	2.7143	2.717378428	2.714252039	32.007	32.29291375	32.01681908	87.804	87.94097917	86.89705124	296.49	239.8201385	297.1820872	393.71	346.6977085	394.0618341	454.59	429.4279931	454.6774006
650	2.6701	2.673177556	2.670112538	31.073	31.37168889	31.0938143	81.017	81.65576871	80.07790332	221.91	194.6681782	234.7207023	375.5	326.3140595	375.9047908	444.51	418.0445887	444.5559342
660	2.6275	2.630459283	2.62748446	30.219	30.52227534	30.24261622	75.911	76.78865556	75.23389512	172	163.6555507	177.5064238	356.14	305.4966059	356.4192531	434.35	406.5629095	434.3376608
670	2.5862	2.58914687	2.586276331	29.435	29.7350039	29.45235636	71.839	72.82554454	71.47876156	147.22	144.2500074	147.8787919	335.56	284.7319792	335.5070746	424.13	395.0323515	424.0658272
680	2.5464	2.549168993	2.546408075	28.708	29.00202902	28.71697843	68.465	69.49075694	68.37125072	131.92	131.0088564	131.3102776	313.7	264.6377777	313.2357684	413.87	383.5075478	413.7816673
690	2.5078	2.51045926	2.507810519	28.033	28.31689535	28.03262349	65.593	66.61852815	65.67062184	121.15	121.2109184	120.4187929	290.71	245.8308307	290.0017907	403.61	372.0469506	403.5159247
700	2.4704	2.472955776	2.470423143	27.403	27.67422647	27.39577754	63.1	64.10114845	63.24824776	112.98	113.5386789	112.4729435	267.19	228.7623872	266.6549442	393.34	360.7109138	393.2854159
710	2.4342	2.436600757	2.434191069	26.811	27.06949655	26.80232173	60.902	61.8645778	61.0424335	106.46	107.2880832	106.2389833	244.44	213.6271132	244.3823759	383.1	349.5594009	383.0952808
720	2.3991	2.401340186	2.399062341	26.255	26.49885953	26.24738615	58.94	59.85569189	59.02818304	101.08	102.0467893	101.0789739	223.96	200.3890377	224.2746932	372.91	338.6495286	372.9452477
730	2.365	2.367123497	2.364986222	25.729	25.95901938	25.72574657	57.17	58.03506367	57.19565458	96.52	97.5551358	96.64295072	206.52	188.8719116	206.9053625	362.77	328.0332104	362.8369891
740	2.3319	2.3339033	2.33191275	25.232	25.44712997	25.23244557	55.561	56.37262019	55.53648358	92.588	93.64006913	92.73727934	192.04	178.8455808	192.2849398	352.71	317.7551659	352.7797753
750	2.2998	2.301635127	2.299793301	24.76	24.96071674	24.76335032	54.086	54.84489855	54.03722638	89.142	90.1809558	89.25522309	180.03	170.0799156	180.0904572	342.74	307.8515088	342.7928643
760	2.2686	2.270277202	2.268581641	24.311	24.49761481	24.31545472	52.728	53.43324127	52.67826283	86.084	87.09059907	86.13508441	169.95	162.3694653	169.8939262	332.88	298.349026	332.9046077
770	2.2382	2.239790236	2.238234895	23.884	24.05591949	23.8868615	51.468	52.12256915	51.43608843	83.341	84.30406635	83.33464376	161.39	155.5405766	161.2863999	323.16	289.2651488	323.149416
780	2.2087	2.210137242	2.208714046	23.475	23.63394625	23.47650111	50.296	50.90052282	50.28704525	80.859	81.77178847	80.81715101	154.02	149.4502657	153.9230722	313.61	280.6085192	313.564094
790	2.18	2.181283359	2.179983821	23.084	23.23019817	23.08372203	49.2	49.75684734	49.21089063	78.598	79.45512115	78.54555832	147.59	143.9820861	147.5307862	304.24	272.3799912	304.1846935
800	2.152	2.153195701	2.152012096	22.71	22.84333916	22.70790341	48.172	48.68294161	48.19307387	76.523	77.32339034	76.48204561	141.91	139.0414425	141.9014653	295.09	264.5738862	295.0443653
810	2.1248	2.125843215	2.124769098	22.35	22.47217182	22.34820239	47.204	47.67152225	47.22519658	74.609	75.35186634	74.59028084	136.86	134.5513213	136.8811317	286.2	257.1793393	286.1721322
820	2.0982	2.099196551	2.09822669	22.005	22.11561897	22.00348161	46.29	46.71636873	46.30380982	72.834	73.52033886	72.83838908	132.32	130.4487214	132.358011	277.59	250.1816045	277.5923316
830	2.0724	2.073227944	2.072357933	21.673	21.77270818	21.67239551	45.425	45.81212719	45.42823847	71.182	71.81209203	71.20120508	128.22	126.6817854	128.2512084	269.29	243.5632344	269.3245624
840	2.0471	2.047911107	2.047136961	21.353	21.44255863	21.35356848	44.604	44.95415753	44.5983243	69.637	70.21315243	69.66104471	124.48	123.2075377	124.5009231	261.34	237.3050876	261.3841178
850	2.0225	2.02322113	2.022539076	21.045	21.12437009	21.04578295	43.823	44.13841273	43.81281315	68.188	68.71172768	68.20689685	121.05	119.9901116	121.0608681	253.73	231.3871482	253.7828424
860	1.9986	1.999134389	1.99854089	20.747	20.81741342	20.74810822	43.078	43.36134258	43.06872746	66.824	67.29778075	66.8324868	117.9	116.9993649	117.8931408	246.5	225.789166	246.5301414
870	1.9751	1.975628464	1.975120364	20.459	20.52102241	20.45993372	42.367	42.61981616	42.36166295	65.536	65.96270256	65.53394487	114.98	114.2097939	114.9653032	239.63	220.4911346	239.6336331
880	1.9523	1.952682059	1.952256657	20.181	20.23458686	20.18090811	41.688	41.91105882	41.68666459	64.318	64.6990569	64.30778286	112.26	111.5996787	112.2490581	233.12	215.4736332	233.0988969
890	1.9299	1.930274931	1.929929821	19.911	19.95754646	19.91081672	41.036	41.23260059	41.03922662	63.163	63.5003796	63.14962314	109.73	109.1504072	109.7197647	226.97	210.7180579	226.9280446
900	1.9081	1.908387829	1.908120463	19.65	19.68938558	19.64944504	40.411	40.58223347	40.41601498	62.064	62.36101844	62.05379171	107.37	106.845937	107.3561386	221.17	206.2067664	221.1173569
910	1.8868	1.887002424	1.886809513	19.397	19.42962866	19.39647315	39.811	39.95797606	39.81508664	61.018	61.27600463	61.01361748	105.14	104.6723638	105.1397656	215.69	201.9231564	215.6547914
920	1.866	1.866101262	1.865978238	19.152	19.17783622	19.15143083	39.234	39.35804381	39.23560524	60.02	60.24094841	60.02213777	103.05	102.6175735	103.0543966	210.52	197.8516961	210.5185216
930	1.8456	1.845667706	1.845608553	18.914	18.93360129	18.91372109	38.677	38.78082409	38.67724325	59.065	59.25195383	59.0728992	101.07	100.6709599	101.0852676	205.64	193.9779193	205.6776811
940	1.8257	1.825685889	1.825683573	18.682	18.69654637	18.68270023	38.141	38.22485498	38.13955363	58.151	58.30554842	58.16062451	99.205	98.8231942	99.21880603	201.03	190.2883975	201.0960719
950	1.8062	1.806140671	1.806188277	18.457	18.46632063	18.45778866	37.623	37.68880729	37.6215697	57.274	57.39862491	57.28163783	97.432	97.06603552	97.44300979	196.68	186.7706952	196.7388419
960	1.7871	1.787017592	1.787110088	18.238	18.24259752	18.23858145	37.123	37.17146914	37.12178024	56.433	56.52839255	56.43405146	95.747	95.39217398	95.74855822	192.56	183.4133172	192.5811842
970	1.7684	1.76830284	1.768439197	18.025	18.02507255	18.02493064	36.639	36.67173267	36.63847769	55.624	55.69233619	55.61778179	94.142	93.79510072	94.1304207	188.66	180.2056492	188.6172313
980	1.7502	1.74998321	1.750168496	17.818	17.81346144	17.81698058	36.171	36.18858266	36.17034562	54.845	54.88818175	54.83446917	92.611	92.26899895	92.58948372	184.96	177.1378974	184.8668975
990	1.7323	1.732046071	1.732293076	17.616	17.60749832	17.61514959	35.717	35.72108656	35.71707295	54.094	54.11386684	54.08734191	91.149	90.80865256	91.13362595	181.45	174.2010284	181.3787608
1000	1.7148	1.714479337	1.714809361	17.419	17.40693423	17.42006295	35.278	35.26838586	35.27977808	53.369	53.36751571	53.38101769	89.749	89.40936893	89.77778915	178.11	171.3867099	178.2282067
