 TITLE = "PR density_T" 

  VARIABLES = Temperature	PR_cp_01	NIST_cp_01	PR_cp_1	NIST_cp_1	PR_cp_3	NIST_cp_3	PR_cp_5	NIST_cp_5	PR_cp_7	NIST_cp_7	PR_cp_10	NIST_cp_10
300	1333.766345	1226	1347.464872	1231.8	1362.624782	1238.3	1377.723602	1244.7	1407.748716	1257.3	1481.916452	1287.8
310	1263.694223	1186.7	1277.306902	1192.8	1292.362827	1199.5	1307.349077	1206.2	1337.125054	1219.2	1410.547187	1250.8
320	1197.667987	1148.3	1211.224402	1154.6	1226.208317	1161.6	1241.113124	1168.5	1270.700005	1182.1	1343.516813	1214.8
330	1135.308208	1110.6	1148.83693	1117.3	1163.779517	1124.5	1178.632558	1131.7	1208.087089	1145.9	1280.428931	1179.7
340	1076.281719	1073.7	1089.810757	1080.6	1104.741873	1088.2	1119.571819	1095.7	1148.94828	1110.4	1220.937481	1145.5
350	1020.294216	1037.4	1033.851443	1044.7	1048.800562	1052.6	1063.635483	1060.4	1092.98643	1075.7	1164.738874	1112.2
360	967.0841715	1001.7	980.6977592	1009.3	995.6943938	1017.6	1010.562145	1025.7	1039.93908	1041.7	1111.5656	1079.5
370	916.4178027	966.5	930.1166559	974.44	945.1907874	983.11	960.1193816	991.64	989.5733887	1008.3	1061.180977	1047.6
380	868.0848342	931.71	881.8990701	940.05	897.0815935	949.14	912.0995819	958.07	941.6819405	975.43	1013.374827	1016.4
390	821.8949044	897.28	835.8563821	906.06	851.17959	915.61	866.3164584	924.96	896.0792545	943.13	967.9598878	985.75
400	777.6744562	863.15	791.8173912	872.4	807.3155157	882.45	822.6021144	892.28	852.5988705	911.3	924.7688189	955.72
410	735.2639965	829.25	749.6256924	839.03	765.3355306	849.62	780.8045554	859.96	811.0908975	879.91	883.6516921	926.25
420	694.5156129	795.51	709.1373582	805.86	725.0990171	817.06	740.7855601	827.95	771.4199434	848.92	844.4738803	897.31
430	655.2906442	761.85	670.2188405	772.84	686.4766433	784.71	702.4188427	796.22	733.4633611	818.29	807.1142746	868.87
440	617.4573951	728.19	632.7450097	739.91	649.3486269	752.51	665.5884486	764.7	697.1097565	787.97	771.4637741	840.91
450	155.9908758	154.68	596.5972467	706.99	613.6031373	720.41	630.1873353	733.35	662.2577196	757.95	737.4240053	813.41
460	158.2403962	157.21	561.6614889	674	579.1347784	688.36	596.1160976	702.13	628.8147447	728.17	704.9062334	786.35
470	160.436691	159.65	527.826107	640.87	545.8430863	656.27	563.2817987	670.98	596.6963144	698.62	673.830438	759.73
480	162.5837262	161.99	494.9794367	607.49	513.6309695	624.1	531.5968707	639.86	565.8251325	669.27	644.1245294	733.53
490	164.6850127	164.25	463.0067049	573.76	482.4029906	591.75	500.9780485	608.72	536.1304899	640.1	615.7236842	707.75
500	166.7436748	166.45	431.7859255	539.55	452.0633543	559.16	471.3452965	577.49	507.5477626	611.07	588.5697863	682.39
510	168.7625055	168.58	401.1820391	504.71	422.513394	526.22	442.6206799	546.13	480.0180424	582.19	562.610957	657.46
520	170.7440127	170.66	371.0379718	469.03	393.6482265	492.84	414.7271218	514.58	453.4879124	553.43	537.8011625	632.97
530	172.6904573	172.69	341.1600162	432.26	365.3520163	458.87	387.5869659	482.78	427.9093946	524.79	514.0998881	608.92
540	174.603885	174.66	311.2920129	394.05	337.4908475	424.18	361.1202362	450.67	403.2401091	496.28	491.4718656	585.36
550	176.4861535	176.6	281.0652575	353.85	309.9012916	388.56	335.2424384	418.19	379.4437171	467.92	469.8868425	562.29
560	178.3389552	178.5	249.8884301	310.8	282.3707223	351.76	309.8616876	385.28	356.4907512	439.74	449.3193798	539.77
570	180.1638365	180.36	126.4215534	124.53	254.6003981	313.41	284.8748648	351.87	334.3599995	411.81	429.7486585	517.83
580	181.9622146	182.19	132.8152267	132.79	226.1280898	272.94	260.16247	317.91	313.0406867	384.2	411.1582776	496.51
590	183.7353919	183.98	138.4629583	139.66	196.1381258	229.3	235.5820627	283.37	292.535814	357.05	393.5360154	475.88
600	185.484568	185.75	143.5496353	145.6	162.8590135	180.12	210.9617424	248.21	272.8671637	330.49	376.8735241	455.99
610	187.2108509	187.49	148.1966358	150.86	120.2618871	116.32	186.1028713	212.4	254.0826156	304.73	361.1659225	436.9
620	188.915266	189.2	152.4884244	155.6	85.79168034	87.709	160.840198	175.86	236.2664193	279.98	346.4112465	418.66
630	190.5987646	190.89	156.4864109	159.92	103.0711625	106.45	135.4212132	138.45	219.5525316	256.47	332.6097193	401.33
640	192.2622309	192.56	160.2367969	163.91	114.7307723	119.05	112.5549822	101.51	204.1391862	234.4	319.7628094	384.93
650	193.9064882	194.21	163.7753104	167.63	123.8811308	128.86	101.720885	84.784	190.2980349	213.89	307.8720608	369.51
660	195.5323051	195.83	167.1302103	171.11	131.5415657	137	105.1760956	97.618	178.3627933	195.01	296.9377087	355.07
670	197.1403997	197.44	170.3242734	174.39	138.1950941	144.02	113.0412863	110.74	168.6756395	177.83	286.9571351	341.59
680	198.7314444	199.03	173.3761538	177.49	144.1143031	150.21	121.1090658	121.55	161.4825823	162.56	277.9232644	329.06
690	200.30607	200.6	176.301341	180.44	149.4701848	155.76	128.5683394	130.67	156.816841	149.82	269.8230485	317.44
700	201.864869	202.15	179.1128512	183.26	154.3779765	160.82	135.3514406	138.59	154.4530908	140.75	262.6362204	306.67
710	203.4083987	203.68	181.8217372	185.97	158.9194958	165.46	141.5325008	145.61	153.9763085	136.39	256.3344956	296.7
720	204.9371842	205.21	184.4374721	188.56	163.1551838	169.77	147.2012166	151.91	154.9116441	136.54	250.8813633	287.47
730	206.4517208	206.71	186.9682422	191.06	167.1311095	173.78	152.4366384	157.65	156.8297333	139.79	246.2325323	278.94
740	207.9524766	208.2	189.4211743	193.47	170.8832877	177.56	157.3037212	162.92	159.3928048	144.62	242.3369973	271.07
750	209.4398941	209.68	191.8025139	195.81	174.4404684	181.11	161.8549878	167.8	162.3563873	150.05	239.1385963	263.84
760	210.9143927	211.15	194.1177679	198.07	177.8260095	184.48	166.1329588	172.35	165.5519694	155.59	236.5778654	257.24
770	212.3763697	212.6	196.371818	200.27	181.0591751	187.69	170.1723124	176.61	168.8666552	161.01	234.593969	251.28
780	213.8262027	214.04	198.5690139	202.4	184.1560595	190.75	174.0015998	180.61	172.2261385	166.22	233.1265095	245.96
790	215.2642503	215.46	200.713249	204.48	187.1302615	193.67	177.6445613	184.4	175.582186	171.19	232.1170678	241.3
800	216.6908536	216.88	202.8080232	206.51	189.993386	196.48	181.1211281	187.99	178.9039699	175.92	231.5103958	237.32
810	218.1063378	218.28	204.8564945	208.49	192.7554237	199.18	184.4481862	191.41	182.1722313	180.41	231.2552371	234.03
820	219.5110128	219.68	206.8615236	210.43	195.4250433	201.79	187.6401622	194.68	185.3753926	184.69	231.3048039	231.42
830	220.9051742	221.06	208.82571	212.33	198.0098201	204.3	190.7094785	197.8	188.5069766	188.76	231.6169631	229.49
840	222.2891046	222.43	210.7514234	214.18	200.5164155	206.73	193.6669078	200.8	191.5638876	192.65	232.1541978	228.19
850	223.6630743	223.8	212.6408308	216	202.9507219	209.09	196.5218539	203.68	194.545263	196.37	232.8834073	227.49
860	225.0273418	225.15	214.4959188	217.79	205.3179785	211.38	199.2825757	206.45	197.451702	199.94	233.7756055	227.32
870	226.3821549	226.49	216.3185136	219.54	207.6228666	213.61	201.9563665	209.13	200.2847442	203.36	234.8055613	227.63
880	227.7277512	227.83	218.1102979	221.27	209.8695871	215.78	204.5497002	211.72	203.0465171	206.64	235.9514173	228.35
890	229.0643587	229.15	219.872826	222.96	212.0619259	217.89	207.0683508	214.23	205.739497	209.81	237.1943098	229.42
900	230.3921965	230.47	221.6075365	224.63	214.2033073	219.95	209.5174905	216.66	208.3663459	212.86	238.5180068	230.77
910	231.7114751	231.78	223.3157638	226.28	216.2968396	221.96	211.9017714	219.02	210.9298025	215.8	239.908573	232.36
920	233.0223972	233.08	224.998748	227.89	218.3453536	223.93	214.2253937	221.31	213.4326078	218.65	241.3540656	234.13
930	234.325158	234.37	226.6576436	229.49	220.3514352	225.85	216.4921629	223.55	215.8774576	221.4	242.8442638	236.06
940	235.6199454	235.65	228.2935276	231.06	222.3174532	227.74	218.7055385	225.72	218.2669701	224.07	244.3704304	238.1
950	236.906941	236.93	229.9074063	232.61	224.2455835	229.59	220.8686749	227.85	220.6036672	226.66	245.9251026	240.22
960	238.1863199	238.2	231.5002213	234.15	226.13783	231.4	222.9844571	229.92	222.8899634	229.18	247.5019118	242.4
970	239.4582514	239.46	233.0728552	235.66	227.9960421	233.18	225.0555304	231.94	225.1281605	231.63	249.0954272	244.63
980	240.7228992	240.71	234.6261366	237.16	229.821931	234.93	227.0843268	233.93	227.3204458	234.01	250.7010213	246.88
990	241.9804217	241.95	236.1608443	238.63	231.6170831	236.65	229.0730878	235.87	229.4688941	236.33	252.3147551	249.14
1000	243.2309722	243.19	237.6777116	240.09	233.3829722	238.34	231.0238838	237.77	231.5754697	238.59	253.9332794	251.41
