 TITLE = "Density VS Temperature for Oxygen" 

  VARIABLES =  T	v_NIST_0.1Mpa	v_Soave_0.1Mpa	v_new_0.1Mpa	v_NIST_1Mpa	v_Soave_1Mpa	v_new_1Mpa	v_NIST_3Mpa	v_Soave_3Mpa	v_new_3Mpa	v_NIST_5Mpa	v_Soave_5Mpa	v_new_5Mpa	v_NIST_7Mpa	v_Soave_7Mpa	v_new_7Mpa	v_NIST_10Mpa	v_Soave_10Mpa	v_new_10Mpa
60	0.00077996	0.000721945	7.93E-04	0.0007793	0.00072113	0.000790238	0.00077785	0.000719377	0.000784411	0.00077643	0.000717699	0.000779109	0.00077503	0.00071609	0.000774251	0.00077297	0.000713795	0.000767665
65	0.00079377	0.000734674	8.10E-04	0.00079302	0.000733689	0.000806913	0.00079139	0.000731576	0.000800159	0.00078978	0.000729562	0.000794058	0.00078821	0.000727638	0.000788503	0.0007859	0.000724907	0.000781019
70	0.00080835	0.000748439	8.28E-04	0.0008075	0.000747248	0.000823903	0.00080564	0.000744704	0.000816125	0.00080383	0.000742289	0.000809155	0.00080205	0.000739993	0.000802849	0.00079944	0.00073675	0.000794409
75	0.0008237	0.000763394	8.46E-04	0.00082273	0.000761952	0.000841362	0.00082061	0.000758884	0.000832441	0.00081854	0.000755989	0.000824512	0.00081651	0.00075325	0.000817389	0.00081357	0.000749402	0.000807921
80	0.00083992	0.000779726	8.65E-04	0.0008388	0.000777975	0.000859521	0.00083636	0.000774267	0.000849296	0.00083399	0.00077079	0.000840295	0.00083168	0.000767519	0.000832268	0.00082833	0.000762954	0.000821678
85	0.00085715	0.000797675	8.85E-04	0.00085585	0.000795536	0.000878697	0.00085303	0.000791037	0.000866953	0.00085029	0.000786849	0.000856723	0.00084764	0.000782936	0.000847678	0.00084381	0.000777514	0.000835842
90	0.00087558	0.000817546	9.06E-04	0.00087405	0.000814916	0.00089932	0.00087076	0.000809422	0.000885753	0.00086759	0.000804356	0.000874083	0.00086453	0.000799659	0.000863864	0.00086013	0.000793207	0.000850615
95	0.24014	0.24117694	2.42E-01	0.00089364	0.000836476	0.000921971	0.00088977	0.000829715	0.000906147	0.00088606	0.000823548	0.00089274	0.0008825	0.000817884	0.000881132	0.00087742	0.000810181	0.000866243
100	0.25373	0.254517774	2.55E-01	0.0009149	0.000860699	0.000947453	0.0009103	0.00085229	0.000928726	0.00090592	0.000844723	0.000913157	0.00090175	0.000837852	0.000899863	0.00089583	0.000828615	0.000883024
105	0.26725	0.267822837	2.68E-01	0.00093822	0.00088825	0.000976916	0.00093267	0.000877645	0.000954289	0.00092744	0.000868263	0.000935936	0.0009225	0.000859861	0.000920533	0.00091555	0.000848726	0.000901319
110	0.2807	0.281097424	2.82E-01	0.00096411	0.000920084	0.001012113	0.0009573	0.000906459	0.00098396	0.00095097	0.000894669	0.000961878	0.00094504	0.000884294	0.000943754	0.00093682	0.000870776	0.000921572
115	0.29411	0.294345821	2.95E-01	0.00099332	0.000957647	0.001055959	0.00098478	0.000939694	0.001019404	0.00097697	0.000924617	0.000992087	0.00096977	0.000911645	0.000970328	0.00095991	0.000895093	0.000944336
120	0.30746	0.307571535	3.08E-01	0.026146	0.026528136	0.02698947	0.0010159	0.000978785	0.001063283	0.0010061	0.00095905	0.001028166	0.00099718	0.000942567	0.001001348	0.00098518	0.000922085	0.000970315
125	0.32078	0.320777464	3.21E-01	0.027951	0.028125137	0.028497144	0.0010521	0.001026012	0.00112033	0.0010393	0.000999336	0.001072582	0.001028	0.000977953	0.001038357	0.0010131	0.000952272	0.001000432
130	0.33406	0.333966031	3.34E-01	0.02966	0.029686521	0.029994496	0.0010953	0.001085363	0.001200528	0.0010779	0.001047575	0.001129478	0.0010631	0.00101906	0.001083657	0.0010443	0.00098633	0.001035925
135	0.34731	0.347139272	0.347360626	0.031306	0.031219095	0.031483381	0.0011495	0.001164943	0.001333368	0.0011242	0.001107245	0.001206702	0.0011041	0.001067737	0.001140904	0.0010797	0.001025147	0.001078512
140	0.36054	0.360298915	0.360501327	0.032905	0.032727893	0.032965018	0.001224	0.001286594	0.00134458	0.0011827	0.001184759	0.001322407	0.0011533	0.001126849	0.001216404	0.0011205	0.001069924	0.001130659
145	0.37374	0.373446436	0.373640334	0.034467	0.034216748	0.034440177	0.008543	0.008473622	0.008863077	0.0012627	0.001294249	0.001540436	0.0012152	0.001201172	0.001322353	0.0011685	0.001122315	0.001196025
150	0.38693	0.386583103	0.386777387	0.035998	0.03568865	0.035909299	0.0094564	0.009239893	0.009585926	0.0013942	0.001480091	0.003304099	0.0012984	0.001299475	0.001486477	0.0012267	0.00118466	0.00128022
155	0.40009	0.399710011	0.399912126	0.037504	0.037145975	0.037372597	0.010248	0.009942554	0.010271915	0.0035094	0.003330366	0.004393816	0.0014252	0.0014403	0.001785656	0.0012999	0.001260346	0.001391969
160	0.41325	0.412828113	0.413044135	0.038989	0.038590645	0.038830123	0.01097	0.010602432	0.010930903	0.0048224	0.004467538	0.005090352	0.0016789	0.001671582	0.002369613	0.0013966	0.001354343	0.001544248
165	0.42639	0.42593824	0.426172965	0.040457	0.040024236	0.040281824	0.011645	0.01123124	0.011568776	0.0055566	0.005142357	0.005671545	0.0024277	0.002128808	0.00303618	0.0015326	0.001473856	0.001752209
170	0.43952	0.439041122	0.43929816	0.041909	0.041448058	0.041727585	0.012285	0.011836314	0.012189298	0.0061471	0.005695403	0.006192049	0.0032685	0.002805421	0.003583627	0.0017331	0.001628391	0.002020373
175	0.45264	0.452137401	0.452419279	0.043348	0.042863207	0.043167265	0.012899	0.012422595	0.012795006	0.0066641	0.006185572	0.006673537	0.0038604	0.003374528	0.00404862	0.0020184	0.001826837	0.002327432
180	0.46575	0.465227648	0.465535918	0.044776	0.044270614	0.044600719	0.013492	0.012993589	0.013387683	0.0071349	0.006636147	0.007127	0.0043364	0.003837871	0.004462565	0.0023626	0.002068688	0.002641602
185	0.47885	0.478312365	0.478647718	0.046194	0.045671075	0.046027823	0.014068	0.013551887	0.013968641	0.0075737	0.007059087	0.007558833	0.0047488	0.004239677	0.004841871	0.0027092	0.002337656	0.002944532
190	0.49194	0.491392005	0.491754382	0.047603	0.047065272	0.047448487	0.01463	0.014099461	0.014538884	0.0079886	0.007461463	0.007973107	0.0051206	0.004602498	0.005195737	0.0030317	0.002612293	0.003230963
195	0.50503	0.504466968	0.504855679	0.049004	0.048453798	0.048862663	0.015181	0.014637851	0.015099222	0.0083851	0.007847853	0.008372605	0.005464	0.004938405	0.005529796	0.0033279	0.002879394	0.00350109
200	0.51811	0.517537616	0.517951452	0.050398	0.049837171	0.050270358	0.015721	0.015168286	0.015650334	0.0087669	0.008221412	0.008759339	0.0057864	0.005254546	0.005847758	0.0036017	0.003134463	0.003756588
205	0.53119	0.530604273	0.531041616	0.051786	0.051215843	0.051671634	0.016253	0.015691762	0.016192823	0.0091366	0.00858442	0.009134839	0.0060926	0.005555503	0.006152222	0.0038575	0.003377277	0.003999283
210	0.54426	0.543667232	0.544126161	0.053168	0.052590213	0.053066606	0.016777	0.0162091	0.016727241	0.0094963	0.008938583	0.009500324	0.0063858	0.005844397	0.00644511	0.0040988	0.003609034	0.004230802
215	0.55733	0.556726758	0.557205149	0.054545	0.053960635	0.054455448	0.017295	0.016720984	0.017254111	0.0098474	0.009285213	0.009856809	0.0066685	0.006123456	0.006727909	0.0043282	0.003831207	0.004452525
220	0.57039	0.56978309	0.570278704	0.055918	0.055327424	0.055838381	0.017807	0.01722799	0.017773942	0.010191	0.009625348	0.010205163	0.0069424	0.006394331	0.007001822	0.0045478	0.00404516	0.00466562
225	0.58345	0.582836448	0.583347012	0.057286	0.056690859	0.057215673	0.018313	0.017730609	0.018287232	0.010529	0.009959819	0.01054616	0.0072088	0.006658279	0.007267855	0.0047593	0.004252061	0.004871085
230	0.5965	0.59588703	0.596410308	0.05865	0.058051193	0.05858763	0.018815	0.018229263	0.018794476	0.010861	0.010289308	0.010880501	0.0074688	0.006916284	0.007526876	0.0049638	0.004452879	0.005069785
235	0.60956	0.608935017	0.609468868	0.060011	0.05940865	0.059954589	0.019313	0.018724316	0.019296161	0.011188	0.010614376	0.01120883	0.0077232	0.00716913	0.00777965	0.0051623	0.004648416	0.005262485
240	0.6226	0.621980575	0.622523001	0.061368	0.060763436	0.061316908	0.019807	0.019216087	0.019792769	0.01151	0.010935498	0.01153175	0.0079728	0.007417455	0.008026864	0.0053557	0.004839333	0.005449867
245	0.63565	0.635023856	0.635573037	0.062723	0.062115735	0.06267496	0.020297	0.019704852	0.020284768	0.011829	0.011253073	0.01184982	0.0082181	0.007661782	0.008269141	0.0055445	0.00502618	0.005632546
250	0.64869	0.648065001	0.648619321	0.064075	0.063465713	0.064029122	0.020784	0.020190859	0.020772616	0.012144	0.011567443	0.012163566	0.0084595	0.007902548	0.00850705	0.0057294	0.005209417	0.00581108
255	0.66173	0.661104137	0.6616622	0.065424	0.064813525	0.065379771	0.021269	0.020674324	0.021256749	0.012456	0.011878905	0.012473475	0.0086976	0.008140122	0.00874111	0.0059108	0.005389435	0.005985975
260	0.67477	0.674141382	0.674702016	0.066771	0.066159307	0.066727271	0.02175	0.02115544	0.02173758	0.012765	0.012187715	0.012780001	0.0089325	0.008374818	0.008971794	0.0060889	0.005566563	0.006157691
265	0.68781	0.687176847	0.687739099	0.068115	0.067503188	0.06807197	0.02223	0.021634382	0.022215494	0.013072	0.012494097	0.013083557	0.0091647	0.008606906	0.009199531	0.0062642	0.005741083	0.006326642
270	0.70084	0.700210632	0.70077376	0.069458	0.068845283	0.069414195	0.022707	0.022111303	0.022690847	0.013376	0.012798249	0.013384519	0.0093943	0.008836618	0.009424706	0.006437	0.005913241	0.006493196
275	0.71388	0.71324283	0.713806289	0.070798	0.0701857	0.070754244	0.023181	0.022586345	0.023163961	0.013677	0.013100345	0.013683225	0.0096216	0.009064159	0.00964766	0.0066074	0.006083247	0.006657682
280	0.72691	0.726273529	0.726836944	0.072137	0.071524537	0.072092388	0.023654	0.023059633	0.023635121	0.013977	0.013400541	0.013979972	0.0098468	0.009289707	0.009868694	0.0067757	0.006251287	0.006820386
285	0.73994	0.739302809	0.739865956	0.073474	0.072861884	0.073428862	0.024125	0.023531283	0.024104578	0.014275	0.013698976	0.014275017	0.01007	0.00951342	0.010088065	0.006942	0.006417523	0.006981554
290	0.75296	0.752330745	0.752893522	0.074809	0.074197825	0.074763871	0.024595	0.024001398	0.024572546	0.014571	0.013995773	0.014568579	0.010291	0.009735438	0.010305992	0.0071066	0.006582098	0.007141392
295	0.76599	0.765357406	0.76591981	0.076143	0.075532437	0.076097586	0.025063	0.024470074	0.025039202	0.014866	0.014291046	0.014860841	0.010511	0.009955885	0.010522658	0.0072695	0.006745141	0.007300074
300	0.77902	0.778382858	0.778944955	0.077476	0.076865792	0.077430146	0.025529	0.024937398	0.025504693	0.015159	0.014584894	0.015151951	0.010729	0.010174872	0.010738209	0.0074309	0.006906763	0.007457736
305	0.79204	0.791407161	0.791969065	0.078807	0.078197958	0.07876166	0.025994	0.02540345	0.025969133	0.01545	0.014877411	0.015442025	0.010946	0.010392501	0.010952761	0.0075908	0.007067067	0.007614488
310	0.80506	0.804430371	0.804992219	0.080137	0.079528994	0.080092212	0.026458	0.025868302	0.026432609	0.01574	0.015168679	0.015731152	0.011162	0.010608862	0.0111664	0.0077495	0.007226143	0.007770409
315	0.81808	0.817452543	0.818014474	0.081465	0.08085896	0.081421861	0.02692	0.026332023	0.026895182	0.016029	0.015458775	0.016019395	0.011376	0.010824037	0.01137919	0.0079069	0.007384075	0.007925559
320	0.8311	0.830473725	0.831035869	0.082793	0.082187909	0.082750646	0.027382	0.026794675	0.027356896	0.016317	0.015747768	0.016306798	0.011589	0.0110381	0.011591174	0.0080632	0.007540935	0.008079975
325	0.84412	0.843493964	0.844056425	0.08412	0.08351589	0.08407859	0.027842	0.027256316	0.027817776	0.016604	0.016035722	0.016593387	0.011801	0.011251119	0.011802378	0.0082184	0.007696793	0.008233682
330	0.85714	0.856513304	0.85707615	0.085445	0.084842951	0.085405704	0.028301	0.027716998	0.028277835	0.016889	0.016322697	0.016879179	0.012012	0.011463155	0.012012817	0.0083726	0.007851709	0.008386691
335	0.87016	0.869531786	0.870095047	0.08677	0.086169135	0.086731991	0.028759	0.028176771	0.028737079	0.017174	0.016608745	0.017164178	0.012222	0.011674267	0.012222498	0.0085258	0.008005739	0.008539006
340	0.88317	0.882549448	0.883113111	0.088094	0.087494484	0.088057448	0.029217	0.028635681	0.029195507	0.017458	0.016893917	0.017448385	0.012431	0.011884506	0.01243142	0.0086782	0.008158935	0.008690627
345	0.89619	0.895566326	0.896130337	0.089417	0.088819036	0.089382071	0.029673	0.029093772	0.029653116	0.01774	0.017178259	0.0177318	0.012639	0.012093919	0.012639582	0.0088298	0.008311344	0.00884155
350	0.9092	0.908582456	0.909146721	0.090739	0.090142827	0.090705856	0.030129	0.029551083	0.030109907	0.018023	0.017461813	0.018014421	0.012846	0.012302552	0.012846985	0.0089805	0.00846301	0.008991774
355	0.92222	0.921597868	0.922162261	0.09206	0.09146589	0.092028804	0.030584	0.03000765	0.030565878	0.018304	0.017744621	0.018296251	0.013053	0.012510446	0.01305363	0.0091306	0.008613972	0.009141299
360	0.93523	0.934612594	0.93517696	0.093381	0.092788259	0.093350918	0.031038	0.03046351	0.031021038	0.018584	0.018026718	0.018577296	0.013258	0.012717637	0.013259523	0.0092799	0.008764267	0.00929013
365	0.94824	0.947626663	0.94819083	0.0947	0.094109963	0.09467221	0.031491	0.030918695	0.031475397	0.018864	0.018308138	0.018857568	0.013464	0.012924162	0.013464676	0.0094285	0.00891393	0.009438278
370	0.96126	0.960640101	0.961203887	0.09602	0.095431029	0.095992697	0.031944	0.031373234	0.031928973	0.019143	0.018588915	0.019137086	0.013668	0.013130053	0.013669106	0.0095766	0.009062992	0.009585757
375	0.97427	0.973652934	0.974216155	0.097338	0.096751486	0.097312404	0.032396	0.031827158	0.032381792	0.019422	0.018869078	0.019415873	0.013872	0.013335341	0.013872839	0.009724	0.009211483	0.009732589
380	0.98728	0.986665186	0.987227665	0.098656	0.098071358	0.098631361	0.032848	0.032280493	0.032833885	0.0197	0.019148655	0.019693962	0.014075	0.013540054	0.014075902	0.0098708	0.009359431	0.009878802
385	1.0003	0.999676881	1.000238453	0.099973	0.09939067	0.099949607	0.033299	0.032733264	0.033285288	0.019977	0.019427672	0.019971387	0.014278	0.013744219	0.014278331	0.010017	0.00950686	0.010024429
390	1.0133	1.01268804	1.013248563	0.10129	0.100709443	0.101267182	0.033749	0.033185495	0.033736043	0.020254	0.019706155	0.02024819	0.01448	0.013947861	0.014480165	0.010163	0.009653796	0.010169506
395	1.0263	1.025698685	1.026258041	0.10261	0.102027699	0.102584133	0.034199	0.03363721	0.034186197	0.02053	0.019984126	0.020524415	0.014682	0.014151002	0.014681448	0.010308	0.009800259	0.010314073
400	1.0393	1.038708834	1.039266936	0.10392	0.103345458	0.103900511	0.034648	0.034088427	0.034635797	0.020806	0.020261606	0.02080011	0.014883	0.014353665	0.014882226	0.010453	0.009946272	0.010458175
