 TITLE = "Density VS Temperature for Oxygen" 

  VARIABLES =  T	v_NIST_0.1Mpa	v_Soave_0.1Mpa	v_new_0.1Mpa	v_NIST_1Mpa	v_Soave_1Mpa	v_new_1Mpa	v_NIST_5Mpa	v_Soave_5Mpa	v_new_5Mpa	v_NIST_7Mpa	v_Soave_7Mpa	v_new_7Mpa	v_NIST_8Mpa	v_Soave_8Mpa	v_new_8Mpa	v_NIST_10Mpa	v_Soave_10Mpa	v_new_10Mpa
220	0.40993	0.410187053	0.409828714	0.00085687	0.000898031	0.000858434	0.00085061	0.000880451	0.000846342	0.00084766	0.000872857	0.000840937	0.00084623	0.000869302	0.000838371	0.00084343	0.000862614	0.000833483
230	0.4294	0.429301588	0.428978589	0.00088576	0.000937177	0.000890203	0.00087772	0.00091365	0.000874463	0.00087399	0.000903814	0.000867579	0.00087219	0.000899267	0.000864339	0.00086869	0.000890808	0.000858219
240	0.44878	0.448393282	0.448110432	0.040231	0.040903028	0.040566764	0.00090854	0.000952977	0.000908347	0.0009037	0.000939899	0.000899309	0.00090138	0.000933957	0.000895109	0.00089693	0.00092306	0.00088726
250	0.4681	0.467465014	0.46722696	0.042671	0.043053857	0.042776859	0.00094441	0.001000896	0.000950539	0.00093791	0.000982858	0.000938163	0.00093484	0.000974867	0.000932516	0.00092901	0.000960493	0.00092212
260	0.48736	0.486519196	0.486330188	0.045015	0.045177479	0.044961513	0.00098758	0.00106177	0.001005523	0.00097841	0.001035508	0.000987495	0.00097416	0.001024314	0.000979502	0.00096623	0.001004743	0.000965118
270	0.50657	0.505557866	0.505421559	0.047288	0.047278211	0.047124867	0.0010423	0.001144636	0.001082456	0.0010283	0.001102838	0.001053441	0.001022	0.001086187	0.001041222	0.0010107	0.001058323	0.001020035
280	0.52574	0.524582755	5.25E-01	0.049507	0.049359444	0.049269854	0.0011187	0.001274742	0.001205968	0.0010938	0.001195141	0.001149269	0.0010835	0.001167787	0.00112801	0.0010658	0.001125374	0.00109363
290	0.54489	0.543595346	5.44E-01	0.051682	0.051423893	0.051398532	0.0067379	0.006875324	0.006815262	0.0011915	0.001340403	0.001314737	0.0011707	0.0012856	0.001266049	0.0011389	0.001213391	0.001199742
300	0.56401	0.562596917	5.63E-01	0.053823	0.053473761	0.053512327	0.0077883	0.007647876	0.007721232	0.0014163	0.001723583	0.00346965	0.0013277	0.001493489	0.001570944	0.0012475	0.001337976	0.00137362
310	0.5831	0.581588572	5.82E-01	0.055935	0.055510863	0.055612218	0.0086111	0.008327789	0.008496302	0.0047478	0.004481538	0.00479257	0.0030515	0.002619039	0.003402564	0.0014582	0.001539459	0.001745498
320	0.60218	0.600571274	6.01E-01	0.058024	0.057536708	0.057698876	0.009327	0.008951905	0.009197412	0.0055947	0.005208294	0.005565552	0.004312	0.003886957	0.004367448	0.0022308	0.001954045	0.002618491
330	0.62124	0.619545864	6.20E-01	0.060092	0.059552567	0.059772775	0.0099779	0.009538018	0.009848937	0.0062457	0.005792529	0.006197221	0.0050283	0.004553694	0.00503383	0.0032232	0.002697806	0.003390348
340	0.64028	0.638513081	6.39E-01	0.062143	0.061559517	0.061834284	0.010584	0.010096299	0.010463804	0.006805	0.006306696	0.006754574	0.0055976	0.005086542	0.005589303	0.0038667	0.003325044	0.003964438
350	0.65931	0.657473578	6.58E-01	0.06418	0.063558478	0.063883725	0.011158	0.010633191	0.011049793	0.007309	0.006777649	0.00726374	0.0060918	0.005553161	0.006082049	0.0043705	0.003816917	0.004442183
360	0.67833	0.676427931	6.77E-01	0.066203	0.065550246	0.065921436	0.011707	0.011153063	0.011612022	0.0077752	0.007218784	0.007738025	0.0065389	0.005978958	0.006532736	0.004802	0.004236607	0.004862909
370	0.69734	0.695376654	0.695773916	0.068215	0.067535507	0.067947797	0.012236	0.011659039	0.012154114	0.0082137	0.007637894	0.008185295	0.0069532	0.006376626	0.006952417	0.0051884	0.004612562	0.005244952
380	0.71635	0.714320205	0.714753962	0.070218	0.069514861	0.069963257	0.012749	0.012153432	0.0126788	0.0086309	0.008039968	0.008610704	0.0073433	0.006753545	0.007347851	0.0055437	0.004959046	0.005598441
390	0.73534	0.733258992	0.733724479	0.072212	0.071488835	0.071968341	0.013248	0.012638016	0.013188258	0.0090313	0.00842842	0.009017911	0.0077145	0.007114432	0.007723588	0.0058762	0.005284202	0.005929676
400	0.75433	0.752193383	0.752685908	0.074198	0.073457892	0.073963656	0.013736	0.013114177	0.013684309	0.009418	0.008805702	0.009409686	0.0080707	0.007462511	0.008082928	0.0061909	0.005593131	0.006242945
410	0.77331	0.771123709	0.771638786	0.076177	0.075422443	0.075949875	0.014214	0.013583026	0.014168537	0.0097933	0.009173639	0.00978824	0.0084146	0.007800093	0.008428413	0.0064916	0.005889255	0.006541381
420	0.79228	0.790050268	0.79058373	0.07815	0.077382851	0.077927729	0.014684	0.014045466	0.014642354	0.010159	0.009533636	0.010155414	0.0087482	0.0081289	0.008762097	0.0067808	0.006174993	0.006827403
430	0.81125	0.80897333	0.809521416	0.080118	0.079339441	0.079897985	0.015146	0.014502242	0.01510704	0.010516	0.009886794	0.010512781	0.0090732	0.00845025	0.009085697	0.0070605	0.006452119	0.007102962
440	0.83021	0.82789314	0.828452551	0.08208	0.081292507	0.081861424	0.015602	0.014953976	0.015563764	0.010867	0.010233999	0.010861718	0.0093907	0.008765182	0.009400682	0.0073321	0.006721979	0.007369677
450	0.84918	0.84680992	0.847377851	0.084038	0.083242308	0.08381882	0.016053	0.015401194	0.01601359	0.011211	0.010575972	0.011203432	0.0097017	0.009074525	0.009708325	0.0075968	0.00698562	0.00762892
460	0.86813	0.865723873	0.866298015	0.085992	0.08518908	0.085770919	0.016498	0.015844345	0.016457484	0.01155	0.010913308	0.011538989	0.010007	0.009378957	0.010009735	0.0078555	0.007243874	0.007881862
470	0.88708	0.884635185	0.885213707	0.087942	0.087133038	0.087718419	0.016939	0.016283815	0.016896304	0.011883	0.011246509	0.011869321	0.010308	0.009679038	0.010305872	0.008109	0.007497412	0.008129506
480	0.90603	0.903544025	0.904125533	0.089889	0.089074374	0.089661957	0.017376	0.016719938	0.017330809	0.012213	0.011575996	0.012195235	0.010604	0.009975237	0.010597564	0.008358	0.007746788	0.008372704
490	0.92498	0.922450548	0.923034036	0.091832	0.091013264	0.091602094	0.01781	0.017153005	0.017761649	0.012539	0.011902131	0.012517417	0.010896	0.010267949	0.01088551	0.0086028	0.007992461	0.00861217
500	0.94392	0.941354896	0.941939682	0.093773	0.092949869	0.093539314	0.01824	0.017583272	0.018189374	0.012861	0.012225226	0.01283644	0.011184	0.010557513	0.011170292	0.008844	0.008234818	0.008848496
510	0.96286	0.960257202	0.960842859	0.095711	0.094884334	0.095474016	0.018667	0.018010966	0.018614434	0.01318	0.01254555	0.013152771	0.01147	0.010844222	0.011452382	0.009082	0.008474189	0.009082159
520	0.9818	0.979157586	0.979743878	0.097646	0.096816793	0.097406523	0.019091	0.018436286	0.019037185	0.013497	0.01286334	0.01346678	0.011752	0.011128328	0.011732154	0.009317	0.008710855	0.009313536
530	1.0007	0.998056159	0.998642976	0.099579	0.098747369	0.099337079	0.019513	0.018859412	0.019457903	0.013811	0.013178803	0.013778748	0.012032	0.011410053	0.012009893	0.0095494	0.008945061	0.009542913
540	1.0197	1.016953026	1.017540326	0.10151	0.100676175	0.101265862	0.019933	0.019280504	0.019876787	0.014122	0.013492124	0.014088885	0.01231	0.011689591	0.012285809	0.0097793	0.009177018	0.009770502
550	1.0386	1.035848281	1.036436047	0.10344	0.102603314	0.103192997	0.02035	0.019699705	0.02029398	0.014431	0.013803465	0.014397337	0.012585	0.011967114	0.01256005	0.010007	0.009406915	0.00999645
560	1.0575	1.054742013	1.05533021	0.10537	0.104528883	0.10511856	0.020766	0.020117144	0.020709573	0.014739	0.014112972	0.014704201	0.012859	0.012242776	0.012832715	0.010233	0.009634915	0.010220857
570	1.0765	1.073634304	1.074222856	0.10729	0.106452971	0.107042594	0.021179	0.02053294	0.021123624	0.015044	0.014420776	0.015009537	0.01313	0.012516712	0.013103865	0.010457	0.009861163	0.010443787
580	1.0954	1.092525232	1.093114001	0.10922	0.108375659	0.10896512	0.021591	0.020947199	0.021536164	0.015348	0.014726994	0.015313381	0.0134	0.012789045	0.013373538	0.010679	0.01008579	0.010665275
590	1.1143	1.111414867	1.112003649	0.11114	0.110297022	0.110886144	0.022002	0.021360018	0.021947211	0.01565	0.015031733	0.015615755	0.013668	0.013059885	0.013641754	0.010899	0.010308911	0.010885346
600	1.1332	1.130303275	1.130891801	0.11306	0.112217133	0.11280567	0.022411	0.021771484	0.022356778	0.015951	0.015335088	0.015916672	0.013935	0.013329332	0.013908531	0.011118	0.010530632	0.011104015
610	1.1522	1.14919052	1.149778458	0.11498	0.114136056	0.114723702	0.022818	0.022181681	0.022764878	0.01625	0.015637148	0.01621615	0.0142	0.013597475	0.014173885	0.011336	0.010751046	0.0113213
620	1.1711	1.168076658	1.168663631	0.1169	0.116053853	0.116640253	0.023225	0.02259068	0.023171531	0.016548	0.015937992	0.016514209	0.014465	0.013864398	0.014437837	0.011553	0.010970238	0.011537222
630	1.19	1.186961743	1.187547345	0.11881	0.11797058	0.118555349	0.02363	0.022998553	0.023576767	0.016845	0.016237693	0.016810882	0.014728	0.014130174	0.014700421	0.011768	0.011188287	0.011751815
640	1.2089	1.205845828	1.206429636	0.12073	0.119886291	0.120469029	0.024034	0.02340536	0.023980631	0.017141	0.016536318	0.017106213	0.014989	0.014394872	0.01496168	0.011982	0.011405261	0.011965122
650	1.2278	1.224728958	1.225310557	0.12265	0.121801036	0.122381346	0.024437	0.023811161	0.024383178	0.017435	0.016833928	0.017400259	0.01525	0.014658555	0.015221671	0.012195	0.011621226	0.012177198
660	1.2468	1.24361118	1.244190177	0.12456	0.123714861	0.124292369	0.024839	0.024216009	0.02478448	0.017729	0.017130581	0.01769309	0.01551	0.014921281	0.015480464	0.012407	0.011836241	0.012388114
670	1.2657	1.262492534	1.26306858	0.12647	0.125627809	0.126202184	0.025241	0.024619955	0.025184622	0.018022	0.017426328	0.017984791	0.015769	0.015183102	0.015738143	0.012619	0.012050359	0.012597948
680	1.2846	1.281373061	1.281945862	0.12839	0.127539922	0.128110886	0.025641	0.025023044	0.025583698	0.018314	0.017721217	0.018275455	0.016027	0.015444068	0.015994801	0.012829	0.012263632	0.012806794
690	1.3035	1.300252797	1.300822131	0.1303	0.129451238	0.130018584	0.02604	0.025425321	0.025981816	0.018605	0.018015294	0.018565188	0.016284	0.015704223	0.016250541	0.013039	0.012476104	0.013014753
700	1.3224	1.319131777	1.319697505	0.13221	0.131361793	0.131925396	0.026439	0.025826824	0.026379091	0.018896	0.0183086	0.018854102	0.016541	0.015963611	0.016505477	0.013248	0.012687818	0.013221933
710	1.3413	1.338010035	1.338572111	0.13412	0.133271621	0.133831447	0.026837	0.026227592	0.026775644	0.019185	0.018601174	0.019142317	0.016796	0.01622227	0.016759724	0.013456	0.012898813	0.013428451
720	1.3602	1.356887601	1.357446079	0.13603	0.135180754	0.135736866	0.027234	0.026627661	0.0271716	0.019474	0.018893051	0.019429956	0.017051	0.016480236	0.017013406	0.013663	0.013109127	0.013634424
730	1.3792	1.375764506	1.37631954	0.13794	0.137089222	0.137641786	0.027631	0.027027061	0.027567088	0.019763	0.019184266	0.019717143	0.017306	0.016737544	0.017266646	0.01387	0.013318793	0.013839974
740	1.3981	1.394640776	1.395192629	0.13984	0.138997055	0.139546337	0.028027	0.027425825	0.027962234	0.02005	0.01947485	0.020004004	0.01756	0.016994224	0.017519566	0.014076	0.013527843	0.014045221
750	1.417	1.413516438	1.414065476	0.14175	0.140904277	0.141450651	0.028422	0.027823982	0.028357163	0.020337	0.019764831	0.020290658	0.017813	0.017250307	0.017772287	0.014282	0.013736306	0.01425028
760	1.4359	1.432391518	1.432938205	0.14366	0.142810916	0.143354849	0.028817	0.028221557	0.028751992	0.020624	0.020054239	0.020577223	0.018066	0.01750582	0.018024923	0.014487	0.01394421	0.014455265
770	1.4548	1.451266037	1.451810932	0.14557	0.144716995	0.145259048	0.029211	0.028618578	0.029146833	0.02091	0.020343098	0.020863806	0.018318	0.017760789	0.018277581	0.014692	0.014151581	0.01466028
780	1.4737	1.47014002	1.470683763	0.14747	0.146622537	0.147163353	0.029605	0.029015067	0.029541787	0.021195	0.020631432	0.021150506	0.018569	0.018015238	0.018530357	0.014896	0.014358442	0.014865418
790	1.4926	1.489013487	1.489556792	0.14938	0.148527563	0.149067854	0.029999	0.029411048	0.029936939	0.02148	0.020919266	0.021437407	0.01882	0.018269189	0.018783337	0.015099	0.014564817	0.015070762
800	1.5115	1.507886458	1.508430094	0.15128	0.150432094	0.150972629	0.030391	0.029806542	0.030332364	0.021765	0.021206619	0.021724581	0.019071	0.018522666	0.019036589	0.015302	0.014770727	0.01527638

