 TITLE = "PR density_T" 

  VARIABLES = Temperature	PR_cp_01	NIST_cp_01	PR_cp_1	NIST_cp_1	PR_cp_3	NIST_cp_3	PR_cp_5	NIST_cp_5	PR_cp_7	NIST_cp_7	PR_cp_10	NIST_cp_10
60	1039.853289	1127.7	1047.846548	1130.2	1065.456461	1135.7	1082.866965	1141.2	1100.09089	1146.6	1125.602008	1154.5
65	973.2456711	1102	981.2583514	1104.6	998.8844922	1110.2	1016.277415	1115.7	1033.453531	1121.1	1058.842882	1129.2
70	912.6494852	1066.6	920.7256873	1069.3	938.4602856	1075.4	955.9210431	1081.3	973.129106	1087.2	998.5077057	1095.8
75	856.9987691	1027.8	865.1836316	1030.8	883.1194422	1037.5	900.7320063	1044	918.048827	1050.4	943.5211814	1059.9
80	805.4437067	987.7	813.7856591	991.11	832.0202334	998.54	849.8706593	1005.8	867.3731117	1012.9	893.0410946	1023.3
85	757.2877516	947.06	765.8411584	950.89	784.4815895	959.23	802.6616431	967.35	820.4295485	975.25	846.3958378	986.76
90	711.9417918	905.9	720.7704122	910.23	739.9392148	919.62	758.5505323	928.7	776.6697182	937.5	803.0411249	950.23
95	186.2723142	183.16	678.0700053	868.97	697.9130946	879.58	717.072412	889.77	735.6382703	899.59	762.5292539	913.71
100	191.3695372	188.37	637.2835392	826.85	657.9819018	838.9	677.8281505	850.39	696.9501101	861.38	724.4867917	877.07
105	196.3007051	193.31	597.9729235	783.53	619.7608965	797.32	640.4654686	810.35	660.2729879	822.71	688.5980362	840.2
110	201.0817768	198.11	559.6840888	738.58	582.8800689	754.54	604.662577	769.42	625.3136183	783.4	654.5925253	802.97
115	205.7262004	202.78	521.8958855	691.43	546.9582901	710.13	570.112298	727.31	591.8059308	743.25	622.2354314	765.27
120	210.245443	207.35	193.8553756	190	511.5659996	663.59	536.5041191	683.68	559.5002469	702.02	591.3200622	726.96
125	214.6493841	211.8	200.0540274	196.96	476.1597637	614.14	503.5000643	638.06	528.1521301	659.42	561.6619555	687.89
130	218.9466141	216.16	205.8800008	203.1	439.9431281	560.57	470.6961481	589.79	497.5092628	615.09	533.0942831	647.91
135	223.1446628	220.42	211.3957392	208.82	401.4945709	500.72	437.5497299	537.88	467.2937308	568.52	505.4645261	606.84
140	227.2501791	224.59	216.6481558	214.24	357.3299842	429.75	403.2161431	480.62	437.1748974	519	478.6327769	564.48
145	231.269072	228.68	221.6735182	219.4	199.1607	191.05	366.0841091	414.65	406.7231045	465.48	452.4727843	520.61
150	235.2066241	232.7	226.500525	224.36	206.9916344	201.35	321.7710163	330.93	375.3234141	406.38	426.8785513	475.05
155	239.0675832	236.64	231.1523287	229.13	214.0527995	209.66	211.32503	172.9	342.011033	339.39	401.7831938	427.84
160	242.8562372	240.51	235.6479162	233.74	220.5422698	216.96	212.9737193	196.19	305.3072899	261.64	377.2056515	379.65
165	246.576476	244.31	240.0030783	238.2	226.5834299	223.58	219.2139647	207.8	266.3856672	206.47	353.3582793	332.57
170	250.2318425	248.05	244.231109	242.53	232.2600734	229.71	225.5497594	216.92	244.9444626	210.69	330.8623893	291.48
175	253.8255759	251.73	248.3433206	246.74	237.6324952	235.45	231.6391062	224.79	241.4886341	219.06	311.0166483	263.41
180	257.3606478	255.36	252.3494308	250.84	242.7459284	240.86	237.4382132	231.86	243.4090866	226.95	295.5952363	250.86
185	260.8397929	258.93	256.2578582	254.85	247.6353984	246.01	242.9602466	238.35	247.0222691	234.23	285.5907939	248.47
190	264.2655356	262.45	260.0759516	258.76	252.32871	250.92	248.2302919	244.38	251.2494066	240.97	280.347787	250.55
195	267.6402124	265.92	263.81017	262.58	256.8483858	255.64	253.2741067	250.04	255.6920582	247.26	278.4279835	254.43
200	270.9659915	269.34	267.4662256	266.33	261.2129776	260.18	258.1151487	255.39	260.1798867	253.17	278.5948489	259
205	274.2448894	272.71	271.0491991	270.01	265.437983	264.56	262.7739903	260.48	264.633955	258.75	280.0352468	263.81
210	277.4787864	276.05	274.5636331	273.61	269.5365055	268.81	267.2684571	265.34	269.0165759	264.05	282.2545687	268.66
215	280.6694387	279.33	278.0136083	277.15	273.519741	272.93	271.6139609	270.01	273.3102353	269.1	284.953935	273.46
220	283.8184905	282.58	281.4028069	280.63	277.3973437	276.94	275.8238548	274.51	277.5078222	273.95	287.9494951	278.16
225	286.9274834	285.79	284.7345649	284.05	281.177706	280.84	279.9097543	278.85	281.6077616	278.6	291.1254186	282.74
230	289.9978658	288.95	288.0119164	287.42	284.868177	284.64	283.8818111	283.05	285.6114556	283.08	294.4070229	287.21
235	293.0310006	292.08	291.2376304	290.73	288.4752333	288.36	287.7489417	287.13	289.5218838	287.42	297.7451943	291.55
240	296.0281722	295.17	294.4142423	294	292.004617	292	291.519017	291.09	293.3428158	291.61	301.1071293	295.78
245	298.9905929	298.23	297.5440812	297.21	295.4614461	295.56	295.1990178	294.95	297.0783601	295.69	304.4706799	299.89
250	301.9194084	301.25	300.629292	300.38	298.8503044	299.04	298.7951638	298.71	300.7327048	299.64	307.8208077	303.91
255	304.8157032	304.24	303.6718562	303.51	302.1753158	302.46	302.3130209	302.39	304.3099693	303.49	311.147304	307.82
260	307.6805048	307.19	306.6736085	306.59	305.4402061	305.82	305.7575897	305.97	307.8141217	307.25	314.4432924	311.63
265	310.5147883	310.12	309.6362518	309.64	308.6483538	309.12	309.1333803	309.49	311.2489359	310.91	317.7042244	315.36
270	313.3194797	313.01	312.5613704	312.64	311.8028337	312.35	312.4444752	312.92	314.6179726	314.5	320.9271942	319.01
275	316.0954596	315.87	315.4504413	315.61	314.9064532	315.54	315.6945823	316.29	317.9245742	318	324.1104643	322.57
280	318.8435663	318.69	318.3048442	318.53	317.9617838	318.67	318.8870797	319.6	321.1718689	321.43	327.2531318	326.06
285	321.5645984	321.49	321.1258704	321.43	320.9711873	321.76	322.0250543	322.84	324.3627787	324.79	330.354891	329.48
290	324.2593179	324.27	323.9147308	324.29	323.936839	324.8	325.1113352	326.03	327.5000305	328.08	333.4158639	332.84
295	326.9284519	327.01	326.6725627	327.11	326.8607474	327.79	328.1485218	329.16	330.5861686	331.31	336.4364763	336.12
300	329.5726954	329.72	329.400436	329.9	329.7447718	330.74	331.1390082	332.25	333.6235668	334.49	339.4173679	339.35
305	332.1927128	332.41	332.099359	332.67	332.5906365	333.65	334.0850053	335.28	336.6144411	337.6	342.3593264	342.52
310	334.7891402	335.07	334.7702828	335.4	335.3999449	336.52	336.9885588	338.26	339.5608614	340.67	345.2632388	345.64
315	337.3625868	337.71	337.4141066	338.1	338.1741903	339.35	339.8515658	341.2	342.4647627	343.69	348.1300553	348.7
320	339.9136365	340.32	340.0316811	340.77	340.9147666	342.15	342.6757893	344.09	345.3279553	346.65	350.9607631	351.72
325	342.4428494	342.9	342.6238123	343.41	343.6229769	344.91	345.4628706	346.95	348.1521349	349.58	353.756366	354.68
330	344.9507633	345.46	345.1912648	346.03	346.3000419	347.63	348.2143404	349.76	350.9388912	352.45	356.5178709	357.6
335	347.4378947	348	347.7347648	348.62	348.9471066	350.33	350.9316291	352.54	353.6897163	355.29	359.2462765	360.47
340	349.90474	350.52	350.2550027	351.18	351.565247	352.99	353.6160754	355.28	356.4060119	358.09	361.9425657	363.31
345	352.3517768	353.01	352.7526359	353.72	354.1554757	355.62	356.2689341	357.98	359.0890964	360.84	364.6077008	366.1
350	354.7794645	355.48	355.2282905	356.23	356.7187469	358.22	358.8913832	360.65	361.7402112	363.56	367.2426188	368.85
355	357.1882456	357.92	357.6825638	358.72	359.255961	360.79	361.4845301	363.29	364.3605264	366.25	369.8482297	371.57
360	359.5785466	360.35	360.1160261	361.19	361.7679689	363.33	364.0494176	365.9	366.951146	368.9	372.4254142	374.25
365	361.9507784	362.76	362.5292223	363.63	364.2555757	365.85	366.5870287	368.47	369.5131125	371.51	374.9750235	376.89
370	364.3053376	365.14	364.9226734	366.05	366.7195437	368.34	369.0982911	371.02	372.047412	374.1	377.4978786	379.5
375	366.6426066	367.51	367.2968783	368.45	369.1605963	370.8	371.5840818	373.53	374.5549775	376.65	379.9947705	382.08
380	368.9629549	369.85	369.6523148	370.83	371.5794198	373.24	374.0452305	376.02	377.0366928	379.18	382.4664604	384.63
385	371.2667394	372.18	371.9894412	373.18	373.9766668	375.66	376.4825231	378.49	379.4933959	381.68	384.9136808	387.15
390	373.5543049	374.48	374.3086969	375.52	376.3529581	378.05	378.8967049	380.92	381.9258824	384.14	387.3371355	389.64
395	375.8259848	376.77	376.6105041	377.84	378.7088848	380.42	381.2884834	383.34	384.3349078	386.59	389.7375013	392.1
400	378.0821018	379.05	378.8952683	380.13	381.0450104	382.77	383.658531	385.72	386.7211906	389	392.1154283	394.54
