TITLE = "decane alpha prediction MODEL 3"
VARIABLES =  "Tr"	"Pr"	"bias corrected model"	"traning data"	"bias uncorrected model"	"upper"	"lower"	"bias"

ZONE I=100 J=9
0.566618099	0.04717	2.489672792	2.497298948	2.636044961	2.501666018	2.477679566	-0.14637217
0.577247299	0.04717	2.367958208	2.365762749	2.608795595	2.379951433	2.355964982	-0.240837387
0.587876499	0.04717	2.257212182	2.252832018	2.581546228	2.269205408	2.245218957	-0.324334046
0.598505698	0.04717	2.157769964	2.154835274	2.554296862	2.16976319	2.145776739	-0.396526897
0.609134898	0.04717	2.069427764	2.06900321	2.527047495	2.081420989	2.057434538	-0.457619732
0.619764097	0.04717	1.991539061	1.99320732	2.499798129	2.003532287	1.979545835	-0.508259068
0.630393297	0.04717	1.923127233	1.925784377	2.472548762	1.935120459	1.911134007	-0.549421529
0.641022496	0.04717	1.863002526	1.865415559	2.445299396	1.874995751	1.8510093	-0.58229687
0.651651696	0.04717	1.809873004	1.811041353	2.418050029	1.82186623	1.797879778	-0.608177026
0.662280895	0.04717	1.762441633	1.761800438	2.390800663	1.774434859	1.750448407	-0.62835903
0.672910095	0.04717	1.719484618	1.716985034	2.363551296	1.731477844	1.707491392	-0.644066679
0.683539295	0.04717	1.679909001	1.676007723	2.33630193	1.691902227	1.667915775	-0.656392929
0.694168494	0.04717	1.642789902	1.63837646	2.309052564	1.654783127	1.630796676	-0.666262662
0.704797694	0.04717	1.607389413	1.603675471	2.281803197	1.619382639	1.595396187	-0.674413784
0.715426893	0.04717	1.573160009	1.571550481	2.254553831	1.585153235	1.561166784	-0.681393821
0.726056093	0.04717	1.539735496	1.552942536	2.227304464	1.551728722	1.527742271	-0.687568968
0.736685292	0.04717	1.506912273	1.515003739	2.200055098	1.518905498	1.494919047	-0.693142825
0.747314492	0.04717	1.474623294	1.478906027	2.172805731	1.486616519	1.462630068	-0.698182437
0.757943691	0.04717	1.442906825	1.444524595	2.145556365	1.454900051	1.430913599	-0.70264954
0.768572891	0.04717	1.411872034	1.411745738	2.118306998	1.42386526	1.399878808	-0.706434964
0.779202091	0.04717	1.38166367	1.380465517	2.091057632	1.393656895	1.369670444	-0.709393962
0.78983129	0.04717	1.352428399	1.350588631	2.063808265	1.364421624	1.340435173	-0.711379867
0.80046049	0.04717	1.324285633	1.322027478	2.036558899	1.336278858	1.312292407	-0.712273266
0.811089689	0.04717	1.297305628	1.29470135	2.009309532	1.309298853	1.285312402	-0.712003905
0.821718889	0.04717	1.271497157	1.26853574	1.982060166	1.283490382	1.259503931	-0.710563009
0.832348088	0.04717	1.246806057	1.243461744	1.954810799	1.258799283	1.234812831	-0.708004742
0.842977288	0.04717	1.223124554	1.219415531	1.927561433	1.23511778	1.211131329	-0.704436878
0.853606487	0.04717	1.200309676	1.196337886	1.900312066	1.212302902	1.18831645	-0.70000239
0.864235687	0.04717	1.178207587	1.174173799	1.8730627	1.190200813	1.166214361	-0.694855113
0.874864887	0.04717	1.156679643	1.152872104	1.845813333	1.168672869	1.144686417	-0.68913369
0.885494086	0.04717	1.135625578	1.132385149	1.818563967	1.147618804	1.123632352	-0.682938389
0.896123286	0.04717	1.11499971	1.112668512	1.7913146	1.126992936	1.103006484	-0.67631489
0.906752485	0.04717	1.094817226	1.093680733	1.764065234	1.106810452	1.082824	-0.669248008
0.917381685	0.04717	1.075149409	1.075383083	1.736815867	1.087142635	1.063156183	-0.661666458
0.928010884	0.04717	1.056108643	1.057739347	1.709566501	1.068101868	1.044115417	-0.653457858
0.938640084	0.04717	1.037825896	1.040715631	1.682317134	1.049819122	1.02583267	-0.644491239
0.949269283	0.04717	1.020424732	1.024280186	1.655067768	1.032417958	1.008431506	-0.634643036
0.959898483	0.04717	1.003996457	1.008403248	1.627818401	1.015989683	0.992003231	-0.623821944
0.970527683	0.04717	0.988580743	0.993056892	1.600569035	1.000573968	0.976587517	-0.611988292
0.981156882	0.04717	0.974154987	0.978214894	1.573319668	0.986148213	0.962161762	-0.599164681
0.991786082	0.04717	0.96063403	0.963852616	1.546070302	0.972627256	0.948640804	-0.585436272
1.002415281	0.04717	0.94787996	0.949946889	1.518820935	0.959873185	0.935886734	-0.570940976
1.013044481	0.04717	0.935720016	0.936475908	1.491571569	0.947713242	0.92372679	-0.555851553
1.02367368	0.04717	0.923969287	0.923419144	1.464322202	0.935962513	0.911976061	-0.540352915
1.03430288	0.04717	0.91245426	0.91075725	1.437072836	0.924447486	0.900461035	-0.524618576
1.044932079	0.04717	0.901033404	0.898471986	1.409823469	0.913026629	0.889040178	-0.508790066
1.055561279	0.04717	0.88961172	0.886546141	1.382574103	0.901604946	0.877618494	-0.492962383
1.066190479	0.04717	0.878147463	0.874963467	1.355324737	0.890140689	0.866154238	-0.477177273
1.076819678	0.04717	0.866650648	0.863708618	1.32807537	0.878643874	0.854657422	-0.461424722
1.087448878	0.04717	0.85517438	0.852767084	1.300826004	0.867167606	0.843181154	-0.445651624
1.098078077	0.04717	0.843801068	0.842125148	1.273576637	0.855794293	0.831807842	-0.429775569
1.108707277	0.04717	0.832626195	0.831769826	1.246327271	0.84461942	0.820632969	-0.413701076
1.119336476	0.04717	0.821742378	0.821688826	1.219077904	0.833735603	0.809749152	-0.397335527
1.129965676	0.04717	0.811226056	0.811870504	1.191828538	0.823219281	0.79923283	-0.380602482
1.140594875	0.04717	0.801128415	0.802303823	1.164579171	0.813121641	0.789135189	-0.363450756
1.151224075	0.04717	0.79147126	0.792978318	1.137329805	0.803464486	0.779478034	-0.345858545
1.161853275	0.04717	0.782247663	0.783884058	1.110080438	0.794240889	0.770254437	-0.327832775
1.172482474	0.04717	0.77342652	0.775011617	1.082831072	0.785419746	0.761433295	-0.309404551
1.183111674	0.04717	0.76495969	0.766352044	1.055581705	0.776952916	0.752966464	-0.290622015
1.193740873	0.04717	0.756790217	0.757896832	1.028332339	0.768783443	0.744796991	-0.271542122
1.204370073	0.04717	0.748860278	0.749637895	1.001082972	0.760853503	0.736867052	-0.252222694
1.214999272	0.04717	0.741117756	0.741567543	0.973833606	0.753110982	0.72912453	-0.232715849
1.225628472	0.04717	0.733520784	0.733678458	0.946584239	0.74551401	0.721527559	-0.213063455
1.236257671	0.04717	0.726040005	0.725963673	0.919334873	0.738033231	0.714046779	-0.193294868
1.246886871	0.04717	0.718658693	0.718416557	0.892085506	0.730651919	0.706665467	-0.173426813
1.257516071	0.04717	0.711371146	0.711030787	0.86483614	0.723364372	0.69937792	-0.153464994
1.26814527	0.04717	0.704179928	0.703800341	0.837586773	0.716173153	0.692186702	-0.133406846
1.27877447	0.04717	0.697092584	0.696719472	0.810337407	0.709085809	0.685099358	-0.113244823
1.289403669	0.04717	0.690118426	0.689782702	0.78308804	0.702111651	0.6781252	-0.092969615
1.300032869	0.04717	0.683265847	0.682984801	0.755838674	0.695259073	0.671272621	-0.072572827
1.310662068	0.04717	0.676540498	0.676320775	0.728589307	0.688533724	0.664547272	-0.05204881
1.321291268	0.04717	0.66994446	0.669785856	0.701339941	0.681937686	0.657951234	-0.031395481
1.331920467	0.04717	0.663476391	0.663375487	0.674090574	0.675469617	0.651483165	-0.010614183
1.342549667	0.04717	0.657132455	0.657085314	0.646841208	0.669125681	0.645139229	0.010291247
1.353178867	0.04717	0.650907714	0.650911173	0.619591841	0.662900939	0.638914488	0.031315872
1.363808066	0.04717	0.644797612	0.64484908	0.592342475	0.656790838	0.632804386	0.052455137
1.374437266	0.04717	0.638799146	0.638895225	0.565093108	0.650792372	0.62680592	0.073706037
1.385066465	0.04717	0.632911404	0.633045958	0.537843742	0.64490463	0.620918178	0.095067662
1.395695665	0.04717	0.627135285	0.627297787	0.510594375	0.639128511	0.615142059	0.11654091
1.406324864	0.04717	0.621472406	0.621647365	0.483345009	0.633465632	0.609479181	0.138127397
1.416954064	0.04717	0.615923417	0.616091486	0.456095642	0.627916643	0.603930191	0.159827774
1.427583263	0.04717	0.610486142	0.610627077	0.428846276	0.622479368	0.598492916	0.181639866
1.438212463	0.04717	0.605154091	0.60525119	0.40159691	0.617147317	0.593160865	0.203557182
1.448841663	0.04717	0.599915887	0.599961	0.374347543	0.611909113	0.587922662	0.225568344
1.459470862	0.04717	0.594756053	0.594753794	0.347098177	0.606749279	0.582762828	0.247657877
1.470100062	0.04717	0.589657313	0.589626969	0.31984881	0.601650539	0.577664087	0.269808503
1.480729261	0.04717	0.584604218	0.584578026	0.292599444	0.596597444	0.572610992	0.292004774
1.491358461	0.04717	0.579587486	0.579604566	0.265350077	0.591580712	0.56759426	0.314237409
1.50198766	0.04717	0.574608055	0.574704283	0.238100711	0.586601281	0.562614829	0.336507345
1.51261686	0.04717	0.569679617	0.569874961	0.210851344	0.581672843	0.557686391	0.358828273
1.523246059	0.04717	0.564828322	0.565114471	0.183601978	0.576821547	0.552835096	0.381226344
1.533875259	0.04717	0.560088552	0.560420765	0.156352611	0.572081778	0.548095327	0.403735941
1.544504459	0.04717	0.555494106	0.555791873	0.129103245	0.567487332	0.54350088	0.426390861
1.555133658	0.04717	0.551064786	0.551225902	0.101853878	0.563058012	0.53907156	0.449210908
1.565762858	0.04717	0.546789202	0.546721027	0.074604512	0.558782428	0.534795976	0.472184691
1.576392057	0.04717	0.542605375	0.542275494	0.047355145	0.554598601	0.530612149	0.49525023
1.587021257	0.04717	0.53838141	0.537887612	0.020105779	0.550374636	0.526388185	0.518275632
1.597650456	0.04717	0.533898938	0.533555754	-0.007143588	0.545892164	0.521905712	0.541042526
1.608279656	0.04717	0.528842079	0.529278352	-0.034392954	0.540835305	0.516848853	0.563235033
1.618908855	0.04717	0.522794383	0.525053894	-0.061642321	0.534787609	0.510801158	0.584436704
0.566618099	0.4717	2.515247304	2.520824163	2.65986951	2.52724053	2.503254078	-0.144622206
0.577247299	0.4717	2.388630066	2.385626143	2.632620143	2.400623292	2.37663684	-0.243990077
0.587876499	0.4717	2.274125718	2.269701103	2.605370777	2.286118944	2.262132492	-0.331245059
0.598505698	0.4717	2.171817111	2.169216859	2.57812141	2.183810337	2.159823885	-0.406304299
0.609134898	0.4717	2.081230669	2.081289986	2.550872044	2.093223895	2.069237443	-0.469641375
0.619764097	0.4717	2.001469601	2.003709053	2.523622677	2.013462827	1.989476376	-0.522153076
0.630393297	0.4717	1.931359025	1.934749364	2.496373311	1.94335225	1.919365799	-0.565014286
0.641022496	0.4717	1.869587128	1.873045744	2.469123944	1.881580354	1.857593902	-0.599536816
0.651651696	0.4717	1.814829219	1.817503211	2.441874578	1.826822444	1.802835993	-0.627045359
0.662280895	0.4717	1.765845491	1.767232967	2.414625211	1.777838717	1.753852266	-0.64877972
0.672910095	0.4717	1.72154796	1.72150573	2.387375845	1.733541186	1.709554734	-0.665827885
0.683539295	0.4717	1.681036436	1.679717132	2.360126478	1.693029662	1.669043211	-0.679090042
0.694168494	0.4717	1.643607085	1.641361708	2.332877112	1.65560031	1.631613859	-0.689270027
0.704797694	0.4717	1.608739513	1.606013056	2.305627745	1.620732738	1.596746287	-0.696888233
0.715426893	0.4717	1.576069441	1.57330853	2.278378379	1.588062667	1.564076216	-0.702308937
0.726056093	0.4717	1.545353812	1.542937273	2.251129012	1.557347038	1.533360587	-0.7057752
0.736685292	0.4717	1.516434076	1.514630772	2.223879646	1.528427302	1.50444085	-0.70744557
0.747314492	0.4717	1.489201801	1.488155295	2.196630279	1.501195027	1.477208575	-0.707428478
0.757943691	0.4717	1.463569059	1.463305783	2.169380913	1.475562285	1.451575834	-0.705811854
0.768572891	0.4717	1.43944467	1.439900836	2.142131546	1.451437895	1.427451444	-0.702686877
0.779202091	0.4717	1.416716476	1.417778543	2.11488218	1.428709702	1.40472325	-0.698165704
0.78983129	0.4717	1.395239474	1.396792945	2.087632813	1.4072327	1.383246248	-0.692393339
0.80046049	0.4717	1.374829602	1.376810957	2.060383447	1.386822827	1.362836376	-0.685553845
0.811089689	0.4717	1.355263192	1.357709611	2.03313408	1.367256418	1.343269966	-0.677870888
0.821718889	0.4717	1.336282211	1.339373467	2.005884714	1.348275437	1.324288986	-0.669602503
0.832348088	0.4717	1.317605255	1.321692049	1.978635347	1.329598481	1.30561203	-0.661030092
0.842977288	0.4717	1.29894385	1.304557125	1.951385981	1.310937076	1.286950624	-0.652442131
0.853606487	0.4717	1.280022872	1.287859578	1.924136615	1.292016098	1.268029646	-0.644113742
0.864235687	0.4717	1.260603109	1.271485479	1.896887248	1.272596334	1.248609883	-0.636284139
0.874864887	0.4717	1.240503272	1.255310736	1.869637882	1.252496498	1.228510046	-0.629134609
0.885494086	0.4717	1.219618473	1.23919312	1.842388515	1.231611699	1.207625248	-0.622770042
0.896123286	0.4717	1.197932289	1.222959339	1.815139149	1.209925514	1.185939063	-0.61720686
0.906752485	0.4717	1.175520271	1.206382015	1.787889782	1.187513497	1.163527046	-0.612369511
0.917381685	0.4717	1.152543908	1.126457436	1.760640416	1.164537134	1.140550682	-0.608096508
0.928010884	0.4717	1.129235412	1.105595072	1.733391049	1.141228638	1.117242186	-0.604155637
0.938640084	0.4717	1.105875151	1.085680283	1.706141683	1.117868377	1.093881925	-0.600266532
0.949269283	0.4717	1.08276461	1.066611993	1.678892316	1.094757836	1.070771384	-0.596127706
0.959898483	0.4717	1.060198402	1.048312415	1.65164295	1.072191628	1.048205176	-0.591444548
0.970527683	0.4717	1.038438864	1.03071876	1.624393583	1.05043209	1.026445638	-0.585954719
0.981156882	0.4717	1.017696182	1.013778598	1.597144217	1.029689407	1.005702956	-0.579448035
0.991786082	0.4717	0.998115976	0.997447038	1.56989485	1.010109202	0.98612275	-0.571778874
1.002415281	0.4717	0.979775006	0.98168491	1.542645484	0.991768232	0.967781781	-0.562870477
1.013044481	0.4717	0.962684406	0.966457525	1.515396117	0.974677632	0.95069118	-0.552711711
1.02367368	0.4717	0.946798853	0.951733809	1.488146751	0.958792079	0.934805627	-0.541347898
1.03430288	0.4717	0.932029485	0.937485657	1.460897384	0.944022711	0.920036259	-0.528867899
1.044932079	0.4717	0.918258214	0.923687465	1.433648018	0.93025144	0.906264988	-0.515389804
1.055561279	0.4717	0.905351401	0.910315757	1.406398651	0.917344627	0.893358175	-0.50104725
1.066190479	0.4717	0.893171408	0.897348902	1.379149285	0.905164634	0.881178182	-0.485977877
1.076819678	0.4717	0.8815853	0.884766876	1.351899918	0.893578526	0.869592074	-0.470314618
1.087448878	0.4717	0.870470633	0.872551086	1.324650552	0.882463859	0.858477407	-0.454179919
1.098078077	0.4717	0.859718795	0.860684202	1.297401185	0.87171202	0.847725569	-0.437682391
1.108707277	0.4717	0.849236636	0.849150039	1.270151819	0.861229861	0.83724341	-0.420915183
1.119336476	0.4717	0.838947143	0.83793344	1.242902452	0.850940369	0.826953917	-0.403955309
1.129965676	0.4717	0.828789725	0.827020183	1.215653086	0.840782951	0.816796499	-0.386863361
1.140594875	0.4717	0.818720392	0.816396902	1.188403719	0.830713618	0.806727166	-0.369683328
1.151224075	0.4717	0.808711816	0.806051014	1.161154353	0.820705042	0.79671859	-0.352442537
1.161853275	0.4717	0.798753047	0.795970654	1.133904986	0.810746273	0.786759821	-0.335151939
1.172482474	0.4717	0.78884857	0.786144625	1.10665562	0.800841796	0.776855344	-0.31780705
1.183111674	0.4717	0.779016454	0.776562345	1.079406253	0.791009679	0.767023228	-0.3003898
1.193740873	0.4717	0.769285508	0.767213802	1.052156887	0.781278734	0.757292283	-0.282871379
1.204370073	0.4717	0.759691578	0.758089516	1.02490752	0.771684804	0.747698352	-0.265215942
1.214999272	0.4717	0.750273297	0.749180501	0.997658154	0.762266523	0.738280071	-0.247384857
1.225628472	0.4717	0.74106777	0.740478235	0.970408788	0.753060996	0.729074544	-0.229341017
1.236257671	0.4717	0.732106681	0.731974625	0.943159421	0.744099906	0.720113455	-0.21105274
1.246886871	0.4717	0.723413239	0.723661985	0.915910055	0.735406465	0.711420013	-0.192496815
1.257516071	0.4717	0.715000277	0.715533007	0.888660688	0.726993503	0.703007052	-0.173660411
1.26814527	0.4717	0.706869585	0.707580739	0.861411322	0.718862811	0.694876359	-0.154541737
1.27877447	0.4717	0.699012433	0.699798565	0.834161955	0.711005659	0.687019207	-0.135149522
1.289403669	0.4717	0.69141109	0.692180182	0.806912589	0.703404316	0.679417865	-0.115501498
1.300032869	0.4717	0.684041056	0.684719584	0.779663222	0.696034282	0.67204783	-0.095622166
1.310662068	0.4717	0.676873721	0.677411044	0.752413856	0.688866947	0.664880495	-0.075540135
1.321291268	0.4717	0.669879182	0.670249099	0.725164489	0.681872408	0.657885956	-0.055285307
1.331920467	0.4717	0.663028964	0.663228536	0.697915123	0.67502219	0.651035738	-0.034886159
1.342549667	0.4717	0.656298433	0.656344374	0.670665756	0.668291659	0.644305207	-0.014367323
1.353178867	0.4717	0.649668716	0.649591858	0.64341639	0.661661942	0.63767549	0.006252326
1.363808066	0.4717	0.643127929	0.642966442	0.616167023	0.655121155	0.631134703	0.026960906
1.374437266	0.4717	0.636671557	0.636463776	0.588917657	0.648664783	0.624678331	0.0477539
1.385066465	0.4717	0.630301859	0.630079704	0.56166829	0.642295085	0.618308633	0.068633569
1.395695665	0.4717	0.62402628	0.623810245	0.534418924	0.636019506	0.612033054	0.089607356
1.406324864	0.4717	0.617854986	0.617651589	0.507169557	0.629848211	0.60586176	0.110685428
1.416954064	0.4717	0.611797819	0.611600087	0.479920191	0.623791045	0.599804593	0.131877628
1.427583263	0.4717	0.605861155	0.605652241	0.452670824	0.617854381	0.593867929	0.15319033
1.438212463	0.4717	0.600045262	0.599804701	0.425421458	0.612038488	0.588052036	0.174623804
1.448841663	0.4717	0.594342812	0.594054253	0.398172091	0.606336038	0.582349586	0.196170721
1.459470862	0.4717	0.588739078	0.588397814	0.370922725	0.600732303	0.576745852	0.217816353
1.470100062	0.4717	0.583214101	0.582832427	0.343673358	0.595207327	0.571220876	0.239540743
1.480729261	0.4717	0.577746743	0.577355254	0.316423992	0.589739969	0.565753517	0.261322751
1.491358461	0.4717	0.572320045	0.571963568	0.289174625	0.584313271	0.560326819	0.28314542
1.50198766	0.4717	0.566926904	0.566654751	0.261925259	0.578920129	0.554933678	0.305001645
1.51261686	0.4717	0.56157469	0.561426288	0.234675892	0.573567916	0.549581464	0.326898798
1.523246059	0.4717	0.556287301	0.556275761	0.207426526	0.568280527	0.544294075	0.348860775
1.533875259	0.4717	0.55110324	0.551200845	0.180177159	0.563096466	0.539110014	0.370926081
1.544504459	0.4717	0.546068734	0.546199305	0.152927793	0.55806196	0.534075508	0.393140941
1.555133658	0.4717	0.541225538	0.541268991	0.125678426	0.553218764	0.529232313	0.415547112
1.565762858	0.4717	0.536593958	0.536407833	0.09842906	0.548587184	0.524600733	0.438164899
1.576392057	0.4717	0.532152485	0.531613838	0.071179693	0.544145711	0.520159259	0.460972792
1.587021257	0.4717	0.527816291	0.52688509	0.043930327	0.539809517	0.515823065	0.483885964
1.597650456	0.4717	0.523417392	0.522219741	0.016680961	0.535410618	0.511424166	0.506736431
1.608279656	0.4717	0.518689514	0.517616011	-0.010568406	0.53068274	0.506696288	0.52925792
1.618908855	0.4717	0.513260514	0.513072184	-0.037817772	0.525253739	0.501267288	0.551078286
0.566618099	0.9434	2.542295368	2.547817181	2.68634123	2.554288594	2.530302142	-0.144045862
0.577247299	0.9434	2.411054497	2.408407192	2.659091863	2.423047723	2.399061271	-0.248037367
0.587876499	0.9434	2.293062661	2.289045713	2.631842497	2.305055887	2.281069435	-0.338779836
0.598505698	0.9434	2.18817118	2.185712133	2.60459313	2.200164406	2.176177954	-0.416421951
0.609134898	0.9434	2.095646027	2.095389638	2.577343764	2.107639253	2.083652801	-0.481697737
0.619764097	0.9434	2.014333498	2.015770122	2.550094397	2.026326723	2.002340272	-0.5357609
0.630393297	0.9434	1.94283458	1.94505738	2.522845031	1.954827806	1.930841354	-0.580010451
0.641022496	0.9434	1.879668691	1.88183241	2.495595665	1.891661917	1.867675465	-0.615926974
0.651651696	0.9434	1.823411125	1.824959085	2.468346298	1.83540435	1.811417899	-0.644935173
0.662280895	0.9434	1.7727939	1.773516752	2.441096932	1.784787126	1.760800674	-0.668303032
0.672910095	0.9434	1.726765763	1.726751191	2.413847565	1.738758989	1.714772538	-0.687081802
0.683539295	0.9434	1.68451296	1.684038354	2.386598199	1.696506185	1.672519734	-0.702085239
0.694168494	0.9434	1.645447129	1.644857139	2.359348832	1.657440355	1.633453903	-0.713901703
0.704797694	0.9434	1.609169805	1.60876869	2.332099466	1.621163031	1.597176579	-0.722929661
0.715426893	0.9434	1.575424143	1.57540045	2.304850099	1.587417369	1.563430917	-0.729425956
0.726056093	0.9434	1.544043893	1.544433732	2.277600733	1.556037119	1.532050667	-0.733556839
0.736685292	0.9434	1.514907557	1.515593927	2.250351366	1.526900783	1.502914332	-0.735443809
0.747314492	0.9434	1.487902814	1.488642717	2.223102	1.49989604	1.475909588	-0.735199186
0.757943691	0.9434	1.462903235	1.463371799	2.195852633	1.474896461	1.45091001	-0.732949398
0.768572891	0.9434	1.439756688	1.439597789	2.168603267	1.451749914	1.427763462	-0.728846579
0.779202091	0.9434	1.418282985	1.417158029	2.1413539	1.430276211	1.40628976	-0.723070915
0.78983129	0.9434	1.398277523	1.395907095	2.114104534	1.410270749	1.386284297	-0.715827011
0.80046049	0.9434	1.379517708	1.375713852	2.086855167	1.391510934	1.367524483	-0.707337459
0.811089689	0.9434	1.361769788	1.356458908	2.059605801	1.373763014	1.349776562	-0.697836013
0.821718889	0.9434	1.344794764	1.338032391	2.032356434	1.35678799	1.332801538	-0.68756167
0.832348088	0.9434	1.328353208	1.320331919	2.005107068	1.340346434	1.316359983	-0.676753859
0.842977288	0.9434	1.31220955	1.303260701	1.977857701	1.324202775	1.300216324	-0.665648152
0.853606487	0.9434	1.296136753	1.286725657	1.950608335	1.308129979	1.284143528	-0.654471582
0.864235687	0.9434	1.279922181	1.270635471	1.923358968	1.291915407	1.267928955	-0.643436787
0.874864887	0.9434	1.263374921	1.254898402	1.896109602	1.275368147	1.251381696	-0.632734681
0.885494086	0.9434	1.246334253	1.239419694	1.868860235	1.258327479	1.234341027	-0.622525982
0.896123286	0.9434	1.228678316	1.22409824	1.841610869	1.240671542	1.21668509	-0.612932553
0.906752485	0.9434	1.210331707	1.208822	1.814361502	1.222324933	1.198338481	-0.604029795
0.917381685	0.9434	1.191270689	1.19346122	1.787112136	1.203263915	1.179277464	-0.595841447
0.928010884	0.9434	1.171524973	1.177857635	1.759862769	1.183518199	1.159531747	-0.588337797
0.938640084	0.9434	1.151175557	1.161805758	1.732613403	1.163168782	1.139182331	-0.581437846
0.949269283	0.9434	1.130348709	1.145017042	1.705364036	1.142341935	1.118355483	-0.575015327
0.959898483	0.9434	1.109206737	1.127041551	1.67811467	1.121199963	1.097213511	-0.568907933
0.970527683	0.9434	1.087936574	1.107061194	1.650865303	1.0999298	1.075943349	-0.562928729
0.981156882	0.9434	1.066737392	1.083140286	1.623615937	1.078730618	1.054744167	-0.556878545
0.991786082	0.9434	1.045808365	1.046030661	1.596366571	1.057801591	1.033815139	-0.550558205
1.002415281	0.9434	1.025337506	1.005805526	1.569117204	1.037330731	1.01334428	-0.543779698
1.013044481	0.9434	1.00549218	0.992349305	1.541867838	1.017485405	0.993498954	-0.536375658
1.02367368	0.9434	0.986411614	0.977980335	1.514618471	0.998404839	0.974418388	-0.528206857
1.03430288	0.9434	0.968201504	0.963525565	1.487369105	0.98019473	0.956208279	-0.5191676
1.044932079	0.9434	0.950930721	0.949240504	1.460119738	0.962923947	0.938937496	-0.509189017
1.055561279	0.9434	0.934630084	0.935226262	1.432870372	0.94662331	0.922636858	-0.498240288
1.066190479	0.9434	0.919293201	0.921525723	1.405621005	0.931286427	0.907299975	-0.486327804
1.076819678	0.9434	0.904879386	0.90815572	1.378371639	0.916872611	0.89288616	-0.473492253
1.087448878	0.9434	0.891318582	0.895120182	1.351122272	0.903311808	0.879325357	-0.45980369
1.098078077	0.9434	0.878518114	0.882416249	1.323872906	0.89051134	0.866524889	-0.445354791
1.108707277	0.9434	0.866370848	0.870037371	1.296623539	0.878364074	0.854377622	-0.430252691
1.119336476	0.9434	0.854764139	0.857974992	1.269374173	0.866757365	0.842770913	-0.414610033
1.129965676	0.9434	0.843588737	0.846219506	1.242124806	0.855581963	0.831595511	-0.398536069
1.140594875	0.9434	0.83274674	0.834760817	1.21487544	0.844739966	0.820753514	-0.3821287
1.151224075	0.9434	0.822157746	0.823588681	1.187626073	0.834150972	0.810164521	-0.365468327
1.161853275	0.9434	0.811762579	0.812692912	1.160376707	0.823755805	0.799769354	-0.348614127
1.172482474	0.9434	0.801524267	0.802063511	1.13312734	0.813517493	0.789531042	-0.331603073
1.183111674	0.9434	0.791426398	0.791690739	1.105877974	0.803419624	0.779433173	-0.314451575
1.193740873	0.9434	0.781469316	0.781565166	1.078628607	0.793462542	0.76947609	-0.297159291
1.204370073	0.9434	0.771664937	0.771677695	1.051379241	0.783658163	0.759671712	-0.279714303
1.214999272	0.9434	0.762031093	0.76201957	1.024129874	0.774024319	0.750037867	-0.262098781
1.225628472	0.9434	0.75258628	0.752582383	0.996880508	0.764579505	0.740593054	-0.244294228
1.236257671	0.9434	0.743345515	0.743358068	0.969631141	0.75533874	0.731352289	-0.226285627
1.246886871	0.9434	0.734317703	0.734338891	0.942381775	0.746310929	0.722324478	-0.208064071
1.257516071	0.9434	0.725504606	0.725517448	0.915132408	0.737497832	0.71351138	-0.189627802
1.26814527	0.9434	0.7169012	0.716886644	0.887883042	0.728894426	0.704907974	-0.170981842
1.27877447	0.9434	0.708497039	0.708439689	0.860633675	0.720490265	0.696503814	-0.152136636
1.289403669	0.9434	0.700278137	0.700170084	0.833384309	0.712271363	0.688284912	-0.133106172
1.300032869	0.9434	0.692228936	0.692071606	0.806134942	0.704222161	0.68023571	-0.113906007
1.310662068	0.9434	0.68433405	0.684138296	0.778885576	0.696327276	0.672340824	-0.094551526
1.321291268	0.9434	0.676579642	0.676364451	0.751636209	0.688572868	0.664586416	-0.075056568
1.331920467	0.9434	0.668954396	0.668744608	0.724386843	0.680947622	0.65696117	-0.055432447
1.342549667	0.9434	0.661450186	0.661273535	0.697137476	0.673443412	0.64945696	-0.035687291
1.353178867	0.9434	0.654062501	0.65394622	0.66988811	0.666055726	0.642069275	-0.015825609
1.363808066	0.9434	0.646790656	0.64675786	0.642638744	0.658783882	0.63479743	0.004151912
1.374437266	0.9434	0.639637736	0.639703851	0.615389377	0.651630962	0.627644511	0.024248359
1.385066465	0.9434	0.632610131	0.632779778	0.588140011	0.644603357	0.620616905	0.044470121
1.395695665	0.9434	0.625716517	0.625981411	0.560890644	0.637709743	0.613723292	0.064825873
1.406324864	0.9434	0.618966216	0.619304687	0.533641278	0.630959442	0.60697299	0.085324938
1.416954064	0.9434	0.612366984	0.612745712	0.506391911	0.62436021	0.600373758	0.105975073
1.427583263	0.9434	0.605922521	0.606300746	0.479142545	0.617915747	0.593929296	0.126779977
1.438212463	0.9434	0.59963016	0.5999662	0.451893178	0.611623385	0.587636934	0.147736982
1.448841663	0.9434	0.593479332	0.593738625	0.424643812	0.605472558	0.581486106	0.16883552
1.459470862	0.9434	0.587451429	0.58761471	0.397394445	0.599444655	0.575458203	0.190056984
1.470100062	0.9434	0.581521478	0.581591273	0.370145079	0.593514703	0.569528252	0.211376399
1.480729261	0.9434	0.575661757	0.575665255	0.342895712	0.587654982	0.563668531	0.232766044
1.491358461	0.9434	0.569847009	0.569833716	0.315646346	0.581840235	0.557853783	0.254200664
1.50198766	0.9434	0.564060423	0.564093828	0.288396979	0.576053648	0.552067197	0.275663443
1.51261686	0.9434	0.558299112	0.558442871	0.261147613	0.570292338	0.546305886	0.297151499
1.523246059	0.9434	0.552577583	0.552878227	0.233898246	0.564570809	0.540584357	0.318679337
1.533875259	0.9434	0.546927649	0.547397376	0.20664888	0.558920875	0.534934423	0.340278769
1.544504459	0.9434	0.541393561	0.541997892	0.179399513	0.553386787	0.529400336	0.361994048
1.555133658	0.9434	0.53602173	0.536677441	0.152150147	0.548014955	0.524028504	0.383871583
1.565762858	0.9434	0.530845212	0.531433772	0.12490078	0.542838437	0.518851986	0.405944431
1.576392057	0.9434	0.525864102	0.526264716	0.097651414	0.537857327	0.513870876	0.428212688
1.587021257	0.9434	0.521023833	0.521168184	0.070402047	0.533017059	0.509030607	0.450621786
1.597650456	0.9434	0.516194115	0.516142162	0.043152681	0.528187341	0.504200889	0.473041434
1.608279656	0.9434	0.511151581	0.511184708	0.015903314	0.523144807	0.499158355	0.495248266
1.618908855	0.9434	0.505569166	0.506293947	-0.011346052	0.517562392	0.493575941	0.516915218
0.566618099	1.4151	2.569938076	2.575739535	2.71281295	2.581931301	2.55794485	-0.142874875
0.577247299	1.4151	2.434146424	2.431959827	2.685563584	2.44613965	2.422153198	-0.25141716
0.587876499	1.4151	2.312532643	2.309041841	2.658314217	2.324525868	2.300539417	-0.345781575
0.598505698	1.4151	2.204821998	2.202765469	2.631064851	2.216815223	2.192828772	-0.426242853
0.609134898	1.4151	2.110121764	2.109973151	2.603815484	2.12211499	2.098128538	-0.49369372
0.619764097	1.4151	2.027108228	2.028255062	2.576566118	2.039101453	2.015115002	-0.54945789
0.630393297	1.4151	1.954221005	1.95573994	2.549316751	1.966214231	1.94222778	-0.595095746
0.641022496	1.4151	1.889842863	1.890952388	2.522067385	1.901836089	1.877849638	-0.632224521
0.651651696	1.4151	1.832447526	1.832713237	2.494818018	1.844440752	1.8204543	-0.662370493
0.662280895	1.4151	1.780704225	1.780068538	2.467568652	1.79269745	1.768710999	-0.686864427
0.672910095	1.4151	1.733534871	1.732238017	2.440319285	1.745528096	1.721541645	-0.706784415
0.683539295	1.4151	1.690126585	1.688577035	2.413069919	1.702119811	1.67813336	-0.722943334
0.694168494	1.4151	1.649907919	1.648548111	2.385820552	1.661901145	1.637914694	-0.735912633
0.704797694	1.4151	1.612500675	1.611699282	2.358571186	1.624493901	1.600507449	-0.746070511
0.715426893	1.4151	1.577660497	1.577647489	2.331321819	1.589653723	1.565667272	-0.753661322
0.726056093	1.4151	1.545218414	1.546065643	2.304072453	1.55721164	1.533225188	-0.758854039
0.736685292	1.4151	1.515032711	1.51667247	2.276823086	1.527025937	1.503039486	-0.761790375
0.747314492	1.4151	1.486956695	1.489224445	2.24957372	1.49894992	1.474963469	-0.762617025
0.757943691	1.4151	1.460823756	1.463509326	2.222324353	1.472816982	1.448830531	-0.761500597
0.768572891	1.4151	1.436447584	1.439340928	2.195074987	1.448440809	1.424454358	-0.758627403
0.779202091	1.4151	1.413632807	1.416554849	2.167825621	1.425626033	1.401639582	-0.754192813
0.78983129	1.4151	1.39219026	1.395004953	2.140576254	1.404183486	1.380197034	-0.748385994
0.80046049	1.4151	1.37195123	1.374560438	2.113326888	1.383944455	1.359958004	-0.741375658
0.811089689	1.4151	1.35277645	1.355103376	2.086077521	1.364769675	1.340783224	-0.733301071
0.821718889	1.4151	1.334557577	1.336526608	2.058828155	1.346550802	1.322564351	-0.724270578
0.832348088	1.4151	1.317211077	1.31873194	2.031578788	1.329204303	1.305217852	-0.714367711
0.842977288	1.4151	1.300666325	1.301628548	2.004329422	1.31265955	1.288673099	-0.703663097
0.853606487	1.4151	1.284850921	1.285131561	1.977080055	1.296844146	1.272857695	-0.692229135
0.864235687	1.4151	1.269676704	1.269160757	1.949830689	1.28166993	1.257683478	-0.680153985
0.874864887	1.4151	1.255029538	1.253639341	1.922581322	1.267022764	1.243036313	-0.667551784
0.885494086	1.4151	1.240765046	1.238492755	1.895331956	1.252758272	1.22877182	-0.654566909
0.896123286	1.4151	1.226711165	1.223647481	1.868082589	1.238704391	1.21471794	-0.641371424
0.906752485	1.4151	1.212677111	1.209029785	1.840833223	1.224670336	1.200683885	-0.628156112
0.917381685	1.4151	1.198467211	1.19456435	1.813583856	1.210460436	1.186473985	-0.615116646
0.928010884	1.4151	1.183897388	1.180172694	1.78633449	1.195890613	1.171904162	-0.602437102
0.938640084	1.4151	1.168811783	1.165771281	1.759085123	1.180805009	1.156818557	-0.59027334
0.949269283	1.4151	1.15309719	1.151269072	1.731835757	1.165090416	1.141103964	-0.578738567
0.959898483	1.4151	1.136693452	1.13656416	1.70458639	1.148686678	1.124700226	-0.567892938
0.970527683	1.4151	1.119598665	1.121538672	1.677337024	1.131591891	1.107605439	-0.557738359
0.981156882	1.4151	1.101868773	1.106050263	1.650087657	1.113861999	1.089875547	-0.548218884
0.991786082	1.4151	1.083611838	1.089916409	1.622838291	1.095605064	1.071618612	-0.539226453
1.002415281	1.4151	1.064977851	1.072882687	1.595588924	1.076971077	1.052984625	-0.530611073
1.013044481	1.4151	1.04614534	1.054554356	1.568339558	1.058138566	1.034152115	-0.522194218
1.02367368	1.4151	1.027306277	1.034247215	1.541090191	1.039299503	1.015313051	-0.513783914
1.03430288	1.4151	1.008650837	1.010756068	1.513840825	1.020644063	0.996657611	-0.505189988
1.044932079	1.4151	0.990353495	0.98359404	1.486591458	1.002346721	0.97836027	-0.496237963
1.055561279	1.4151	0.972561698	0.960366761	1.459342092	0.984554924	0.960568472	-0.486780394
1.066190479	1.4151	0.955388037	0.944006048	1.432092725	0.967381263	0.943394811	-0.476704688
1.076819678	1.4151	0.938906425	0.93002202	1.404843359	0.950899651	0.926913199	-0.465936934
1.087448878	1.4151	0.923152309	0.916819962	1.377593992	0.935145534	0.911159083	-0.454441684
1.098078077	1.4151	0.908126491	0.903995656	1.350344626	0.920119717	0.896133265	-0.442218135
1.108707277	1.4151	0.893801739	0.89144027	1.323095259	0.905794965	0.881808513	-0.42929352
1.119336476	1.4151	0.880131056	0.879125539	1.295845893	0.892124282	0.86813783	-0.415714837
1.129965676	1.4151	0.867056373	0.867046209	1.268596526	0.879049599	0.855063147	-0.401540154
1.140594875	1.4151	0.854516488	0.855202831	1.24134716	0.866509714	0.842523262	-0.386830672
1.151224075	1.4151	0.842453308	0.843596411	1.214097794	0.854446534	0.830460083	-0.371644485
1.161853275	1.4151	0.830815827	0.832226875	1.186848427	0.842809052	0.818822601	-0.3560326
1.172482474	1.4151	0.81956171	0.821092801	1.159599061	0.831554936	0.807568484	-0.340037351
1.183111674	1.4151	0.808656803	0.810191553	1.132349694	0.820650029	0.796663577	-0.323692891
1.193740873	1.4151	0.798073176	0.799519524	1.105100328	0.810066402	0.78607995	-0.307027151
1.204370073	1.4151	0.78778653	0.789072376	1.077850961	0.799779755	0.775793304	-0.290064431
1.214999272	1.4151	0.777773751	0.778845238	1.050601595	0.789766977	0.765780526	-0.272827843
1.225628472	1.4151	0.768011267	0.768832877	1.023352228	0.780004493	0.756018041	-0.255340961
1.236257671	1.4151	0.758474516	0.759029827	0.996102862	0.770467742	0.74648129	-0.237628346
1.246886871	1.4151	0.749138568	0.749430489	0.968853495	0.761131794	0.737145343	-0.219714927
1.257516071	1.4151	0.73997958	0.740029207	0.941604129	0.751972806	0.727986354	-0.201624549
1.26814527	1.4151	0.730976607	0.730820326	0.914354762	0.742969833	0.718983381	-0.183378155
1.27877447	1.4151	0.722113233	0.72179824	0.887105396	0.734106458	0.710120007	-0.164992163
1.289403669	1.4151	0.713378555	0.712957419	0.859856029	0.725371781	0.701385329	-0.146477474
1.300032869	1.4151	0.704767282	0.704292435	0.832606663	0.716760507	0.692774056	-0.127839381
1.310662068	1.4151	0.696278946	0.695797982	0.805357296	0.708272172	0.68428572	-0.10907835
1.321291268	1.4151	0.687916477	0.687468885	0.77810793	0.699909703	0.675923252	-0.090191452
1.331920467	1.4151	0.679684523	0.679300108	0.750858563	0.691677749	0.667691297	-0.07117404
1.342549667	1.4151	0.671587959	0.671286762	0.723609197	0.683581185	0.659594733	-0.052021238
1.353178867	1.4151	0.663630919	0.663424106	0.69635983	0.675624145	0.651637693	-0.032728911
1.363808066	1.4151	0.655816498	0.655707547	0.669110464	0.667809724	0.643823272	-0.013293966
1.374437266	1.4151	0.648147037	0.64813264	0.641861097	0.660140263	0.636153811	0.00628594
1.385066465	1.4151	0.640624718	0.640695088	0.614611731	0.652617944	0.628631492	0.026012987
1.395695665	1.4151	0.633252048	0.633390738	0.587362364	0.645245274	0.621258822	0.045889684
1.406324864	1.4151	0.626031866	0.626215579	0.560112998	0.638025092	0.61403864	0.065918868
1.416954064	1.4151	0.618966623	0.619165738	0.532863631	0.630959849	0.606973397	0.086102992
1.427583263	1.4151	0.612056961	0.612237476	0.505614265	0.624050187	0.600063735	0.106442696
1.438212463	1.4151	0.605299887	0.605427184	0.478364898	0.617293113	0.593306661	0.126934988
1.448841663	1.4151	0.598687092	0.598731381	0.451115532	0.610680318	0.586693866	0.14757156
1.459470862	1.4151	0.592204077	0.592146707	0.423866165	0.604197303	0.580210851	0.168337912
1.470100062	1.4151	0.585830678	0.585669922	0.396616799	0.597823904	0.573837453	0.189213879
1.480729261	1.4151	0.579543352	0.579297898	0.369367432	0.591536578	0.567550126	0.210175919
1.491358461	1.4151	0.573319125	0.573027619	0.342118066	0.58531235	0.561325899	0.231201059
1.50198766	1.4151	0.567140646	0.566856173	0.3148687	0.579133872	0.55514742	0.252271946
1.51261686	1.4151	0.561001264	0.560780751	0.287619333	0.57299449	0.549008039	0.273381931
1.523246059	1.4151	0.554908726	0.554798644	0.260369967	0.566901951	0.5429155	0.294538759
1.533875259	1.4151	0.548885967	0.548907236	0.2331206	0.560879193	0.536892741	0.315765367
1.544504459	1.4151	0.54296769	0.543104001	0.205871234	0.554960916	0.530974465	0.337096457
1.555133658	1.4151	0.537191892	0.537386503	0.178621867	0.549185117	0.525198666	0.358570024
1.565762858	1.4151	0.531586293	0.531752388	0.151372501	0.543579519	0.519593068	0.380213793
1.576392057	1.4151	0.526150529	0.526199385	0.124123134	0.538143755	0.514157303	0.402027395
1.587021257	1.4151	0.520835837	0.520725299	0.096873768	0.532829063	0.508842612	0.42396207
1.597650456	1.4151	0.515524767	0.515328011	0.069624401	0.527517993	0.503531542	0.445900366
1.608279656	1.4151	0.510013837	0.510005473	0.042375035	0.522007063	0.498020611	0.467638802
1.618908855	1.4151	0.504002122	0.504755707	0.015125668	0.515995347	0.492008896	0.488876453
0.566618099	1.8868	2.598917342	2.604624188	2.739284671	2.610910568	2.586924116	-0.140367328
0.577247299	1.8868	2.458605804	2.456309408	2.712035304	2.47059903	2.446612579	-0.2534295
0.587876499	1.8868	2.33313452	2.329709507	2.684785938	2.345127746	2.321141295	-0.351651417
0.598505698	1.8868	2.222191376	2.220393052	2.657536571	2.234184602	2.210198151	-0.435345195
0.609134898	1.8868	2.124815783	2.125053908	2.630287205	2.136809009	2.112822558	-0.505471421
0.619764097	1.8868	2.039598665	2.041175189	2.603037838	2.051591891	2.027605439	-0.563439173
0.630393297	1.8868	1.964889939	1.966806833	2.575788472	1.976883164	1.952896713	-0.610898533
0.641022496	1.8868	1.89898987	1.900414355	2.548539105	1.910983096	1.886996644	-0.649549235
0.651651696	1.8868	1.840305299	1.840773566	2.521289739	1.852298525	1.828312074	-0.680984439
0.662280895	1.8868	1.787458524	1.786895726	2.494040372	1.79945175	1.775465298	-0.706581848
0.672910095	1.8868	1.739344421	1.73797335	2.466791006	1.751337647	1.727351196	-0.727446584
0.683539295	1.8868	1.695138981	1.693340301	2.439541639	1.707132207	1.683145756	-0.744402658
0.694168494	1.8868	1.654268629	1.652441963	2.412292273	1.666261854	1.642275403	-0.758023644
0.704797694	1.8868	1.616353777	1.614812638	2.385042906	1.628347003	1.604360552	-0.768689129
0.715426893	1.8868	1.5811415	1.580058203	2.35779354	1.593134726	1.569148274	-0.77665204
0.726056093	1.8868	1.548441097	1.547842653	2.330544173	1.560434323	1.536447871	-0.782103076
0.736685292	1.8868	1.518073213	1.517877545	2.303294807	1.530066439	1.506079987	-0.785221594
0.747314492	1.8868	1.489838671	1.489913632	2.27604544	1.501831897	1.477845445	-0.786206769
0.757943691	1.8868	1.463508408	1.463734183	2.248796074	1.475501634	1.451515182	-0.785287666
0.768572891	1.8868	1.438831594	1.439149591	2.221546707	1.45082482	1.426838369	-0.782715113
0.779202091	1.8868	1.415555935	1.415992988	2.194297341	1.427549161	1.403562709	-0.778741406
0.78983129	1.8868	1.393452689	1.394116655	2.167047974	1.405445915	1.381459463	-0.773595285
0.80046049	1.8868	1.372339143	1.373389059	2.139798608	1.384332368	1.360345917	-0.767459465
0.811089689	1.8868	1.352092844	1.353692378	2.112549241	1.36408607	1.340099618	-0.760456397
0.821718889	1.8868	1.332654436	1.334920443	2.085299875	1.344647661	1.32066121	-0.752645439
0.832348088	1.8868	1.314018709	1.316976987	2.058050508	1.326011935	1.302025484	-0.744031799
0.842977288	1.8868	1.29621606	1.299774171	2.030801142	1.308209286	1.284222834	-0.734585082
0.853606487	1.8868	1.279288319	1.283231316	2.003551775	1.291281545	1.267295093	-0.724263456
0.864235687	1.8868	1.263263764	1.267273821	1.976302409	1.27525699	1.251270538	-0.713038645
0.874864887	1.8868	1.24813592	1.251832235	1.949053042	1.260129146	1.236142694	-0.700917123
0.885494086	1.8868	1.233849692	1.236841465	1.921803676	1.245842918	1.221856466	-0.687953984
0.896123286	1.8868	1.220296792	1.222240097	1.894554309	1.232290018	1.208303567	-0.674257517
0.906752485	1.8868	1.207320615	1.207969855	1.867304943	1.219313841	1.19532739	-0.659984328
0.917381685	1.8868	1.194729122	1.193975164	1.840055577	1.206722348	1.182735896	-0.645326454
0.928010884	1.8868	1.182313095	1.180202865	1.81280621	1.194306321	1.170319869	-0.630493115
0.938640084	1.8868	1.16986654	1.166602073	1.785556844	1.181859766	1.157873314	-0.615690303
0.949269283	1.8868	1.157206025	1.153124213	1.758307477	1.169199251	1.145212799	-0.601101452
0.959898483	1.8868	1.144186259	1.139723247	1.731058111	1.156179485	1.132193033	-0.586871852
0.970527683	1.8868	1.130710123	1.126356063	1.703808744	1.142703349	1.118716897	-0.573098621
0.981156882	1.8868	1.116732373	1.112982928	1.676559378	1.128725599	1.104739147	-0.559827004
0.991786082	1.8868	1.102257267	1.099567755	1.649310011	1.114250492	1.090264041	-0.547052744
1.002415281	1.8868	1.087331173	1.086077611	1.622060645	1.099324399	1.075337948	-0.534729471
1.013044481	1.8868	1.072031788	1.072480484	1.594811278	1.084025014	1.060038562	-0.52277949
1.02367368	1.8868	1.056455794	1.05873975	1.567561912	1.06844902	1.044462568	-0.511106118
1.03430288	1.8868	1.040706778	1.044803325	1.540312545	1.052700004	1.028713552	-0.499605767
1.044932079	1.8868	1.024884888	1.03058573	1.513063179	1.036878114	1.012891662	-0.488178291
1.055561279	1.8868	1.009079269	1.01594386	1.485813812	1.021072495	0.997086043	-0.476734543
1.066190479	1.8868	0.993363776	1.000657203	1.458564446	1.005357001	0.98137055	-0.46520067
1.076819678	1.8868	0.977795907	0.984455513	1.431315079	0.989789133	0.965802681	-0.453519172
1.087448878	1.8868	0.962418457	0.967206076	1.404065713	0.974411683	0.950425231	-0.441647256
1.098078077	1.8868	0.947263026	0.949315001	1.376816346	0.959256252	0.9352698	-0.42955332
1.108707277	1.8868	0.932354369	0.931774273	1.34956698	0.944347595	0.920361143	-0.417212611
1.119336476	1.8868	0.917714552	0.915351898	1.322317613	0.929707777	0.905721326	-0.404603062
1.129965676	1.8868	0.903366057	0.900153779	1.295068247	0.915359283	0.891372831	-0.39170219
1.140594875	1.8868	0.889333278	0.885964358	1.26781888	0.901326504	0.877340052	-0.378485602
1.151224075	1.8868	0.875642202	0.872546978	1.240569514	0.887635428	0.863648976	-0.364927312
1.161853275	1.8868	0.862318492	0.859725093	1.213320147	0.874311718	0.850325266	-0.351001655
1.172482474	1.8868	0.849384481	0.847379255	1.186070781	0.861377707	0.837391255	-0.3366863
1.183111674	1.8868	0.83685583	0.835429959	1.158821414	0.848849056	0.824862604	-0.321965585
1.193740873	1.8868	0.824738641	0.823823516	1.131572048	0.836731866	0.812745415	-0.306833407
1.204370073	1.8868	0.813027722	0.812522621	1.104322681	0.825020948	0.801034496	-0.291294959
1.214999272	1.8868	0.801706455	0.801500424	1.077073315	0.81369968	0.789713229	-0.27536686
1.225628472	1.8868	0.790748358	0.790736826	1.049823948	0.802741583	0.778755132	-0.259075591
1.236257671	1.8868	0.780120118	0.780216178	1.022574582	0.792113344	0.768126892	-0.242454464
1.246886871	1.8868	0.769785523	0.769925816	0.995325215	0.781778748	0.757792297	-0.225539693
1.257516071	1.8868	0.759709562	0.759855127	0.968075849	0.771702788	0.747716337	-0.208366287
1.26814527	1.8868	0.74986196	0.749994939	0.940826482	0.761855186	0.737868734	-0.190964522
1.27877447	1.8868	0.740219497	0.740337123	0.913577116	0.752212723	0.728226272	-0.173357619
1.289403669	1.8868	0.730766804	0.730874325	0.88632775	0.74276003	0.718773578	-0.155560946
1.300032869	1.8868	0.7214956	0.721599778	0.859078383	0.733488825	0.709502374	-0.137582783
1.310662068	1.8868	0.712402714	0.712507187	0.831829017	0.72439594	0.700409488	-0.119426303
1.321291268	1.8868	0.703487457	0.703590631	0.80457965	0.715480683	0.691494231	-0.101092193
1.331920467	1.8868	0.694749021	0.694844511	0.777330284	0.706742247	0.682755795	-0.082581262
1.342549667	1.8868	0.686184534	0.686263497	0.750080917	0.69817776	0.674191308	-0.063896383
1.353178867	1.8868	0.677788187	0.6778425	0.722831551	0.689781413	0.665794961	-0.045043364
1.363808066	1.8868	0.669551555	0.669576649	0.695582184	0.681544781	0.65755833	-0.026030629
1.374437266	1.8868	0.66146491	0.661461264	0.668332818	0.673458135	0.649471684	-0.006867908
1.385066465	1.8868	0.653519039	0.653491852	0.641083451	0.665512265	0.641525813	0.012435588
1.395695665	1.8868	0.64570699	0.645664085	0.613834085	0.657700215	0.633713764	0.031872905
1.406324864	1.8868	0.638025121	0.637973796	0.586584718	0.650018347	0.626031895	0.051440403
1.416954064	1.8868	0.630473097	0.630416971	0.559335352	0.642466323	0.618479871	0.071137745
1.427583263	1.8868	0.623052717	0.622989737	0.532085985	0.635045942	0.611059491	0.090966731
1.438212463	1.8868	0.615765862	0.615688358	0.504836619	0.627759088	0.603772636	0.110929243
1.448841663	1.8868	0.608612134	0.60850923	0.477587252	0.62060536	0.596618908	0.131024882
1.459470862	1.8868	0.601586933	0.601448876	0.450337886	0.613580159	0.589593707	0.151249047
1.470100062	1.8868	0.594680713	0.594503936	0.423088519	0.606673939	0.582687487	0.171592194
1.480729261	1.8868	0.587879909	0.587671168	0.395839153	0.599873135	0.575886683	0.192040756
1.491358461	1.8868	0.581169628	0.580947442	0.368589786	0.593162854	0.569176402	0.212579842
1.50198766	1.8868	0.574537671	0.574329733	0.34134042	0.586530897	0.562544446	0.233197252
1.51261686	1.8868	0.56797895	0.56781512	0.314091053	0.579972176	0.555985724	0.253887896
1.523246059	1.8868	0.561498961	0.561400782	0.286841687	0.573492187	0.549505735	0.274657274
1.533875259	1.8868	0.555114857	0.55508399	0.25959232	0.567108083	0.543121632	0.295522537
1.544504459	1.8868	0.548852759	0.548862111	0.232342954	0.560845985	0.536859533	0.316509805
1.555133658	1.8868	0.542740435	0.542732598	0.205093587	0.554733661	0.530747209	0.337646847
1.565762858	1.8868	0.536795181	0.536692989	0.177844221	0.548788406	0.524801955	0.35895096
1.576392057	1.8868	0.531007598	0.530740903	0.150594854	0.543000824	0.519014372	0.380412744
1.587021257	1.8868	0.52532286	0.52487404	0.123345488	0.537316086	0.513329634	0.401977372
1.597650456	1.8868	0.519621791	0.519090174	0.096096121	0.531615016	0.507628565	0.423525669
1.608279656	1.8868	0.513704539	0.513387152	0.068846755	0.525697765	0.501711314	0.444857784
1.618908855	1.8868	0.507279696	0.507762894	0.041597388	0.519272922	0.495286471	0.465682308
0.566618099	2.3595	2.628558696	2.634570075	2.765812511	2.640551922	2.61656547	-0.137253815
0.577247299	2.3595	2.484042448	2.481536621	2.738563144	2.496035674	2.472049223	-0.254520696
0.587876499	2.3595	2.354825236	2.351115516	2.711313778	2.366818461	2.34283201	-0.356488542
0.598505698	2.3595	2.240600315	2.238650858	2.684064411	2.252593541	2.228607089	-0.443464096
0.609134898	2.3595	2.140381602	2.140679262	2.656815045	2.152374827	2.128388376	-0.516433443
0.619764097	2.3595	2.052712245	2.054570879	2.629565678	2.064705471	2.040719019	-0.576853433
0.630393297	2.3595	1.975882362	1.978292708	2.602316312	1.987875588	1.963889136	-0.62643395
0.641022496	2.3595	1.908130879	1.91024822	2.575066945	1.920124104	1.896137653	-0.666936067
0.651651696	2.3595	1.847811048	1.849166024	2.547817579	1.859804274	1.835817822	-0.700006531
0.662280895	2.3595	1.793506221	1.794020962	2.520568212	1.805499446	1.781512995	-0.727061992
0.672910095	2.3595	1.744090607	1.743977084	2.493318846	1.756083833	1.732097381	-0.749228239
0.683539295	2.3595	1.698737883	1.698345772	2.466069479	1.710731109	1.686744657	-0.767331596
0.694168494	2.3595	1.656887235	1.656554483	2.438820113	1.668880461	1.644894009	-0.781932878
0.704797694	2.3595	1.618181008	1.618123125	2.411570746	1.630174234	1.606187783	-0.793389738
0.715426893	2.3595	1.58238992	1.582645948	2.38432138	1.594383146	1.570396694	-0.80193146
0.726056093	2.3595	1.549340916	1.549777527	2.357072013	1.561334142	1.537347691	-0.807731097
0.736685292	2.3595	1.518859556	1.519221779	2.329822647	1.530852782	1.50686633	-0.810963091
0.747314492	2.3595	1.490734159	1.490723281	2.30257328	1.502727384	1.478740933	-0.811839122
0.757943691	2.3595	1.464703759	1.464060344	2.275323914	1.476696985	1.452710533	-0.810620155
0.768572891	2.3595	1.440467183	1.43903944	2.248074547	1.452460408	1.428473957	-0.807607365
0.779202091	2.3595	1.417707017	1.415490684	2.220825181	1.429700243	1.405713792	-0.803118164
0.78983129	2.3595	1.39612042	1.393264141	2.193575814	1.408113646	1.384127194	-0.797455394
0.80046049	2.3595	1.375448636	1.372226793	2.166326448	1.387441862	1.36345541	-0.790877812
0.811089689	2.3595	1.355498612	1.35226003	2.139077082	1.367491838	1.343505387	-0.783578469
0.821718889	2.3595	1.336152663	1.333257561	2.111827715	1.348145889	1.324159437	-0.775675052
0.832348088	2.3595	1.317365123	1.315123671	2.084578349	1.329358348	1.305371897	-0.767213226
0.842977288	2.3595	1.299147738	1.297771763	2.057328982	1.311140963	1.287154512	-0.758181245
0.853606487	2.3595	1.281547594	1.281123131	2.030079616	1.29354082	1.269554368	-0.748532022
0.864235687	2.3595	1.264622437	1.265105938	2.002830249	1.276615663	1.252629212	-0.738207812
0.874864887	2.3595	1.248418174	1.249654363	1.975580883	1.2604114	1.236424948	-0.727162709
0.885494086	2.3595	1.232952345	1.234707901	1.948331516	1.244945571	1.22095912	-0.715379171
0.896123286	2.3595	1.218205762	1.220210807	1.92108215	1.230198987	1.206212536	-0.702876388
0.906752485	2.3595	1.204122619	1.206111665	1.893832783	1.216115845	1.192129394	-0.689710164
0.917381685	2.3595	1.190617789	1.192363099	1.866583417	1.202611015	1.178624563	-0.675965628
0.928010884	2.3595	1.177588748	1.1789216	1.83933405	1.189581974	1.165595522	-0.661745302
0.938640084	2.3595	1.16492911	1.16574749	1.812084684	1.176922336	1.152935884	-0.647155574
0.949269283	2.3595	1.152540812	1.152805016	1.784835317	1.164534037	1.140547586	-0.632294506
0.959898483	2.3595	1.140342721	1.14006255	1.757585951	1.152335947	1.128349496	-0.617243229
0.970527683	2.3595	1.128274445	1.127492861	1.730336584	1.140267671	1.116281219	-0.602062139
0.981156882	2.3595	1.116295245	1.115073398	1.703087218	1.128288471	1.104302019	-0.586791972
0.991786082	2.3595	1.104379006	1.102786428	1.675837851	1.116372232	1.09238578	-0.571458845
1.002415281	2.3595	1.09250685	1.09061884	1.648588485	1.104500076	1.080513625	-0.556081634
1.013044481	2.3595	1.080659349	1.078561319	1.621339118	1.092652575	1.068666123	-0.540679769
1.02367368	2.3595	1.068810125	1.06660653	1.594089752	1.080803351	1.0568169	-0.525279626
1.03430288	2.3595	1.056922241	1.054745986	1.566840385	1.068915467	1.044929016	-0.509918144
1.044932079	2.3595	1.044948068	1.042965365	1.539591019	1.056941294	1.032954842	-0.494642951
1.055561279	2.3595	1.032832629	1.031238361	1.512341652	1.044825854	1.020839403	-0.479509024
1.066190479	2.3595	1.020519715	1.019519626	1.485092286	1.032512941	1.008526489	-0.464572571
1.076819678	2.3595	1.007959601	1.007737981	1.457842919	1.019952827	0.995966375	-0.449883318
1.087448878	2.3595	0.995116914	0.995792051	1.430593553	1.00711014	0.983123688	-0.435476639
1.098078077	2.3595	0.981977249	0.98355206	1.403344186	0.993970475	0.969984023	-0.421366937
1.108707277	2.3595	0.96855136	0.970873952	1.37609482	0.980544586	0.956558135	-0.40754346
1.119336476	2.3595	0.954876205	0.957633922	1.348845453	0.966869431	0.94288298	-0.393969248
1.129965676	2.3595	0.941012644	0.943785711	1.321596087	0.953005869	0.929019418	-0.380583443
1.140594875	2.3595	0.92704014	0.929418849	1.29434672	0.939033366	0.915046914	-0.36730658
1.151224075	2.3595	0.913049275	0.914764952	1.267097354	0.925042501	0.901056049	-0.354048079
1.161853275	2.3595	0.899133181	0.90012032	1.239847987	0.911126407	0.887139955	-0.340714807
1.172482474	2.3595	0.885379144	0.88573775	1.212598621	0.89737237	0.873385919	-0.327219476
1.183111674	2.3595	0.871861531	0.871769469	1.185349255	0.883854756	0.859868305	-0.313487724
1.193740873	2.3595	0.858636922	0.858274933	1.158099888	0.870630147	0.846643696	-0.299462966
1.204370073	2.3595	0.845741971	0.845255171	1.130850522	0.857735197	0.833748746	-0.28510855
1.214999272	2.3595	0.833194012	0.832683252	1.103601155	0.845187238	0.821200787	-0.270407143
1.225628472	2.3595	0.820994015	0.820522827	1.076351789	0.832987241	0.809000789	-0.255357773
1.236257671	2.3595	0.809131144	0.808737257	1.049102422	0.82112437	0.797137919	-0.239971278
1.246886871	2.3595	0.797587963	0.797293308	1.021853056	0.809581188	0.785594737	-0.224265093
1.257516071	2.3595	0.786345304	0.786162174	0.994603689	0.79833853	0.774352078	-0.208258385
1.26814527	2.3595	0.775386007	0.77531935	0.967354323	0.787379233	0.763392781	-0.191968315
1.27877447	2.3595	0.764696993	0.764744091	0.940104956	0.776690219	0.752703767	-0.175407963
1.289403669	2.3595	0.754269555	0.754418785	0.91285559	0.766262781	0.74227633	-0.158586034
1.300032869	2.3595	0.744098118	0.744328366	0.885606223	0.756091344	0.732104892	-0.141508105
1.310662068	2.3595	0.734178019	0.734459829	0.858356857	0.746171244	0.722184793	-0.124178838
1.321291268	2.3595	0.724503048	0.724801821	0.83110749	0.736496274	0.712509822	-0.106604442
1.331920467	2.3595	0.715063481	0.715344328	0.803858124	0.727056707	0.703070255	-0.088794643
1.342549667	2.3595	0.705845164	0.706078415	0.776608757	0.71783839	0.693851938	-0.070763593
1.353178867	2.3595	0.696829933	0.69699604	0.749359391	0.708823159	0.684836708	-0.052529457
1.363808066	2.3595	0.687997293	0.688089889	0.722110024	0.699990519	0.676004067	-0.034112732
1.374437266	2.3595	0.679326937	0.679353259	0.694860658	0.691320162	0.667333711	-0.015533721
1.385066465	2.3595	0.670801491	0.670779963	0.667611291	0.682794716	0.658808265	0.003190199
1.395695665	2.3595	0.662408752	0.66236425	0.640361925	0.674401978	0.650415527	0.022046828
1.406324864	2.3595	0.654142829	0.654100748	0.613112558	0.666136055	0.642149603	0.041030271
1.416954064	2.3595	0.646003825	0.645984413	0.585863192	0.65799705	0.634010599	0.060140633
1.427583263	2.3595	0.637996095	0.63801049	0.558613825	0.649989321	0.626002869	0.07938227
1.438212463	2.3595	0.63012547	0.630174481	0.531364459	0.642118696	0.618132244	0.098761011
1.448841663	2.3595	0.622396144	0.622472116	0.504115092	0.63438937	0.610402919	0.118281052
1.459470862	2.3595	0.614808094	0.614899335	0.476865726	0.62680132	0.602814868	0.137942368
1.470100062	2.3595	0.607355809	0.607452264	0.449616359	0.619349035	0.595362583	0.157739449
1.480729261	2.3595	0.60002886	0.600127203	0.422366993	0.612022086	0.588035634	0.177661867
1.491358461	2.3595	0.59281438	0.592920612	0.395117626	0.604807606	0.580821154	0.197696753
1.50198766	2.3595	0.58570098	0.585829099	0.36786826	0.597694206	0.573707755	0.21783272
1.51261686	2.3595	0.578683146	0.578849408	0.340618893	0.590676372	0.56668992	0.238064253
1.523246059	2.3595	0.57176474	0.571978413	0.313369527	0.583757966	0.559771515	0.258395213
1.533875259	2.3595	0.564960148	0.565213107	0.28612016	0.576953374	0.552966922	0.278839988
1.544504459	2.3595	0.558291734	0.5585506	0.258870794	0.57028496	0.546298508	0.29942094
1.555133658	2.3595	0.551782768	0.551988105	0.231621428	0.563775994	0.539789543	0.320161341
1.565762858	2.3595	0.545445685	0.545522939	0.204372061	0.557438911	0.533452459	0.341073624
1.576392057	2.3595	0.539266391	0.539152515	0.177122695	0.551259617	0.527273165	0.362143696
1.587021257	2.3595	0.533186215	0.532874338	0.149873328	0.545179441	0.521192989	0.383312887
1.597650456	2.3595	0.527083774	0.526685999	0.122623962	0.539077	0.515090548	0.404459813
1.608279656	2.3595	0.520759466	0.520585173	0.095374595	0.532752692	0.50876624	0.425384871
1.618908855	2.3595	0.513925327	0.514569614	0.068125229	0.525918553	0.501932101	0.445800099
0.566618099	3.3019	2.690376052	2.69740525	2.818699831	2.702369278	2.678382826	-0.12832378
0.577247299	3.3019	2.53740824	2.534409826	2.791450465	2.549401466	2.525415015	-0.254042225
0.587876499	3.3019	2.400559968	2.395953488	2.764201098	2.412553194	2.388566743	-0.36364113
0.598505698	3.3019	2.279654328	2.276891285	2.736951732	2.291647554	2.267661102	-0.457297404
0.609134898	3.3019	2.173747661	2.17341914	2.709702366	2.185740887	2.161754435	-0.535954705
0.619764097	3.3019	2.081343663	2.082663626	2.682452999	2.093336889	2.069350437	-0.601109336
0.630393297	3.3019	2.000624839	2.002413645	2.655203633	2.012618065	1.988631613	-0.654578793
0.641022496	3.3019	1.929674325	1.930939879	2.627954266	1.941667551	1.917681099	-0.698279941
0.651651696	3.3019	1.866664971	1.866870231	2.6007049	1.878658197	1.854671745	-0.734039929
0.662280895	3.3019	1.809999208	1.809102003	2.573455533	1.821992434	1.798005983	-0.763456325
0.672910095	3.3019	1.758391464	1.756738761	2.546206167	1.77038469	1.746398238	-0.787814702
0.683539295	3.3019	1.71089345	1.70904415	2.5189568	1.722886676	1.698900225	-0.80806335
0.694168494	3.3019	1.666870241	1.665407582	2.491707434	1.678863467	1.654877015	-0.824837192
0.704797694	3.3019	1.625940599	1.625318376	2.464458067	1.637933825	1.613947373	-0.838517468
0.715426893	3.3019	1.587897881	1.588346022	2.437208701	1.599891107	1.575904655	-0.84931082
0.726056093	3.3019	1.552627877	1.55412494	2.409959334	1.564621103	1.540634651	-0.857331457
0.736685292	3.3019	1.520037421	1.522342584	2.382709968	1.532030647	1.508044195	-0.862672547
0.747314492	3.3019	1.490003258	1.492730059	2.355460601	1.501996483	1.478010032	-0.865457344
0.757943691	3.3019	1.462345458	1.465054668	2.328211235	1.474338684	1.450352233	-0.865865776
0.768572891	3.3019	1.436824533	1.439113921	2.300961868	1.448817759	1.424831308	-0.864137335
0.779202091	3.3019	1.413157296	1.414730707	2.273712502	1.425150522	1.401164071	-0.860555205
0.78983129	3.3019	1.391043976	1.391749352	2.246463135	1.403037202	1.37905075	-0.855419159
0.80046049	3.3019	1.370198337	1.370032402	2.219213769	1.382191563	1.358205111	-0.849015432
0.811089689	3.3019	1.350373522	1.349457964	2.191964402	1.362366748	1.338380296	-0.84159088
0.821718889	3.3019	1.331378543	1.329917515	2.164715036	1.343371768	1.319385317	-0.833336493
0.832348088	3.3019	1.313083192	1.311314073	2.137465669	1.325076418	1.301089966	-0.824382478
0.842977288	3.3019	1.295412019	1.293560681	2.110216303	1.307405245	1.283418794	-0.814804283
0.853606487	3.3019	1.278330262	1.276579138	2.082966936	1.290323488	1.266337037	-0.804636674
0.864235687	3.3019	1.261825945	1.260298943	2.05571757	1.273819171	1.249832719	-0.793891625
0.874864887	3.3019	1.245892567	1.244656415	2.028468203	1.257885792	1.233899341	-0.782575637
0.885494086	3.3019	1.230516031	1.22959397	2.001218837	1.242509257	1.218522806	-0.770702806
0.896123286	3.3019	1.215667983	1.215059519	1.97396947	1.227661209	1.203674758	-0.758301487
0.906752485	3.3019	1.201305974	1.20100599	1.946720104	1.213299199	1.189312748	-0.74541413
0.917381685	3.3019	1.187379239	1.187390944	1.919470737	1.199372465	1.175386014	-0.732091498
0.928010884	3.3019	1.173837725	1.174176273	1.892221371	1.185830951	1.161844499	-0.718383646
0.938640084	3.3019	1.160641472	1.161327975	1.864972004	1.172634698	1.148648246	-0.704330533
0.949269283	3.3019	1.147767715	1.148815978	1.837722638	1.159760941	1.13577449	-0.689954923
0.959898483	3.3019	1.135213817	1.136614001	1.810473272	1.147207042	1.123220591	-0.675259455
0.970527683	3.3019	1.122995282	1.12469942	1.783223905	1.134988508	1.111002057	-0.660228623
0.981156882	3.3019	1.111139345	1.113053119	1.755974539	1.123132571	1.099146119	-0.644835193
0.991786082	3.3019	1.09967556	1.101659269	1.728725172	1.111668785	1.087682334	-0.629049612
1.002415281	3.3019	1.088625492	1.090505014	1.701475806	1.100618718	1.076632267	-0.612850313
1.013044481	3.3019	1.077993682	1.079579996	1.674226439	1.089986908	1.066000456	-0.596232757
1.02367368	3.3019	1.06776169	1.068875695	1.646977073	1.079754916	1.055768464	-0.579215383
1.03430288	3.3019	1.057886345	1.058384553	1.619727706	1.069879571	1.045893119	-0.561841361
1.044932079	3.3019	1.048302388	1.048098883	1.59247834	1.060295614	1.036309163	-0.544175951
1.055561279	3.3019	1.038928842	1.038009599	1.565228973	1.050922067	1.026935616	-0.526300132
1.066190479	3.3019	1.029677755	1.028104836	1.537979607	1.041670981	1.017684529	-0.508301851
1.076819678	3.3019	1.020463622	1.018368585	1.51073024	1.032456847	1.008470396	-0.490266619
1.087448878	3.3019	1.01121174	1.008779457	1.483480874	1.023204966	0.999218514	-0.472269134
1.098078077	3.3019	1.001864157	0.999309742	1.456231507	1.013857383	0.989870932	-0.45436735
1.108707277	3.3019	0.992382376	0.989924866	1.428982141	1.004375602	0.980389151	-0.436599764
1.119336476	3.3019	0.982746701	0.980583398	1.401732774	0.994739927	0.970753475	-0.418986073
1.129965676	3.3019	0.972952741	0.971237679	1.374483408	0.984945966	0.960959515	-0.401530667
1.140594875	3.3019	0.963006079	0.961835202	1.347234041	0.974999304	0.951012853	-0.384227963
1.151224075	3.3019	0.952916373	0.952320831	1.319984675	0.964909599	0.940923147	-0.367068302
1.161853275	3.3019	0.942692143	0.94263994	1.292735308	0.954685369	0.930698917	-0.350043166
1.172482474	3.3019	0.932337247	0.932742486	1.265485942	0.944330473	0.920344021	-0.333148695
1.183111674	3.3019	0.921849633	0.922587798	1.238236575	0.933842859	0.909856407	-0.316386942
1.193740873	3.3019	0.911222431	0.912149595	1.210987209	0.923215657	0.899229205	-0.299764778
1.204370073	3.3019	0.900446971	0.901420304	1.183737842	0.912440197	0.888453745	-0.283290872
1.214999272	3.3019	0.889516947	0.890413515	1.156488476	0.901510173	0.877523721	-0.266971529
1.225628472	3.3019	0.878432734	0.879163562	1.129239109	0.89042596	0.866439509	-0.250806375
1.236257671	3.3019	0.867204879	0.867721873	1.101989743	0.879198105	0.855211653	-0.234784864
1.246886871	3.3019	0.855855984	0.856150768	1.074740376	0.867849209	0.843862758	-0.218884393
1.257516071	3.3019	0.844420542	0.844516239	1.04749101	0.856413768	0.832427316	-0.203070468
1.26814527	3.3019	0.8329427	0.832881408	1.020241643	0.844935926	0.820949474	-0.187298943
1.27877447	3.3019	0.82147233	0.821301851	0.992992277	0.833465556	0.809479104	-0.171519947
1.289403669	3.3019	0.810060126	0.809823175	0.96574291	0.822053352	0.7980669	-0.155682785
1.300032869	3.3019	0.798752609	0.798480507	0.938493544	0.810745834	0.786759383	-0.139740935
1.310662068	3.3019	0.787587937	0.787299292	0.911244177	0.799581162	0.775594711	-0.123656241
1.321291268	3.3019	0.776593244	0.776296752	0.883994811	0.788586469	0.764600018	-0.107401567
1.331920467	3.3019	0.765783916	0.765483533	0.856745445	0.777777142	0.75379069	-0.090961528
1.342549667	3.3019	0.755164843	0.754865261	0.829496078	0.767158069	0.743171617	-0.074331235
1.353178867	3.3019	0.744733269	0.74444386	0.802246712	0.756726495	0.732740044	-0.057513442
1.363808066	3.3019	0.734482583	0.734218622	0.774997345	0.746475809	0.722489357	-0.040514762
1.374437266	3.3019	0.724406184	0.724187021	0.747747979	0.736399409	0.712412958	-0.023341795
1.385066465	3.3019	0.714500576	0.714345321	0.720498612	0.726493801	0.70250735	-0.005998036
1.395695665	3.3019	0.704767022	0.704689018	0.693249246	0.716760248	0.692773797	0.011517777
1.406324864	3.3019	0.695211408	0.695213157	0.665999879	0.707204634	0.683218182	0.029211529
1.416954064	3.3019	0.685842371	0.685912556	0.638750513	0.697835597	0.673849145	0.047091858
1.427583263	3.3019	0.676668187	0.676781955	0.611501146	0.688661413	0.664674961	0.065167041
1.438212463	3.3019	0.667693199	0.66781612	0.58425178	0.679686424	0.655699973	0.083441419
1.448841663	3.3019	0.658914746	0.659009913	0.557002413	0.670907972	0.64692152	0.101912333
1.459470862	3.3019	0.650321528	0.650358333	0.529753047	0.662314754	0.638328302	0.120568481
1.470100062	3.3019	0.641894039	0.641856544	0.50250368	0.653887265	0.629900814	0.139390359
1.480729261	3.3019	0.633607308	0.633499884	0.475254314	0.645600534	0.621614082	0.158352994
1.491358461	3.3019	0.625435599	0.625283876	0.448004947	0.637428825	0.613442373	0.177430652
1.50198766	3.3019	0.617358218	0.617204225	0.420755581	0.629351444	0.605364992	0.196602637
1.51261686	3.3019	0.609365096	0.609256816	0.393506214	0.621358322	0.59737187	0.215858882
1.523246059	3.3019	0.601460608	0.601437708	0.366256848	0.613453833	0.589467382	0.23520376
1.533875259	3.3019	0.593664126	0.593743125	0.339007481	0.605657352	0.5816709	0.254656645
1.544504459	3.3019	0.586006153	0.586169452	0.311758115	0.597999379	0.574012927	0.274248038
1.555133658	3.3019	0.578519475	0.578713227	0.284508748	0.590512701	0.566526249	0.294010727
1.565762858	3.3019	0.57122559	0.571371129	0.257259382	0.583218815	0.559232364	0.313966208
1.576392057	3.3019	0.564117512	0.564139973	0.230010015	0.576110738	0.552124286	0.334107497
1.587021257	3.3019	0.557140861	0.557016705	0.202760649	0.569134087	0.545147635	0.354380212
1.597650456	3.3019	0.550175694	0.54999839	0.175511282	0.56216892	0.538182468	0.374664411
1.608279656	3.3019	0.543021817	0.54308221	0.148261916	0.555015042	0.531028591	0.394759901
1.618908855	3.3019	0.535390187	0.536265454	0.121012549	0.547383413	0.523396961	0.414377638
0.566618099	3.7736	2.724106397	2.730501037	2.845171552	2.736099623	2.712113171	-0.121065155
0.577247299	3.7736	2.566088613	2.562223154	2.817922185	2.578081839	2.554095387	-0.251833572
0.587876499	3.7736	2.424457771	2.419523263	2.790672819	2.436450997	2.412464545	-0.366215048
0.598505698	3.7736	2.299220962	2.296988853	2.763423452	2.311214188	2.287227736	-0.46420249
0.609134898	3.7736	2.189569234	2.190630501	2.736174086	2.201562459	2.177576008	-0.546604852
0.619764097	3.7736	2.094084072	2.097442908	2.708924719	2.106077297	2.082090846	-0.614840648
0.630393297	3.7736	2.010967214	2.01511896	2.681675353	2.02296044	1.998973988	-0.670708139
0.641022496	3.7736	1.938266704	1.941858003	2.654425986	1.95025993	1.926273478	-0.716159282
0.651651696	3.7736	1.874075252	1.876234003	2.62717662	1.886068477	1.862082026	-0.753101368
0.662280895	3.7736	1.816683001	1.817102839	2.599927253	1.828676227	1.804689775	-0.783244253
0.672910095	3.7736	1.764674702	1.763535829	2.572677887	1.776667928	1.752681477	-0.808003184
0.683539295	3.7736	1.716969741	1.714771204	2.54542852	1.728962966	1.704976515	-0.82845878
0.694168494	3.7736	1.672811222	1.670178137	2.518179154	1.684804448	1.660817997	-0.845367931
0.704797694	3.7736	1.63171629	1.629229674	2.490929787	1.643709516	1.619723065	-0.859213497
0.715426893	3.7736	1.593403236	1.591482123	2.463680421	1.605396462	1.58141001	-0.870277185
0.726056093	3.7736	1.557711623	1.556559146	2.436431054	1.569704849	1.545718397	-0.878719432
0.736685292	3.7736	1.524529674	1.524139373	2.409181688	1.5365229	1.512536449	-0.884652014
0.747314492	3.7736	1.493739262	1.493946644	2.381932322	1.505732488	1.481746036	-0.888193059
0.757943691	3.7736	1.465183848	1.465742258	2.354682955	1.477177073	1.453190622	-0.889499107
0.768572891	3.7736	1.438659647	1.439318771	2.327433589	1.450652872	1.426666421	-0.888773942
0.779202091	3.7736	1.413925994	1.414494979	2.300184222	1.42591922	1.401932768	-0.886258228
0.78983129	3.7736	1.390728032	1.391111846	2.272934856	1.402721258	1.378734806	-0.882206823
0.80046049	3.7736	1.368823751	1.369029175	2.245685489	1.380816977	1.356830525	-0.876861738
0.811089689	3.7736	1.348007994	1.348122861	2.218436123	1.36000122	1.336014768	-0.870428129
0.821718889	3.7736	1.328128005	1.328282629	2.191186756	1.340121231	1.316134779	-0.863058751
0.832348088	3.7736	1.309087797	1.309410147	2.16393739	1.321081023	1.297094571	-0.854849593
0.842977288	3.7736	1.2908415	1.291417461	2.136688023	1.302834726	1.278848274	-0.845846523
0.853606487	3.7736	1.273378237	1.274225684	2.109438657	1.285371462	1.261385011	-0.83606042
0.864235687	3.7736	1.25670262	1.257763902	2.08218929	1.268695845	1.244709394	-0.825486671
0.874864887	3.7736	1.240815417	1.241968258	2.054939924	1.252808643	1.228822191	-0.814124507
0.885494086	3.7736	1.225698382	1.226781187	2.027690557	1.237691608	1.213705156	-0.801992175
0.896123286	3.7736	1.211305899	1.212150783	2.000441191	1.223299125	1.199312673	-0.789135292
0.906752485	3.7736	1.197564381	1.198030269	1.973191824	1.209557607	1.185571155	-0.775627443
0.917381685	3.7736	1.184378622	1.184377562	1.945942458	1.196371848	1.172385396	-0.761563836
0.928010884	3.7736	1.171642967	1.171154916	1.918693091	1.183636193	1.159649741	-0.747050124
0.938640084	3.7736	1.159254432	1.158328618	1.891443725	1.171247658	1.147261206	-0.732189293
0.949269283	3.7736	1.147124836	1.145868746	1.864194358	1.159118062	1.135131611	-0.717069522
0.959898483	3.7736	1.135189585	1.133748935	1.836944992	1.147182811	1.12319636	-0.701755406
0.970527683	3.7736	1.123411719	1.121946174	1.809695625	1.135404945	1.111418493	-0.686283906
0.981156882	3.7736	1.111780978	1.110440579	1.782446259	1.123774204	1.099787752	-0.670665281
0.991786082	3.7736	1.100308688	1.099215141	1.755196892	1.112301914	1.088315463	-0.654888204
1.002415281	3.7736	1.08902	1.088255408	1.727947526	1.101013226	1.077026775	-0.638927525
1.013044481	3.7736	1.077945327	1.077549104	1.700698159	1.089938553	1.065952101	-0.622752832
1.02367368	3.7736	1.067112712	1.067085639	1.673448793	1.079105938	1.055119486	-0.606336081
1.03430288	3.7736	1.056542382	1.056855522	1.646199426	1.068535608	1.044549156	-0.589657045
1.044932079	3.7736	1.046244062	1.046849678	1.61895006	1.058237288	1.034250836	-0.572705998
1.055561279	3.7736	1.036216929	1.037058677	1.591700693	1.048210155	1.024223703	-0.555483765
1.066190479	3.7736	1.026451505	1.027471927	1.564451327	1.038444731	1.01445828	-0.537999821
1.076819678	3.7736	1.016932464	1.018076877	1.53720196	1.02892569	1.004939238	-0.520269497
1.087448878	3.7736	1.007641272	1.008858281	1.509952594	1.019634498	0.995648046	-0.502311322
1.098078077	3.7736	0.998557835	0.999797593	1.482703227	1.010551061	0.986564609	-0.484145393
1.108707277	3.7736	0.989660696	0.990872554	1.455453861	1.001653922	0.97766747	-0.465793165
1.119336476	3.7736	0.980925846	0.982057001	1.428204495	0.992919072	0.96893262	-0.447278648
1.129965676	3.7736	0.972324625	0.97332094	1.400955128	0.984317851	0.960331399	-0.428630503
1.140594875	3.7736	0.963821482	0.964630907	1.373705762	0.975814708	0.951828256	-0.40988428
1.151224075	3.7736	0.955372463	0.955950608	1.346456395	0.967365689	0.943379237	-0.391083932
1.161853275	3.7736	0.94692514	0.947241866	1.319207029	0.958918366	0.934931914	-0.372281889
1.172482474	3.7736	0.93842041	0.938465869	1.291957662	0.950413636	0.926427184	-0.353537252
1.183111674	3.7736	0.92979617	0.929584699	1.264708296	0.941789396	0.917802944	-0.334912125
1.193740873	3.7736	0.920992452	0.920563134	1.237458929	0.932985678	0.908999226	-0.316466477
1.204370073	3.7736	0.911957255	0.91137062	1.210209563	0.92395048	0.899964029	-0.298252308
1.214999272	3.7736	0.902652127	0.901983305	1.182960196	0.914645353	0.890658901	-0.280308069
1.225628472	3.7736	0.893056531	0.892385893	1.15571083	0.905049757	0.881063305	-0.262654299
1.236257671	3.7736	0.883170208	0.882573077	1.128461463	0.895163434	0.871176982	-0.245291255
1.246886871	3.7736	0.873013102	0.872550256	1.101212097	0.885006327	0.861019876	-0.228198995
1.257516071	3.7736	0.862622798	0.862333317	1.07396273	0.874616024	0.850629573	-0.211339932
1.26814527	3.7736	0.852049889	0.851947438	1.046713364	0.864043115	0.840056663	-0.194663475
1.27877447	3.7736	0.841351984	0.841425016	1.019463997	0.85334521	0.829358758	-0.178112013
1.289403669	3.7736	0.830587351	0.830803059	0.992214631	0.842580576	0.818594125	-0.16162728
1.300032869	3.7736	0.819809161	0.82012043	0.964965264	0.831802387	0.807815935	-0.145156103
1.310662068	3.7736	0.809061219	0.80941535	0.937715898	0.821054445	0.797067994	-0.128654678
1.321291268	3.7736	0.798375723	0.798723429	0.910466531	0.810368948	0.786382497	-0.112090809
1.331920467	3.7736	0.787773245	0.788076347	0.883217165	0.799766471	0.775780019	-0.09544392
1.342549667	3.7736	0.777264706	0.777501173	0.855967798	0.789257932	0.76527148	-0.078703092
1.353178867	3.7736	0.76685473	0.767020202	0.828718432	0.778847955	0.754861504	-0.061863702
1.363808066	3.7736	0.756545569	0.75665117	0.801469065	0.768538794	0.744552343	-0.044923497
1.374437266	3.7736	0.746340689	0.746407691	0.774219699	0.758333915	0.734347463	-0.02787901
1.385066465	3.7736	0.736247218	0.736299809	0.746970332	0.748240443	0.724253992	-0.010723115
1.395695665	3.7736	0.726276731	0.72633457	0.719720966	0.738269957	0.714283505	0.006555765
1.406324864	3.7736	0.716444235	0.716516566	0.692471599	0.728437461	0.704451009	0.023972636
1.416954064	3.7736	0.706765609	0.706848423	0.665222233	0.718758835	0.694772383	0.041543376
1.427583263	3.7736	0.697254153	0.697331218	0.637972866	0.709247378	0.685260927	0.059281286
1.438212463	3.7736	0.687917134	0.687964831	0.6107235	0.69991036	0.675923908	0.077193634
1.448841663	3.7736	0.678753283	0.678748227	0.583474133	0.690746509	0.666760057	0.09527915
1.459470862	3.7736	0.669752049	0.669679686	0.556224767	0.681745275	0.657758823	0.113527282
1.470100062	3.7736	0.660895097	0.660756985	0.528975401	0.672888323	0.648901871	0.131919697
1.480729261	3.7736	0.652160032	0.65197754	0.501726034	0.664153258	0.640166806	0.150433998
1.491358461	3.7736	0.643525806	0.643338518	0.474476668	0.655519032	0.63153258	0.169049139
1.50198766	3.7736	0.634978759	0.634836919	0.447227301	0.646971985	0.622985533	0.187751458
1.51261686	3.7736	0.626517893	0.626469645	0.419977935	0.638511119	0.614524667	0.206539958
1.523246059	3.7736	0.618157847	0.61823355	0.392728568	0.630151073	0.606164622	0.225429279
1.533875259	3.7736	0.609928199	0.610125475	0.365479202	0.621921425	0.597934973	0.244448997
1.544504459	3.7736	0.601868127	0.602142278	0.338229835	0.613861353	0.589874901	0.263638292
1.555133658	3.7736	0.594016159	0.594280853	0.310980469	0.606009385	0.582022933	0.28303569
1.565762858	3.7736	0.586395498	0.586538147	0.283731102	0.598388724	0.574402272	0.302664396
1.576392057	3.7736	0.578996263	0.578911171	0.256481736	0.590989489	0.567003038	0.322514528
1.587021257	3.7736	0.57175669	0.571397004	0.229232369	0.583749916	0.559763464	0.342524321
1.597650456	3.7736	0.564545779	0.563992801	0.201983003	0.576539005	0.552552553	0.362562777
1.608279656	3.7736	0.557150074	0.556695794	0.174733636	0.5691433	0.545156848	0.382416438
1.618908855	3.7736	0.549266969	0.549503296	0.14748427	0.561260195	0.537273743	0.401782699
0.566618099	4.717	2.786083626	2.80019338	2.898114992	2.798076851	2.7740904	-0.112031367
0.577247299	4.717	2.623765555	2.620706151	2.870865626	2.635758781	2.611772329	-0.247100071
0.587876499	4.717	2.476684545	2.469039855	2.843616259	2.488677771	2.464691319	-0.366931715
0.598505698	4.717	2.345334514	2.339195595	2.816366893	2.357327739	2.333341288	-0.471032379
0.609134898	4.717	2.229368128	2.226780196	2.789117526	2.241361354	2.217374902	-0.559749398
0.619764097	4.717	2.127763936	2.128502565	2.76186816	2.139757162	2.11577071	-0.634104224
0.630393297	4.717	2.03902766	2.041848411	2.734618793	2.051020885	2.027034434	-0.695591134
0.641022496	4.717	1.961403168	1.964863756	2.707369427	1.973396394	1.949409942	-0.745966259
0.651651696	4.717	1.893069903	1.896007011	2.680120061	1.905063129	1.881076677	-0.787050157
0.662280895	4.717	1.832307624	1.834045564	2.652870694	1.84430085	1.820314398	-0.82056307
0.672910095	4.717	1.777615543	1.777981997	2.625621328	1.789608769	1.765622317	-0.848005785
0.683539295	4.717	1.727780233	1.72700048	2.598371961	1.739773459	1.715787007	-0.870591728
0.694168494	4.717	1.681893951	1.680427183	2.571122595	1.693887177	1.669900725	-0.889228644
0.704797694	4.717	1.639331203	1.637700614	2.543873228	1.651324428	1.627337977	-0.904542025
0.715426893	4.717	1.599695706	1.598349092	2.516623862	1.611688932	1.58770248	-0.916928155
0.726056093	4.717	1.562751864	1.561973429	2.489374495	1.574745089	1.550758638	-0.926622632
0.736685292	4.717	1.528354498	1.528233476	2.462125129	1.540347724	1.516361272	-0.933770631
0.747314492	4.717	1.496388197	1.496837557	2.434875762	1.508381423	1.484394971	-0.938487565
0.757943691	4.717	1.466723832	1.467534098	2.407626396	1.478717057	1.454730606	-0.940902564
0.768572891	4.717	1.439195442	1.440104932	2.380377029	1.451188668	1.427202216	-0.941181587
0.779202091	4.717	1.413596549	1.414359912	2.353127663	1.425589775	1.401603323	-0.939531114
0.78983129	4.717	1.38969167	1.390132537	2.325878296	1.401684896	1.377698444	-0.936186626
0.80046049	4.717	1.367236891	1.367276378	2.29862893	1.379230117	1.355243665	-0.931392039
0.811089689	4.717	1.346002849	1.345662145	2.271379563	1.357996074	1.334009623	-0.925376715
0.821718889	4.717	1.32579433	1.325175262	2.244130197	1.337787556	1.313801104	-0.918335867
0.832348088	4.717	1.306462486	1.305713849	2.21688083	1.318455712	1.29446926	-0.910418344
0.842977288	4.717	1.287907932	1.287187048	2.189631464	1.299901158	1.275914707	-0.901723531
0.853606487	4.717	1.270075222	1.269513615	2.162382097	1.282068448	1.258081997	-0.892306875
0.864235687	4.717	1.252940955	1.252620741	2.135132731	1.26493418	1.240947729	-0.882191776
0.874864887	4.717	1.23649877	1.236443055	2.107883364	1.248491996	1.224505544	-0.871384594
0.885494086	4.717	1.220744674	1.220921788	2.080633998	1.2327379	1.208751448	-0.859889324
0.896123286	4.717	1.20566555	1.206004059	2.053384631	1.217658776	1.193672325	-0.847719081
0.906752485	4.717	1.191232644	1.191642277	2.026135265	1.20322587	1.179239418	-0.834902621
0.917381685	4.717	1.177400493	1.177793619	1.998885898	1.189393719	1.165407267	-0.821485406
0.928010884	4.717	1.164110577	1.164419596	1.971636532	1.176103803	1.152117351	-0.807525955
0.938640084	4.717	1.15129808	1.151485662	1.944387165	1.163291306	1.139304854	-0.793089086
0.949269283	4.717	1.138899733	1.138960885	1.917137799	1.150892959	1.126906507	-0.778238066
0.959898483	4.717	1.126860817	1.126817636	1.889888432	1.138854043	1.114867591	-0.763027615
0.970527683	4.717	1.11513985	1.115031308	1.862639066	1.127133076	1.103146624	-0.747499216
0.981156882	4.717	1.103710232	1.103580044	1.835389699	1.115703458	1.091717007	-0.731679467
0.991786082	4.717	1.092558898	1.092444463	1.808140333	1.104552124	1.080565673	-0.715581435
1.002415281	4.717	1.081682654	1.081607378	1.780890966	1.09367588	1.069689428	-0.699208313
1.013044481	4.717	1.071083312	1.071053497	1.7536416	1.083076538	1.059090086	-0.682558288
1.02367368	4.717	1.060762826	1.060769102	1.726392234	1.072756051	1.0487696	-0.665629408
1.03430288	4.717	1.050719439	1.050741702	1.699142867	1.062712664	1.038726213	-0.648423428
1.044932079	4.717	1.040945507	1.040959672	1.671893501	1.052938733	1.028952281	-0.630947994
1.055561279	4.717	1.031427155	1.031411872	1.644644134	1.04342038	1.019433929	-0.613216979
1.066190479	4.717	1.022145504	1.022087259	1.617394768	1.03413873	1.010152278	-0.595249264
1.076819678	4.717	1.013078883	1.01297452	1.590145401	1.025072108	1.001085657	-0.577066518
1.087448878	4.717	1.004205288	1.004061721	1.562896035	1.016198514	0.992212062	-0.558690746
1.098078077	4.717	0.995504422	0.995336007	1.535646668	1.007497647	0.983511196	-0.540142247
1.108707277	4.717	0.986958822	0.986783357	1.508397302	0.998952047	0.974965596	-0.52143848
1.119336476	4.717	0.978553906	0.978388416	1.481147935	0.990547132	0.966560681	-0.502594029
1.129965676	4.717	0.970277038	0.970134403	1.453898569	0.982270264	0.958283812	-0.483621531
1.140594875	4.717	0.96211596	0.962003103	1.426649202	0.974109186	0.950122734	-0.464533242
1.151224075	4.717	0.95405709	0.953974953	1.399399836	0.966050316	0.942063864	-0.445342746
1.161853275	4.717	0.946084148	0.946029199	1.372150469	0.958077373	0.934090922	-0.426066322
1.172482474	4.717	0.93817748	0.93814413	1.344901103	0.950170706	0.926184254	-0.406723623
1.183111674	4.717	0.930314259	0.930297386	1.317651736	0.942307485	0.918321033	-0.387337477
1.193740873	4.717	0.922469491	0.922466317	1.29040237	0.934462717	0.910476265	-0.367932879
1.204370073	4.717	0.914617601	0.914628392	1.263153003	0.926610827	0.902624375	-0.348535402
1.214999272	4.717	0.906734216	0.906761663	1.235903637	0.918727441	0.89474099	-0.329169421
1.225628472	4.717	0.898797753	0.89884524	1.20865427	0.910790979	0.886804527	-0.309856517
1.236257671	4.717	0.890790486	0.8908598	1.181404904	0.902783712	0.87879726	-0.290614418
1.246886871	4.717	0.882698899	0.882788086	1.154155537	0.894692125	0.870705673	-0.271456639
1.257516071	4.717	0.874513324	0.874615396	1.126906171	0.88650655	0.862520099	-0.252392847
1.26814527	4.717	0.866227044	0.866330013	1.099656804	0.87822027	0.854233818	-0.233429761
1.27877447	4.717	0.857835144	0.857923569	1.072407438	0.86982837	0.845841918	-0.214572294
1.289403669	4.717	0.849333498	0.849391302	1.045158071	0.861326724	0.837340273	-0.195824573
1.300032869	4.717	0.840718191	0.840732178	1.017908705	0.852711417	0.828724965	-0.177190514
1.310662068	4.717	0.831985605	0.831948862	0.990659338	0.843978831	0.819992379	-0.158673733
1.321291268	4.717	0.823133216	0.823047537	0.963409972	0.835126442	0.81113999	-0.140276756
1.331920467	4.717	0.814160938	0.814037562	0.936160605	0.826154164	0.802167712	-0.121999668
1.342549667	4.717	0.805072725	0.804931005	0.908911239	0.81706595	0.793079499	-0.103838514
1.353178867	4.717	0.795877995	0.795742083	0.881661872	0.80787122	0.783884769	-0.085783878
1.363808066	4.717	0.786592457	0.786486543	0.854412506	0.798585683	0.774599231	-0.067820049
1.374437266	4.717	0.777237985	0.777181042	0.827163139	0.789231211	0.76524476	-0.049925154
1.385066465	4.717	0.767841368	0.767842555	0.799913773	0.779834594	0.755848142	-0.032072405
1.395695665	4.717	0.758431984	0.758487856	0.772664407	0.770425209	0.746438758	-0.014232423
1.406324864	4.717	0.749038714	0.74913308	0.74541504	0.761031939	0.737045488	0.003623674
1.416954064	4.717	0.739686611	0.739793391	0.718165674	0.751679837	0.727693385	0.021520937
1.427583263	4.717	0.730393968	0.730482748	0.690916307	0.742387194	0.718400743	0.039477661
1.438212463	4.717	0.72117045	0.721213752	0.663666941	0.733163675	0.709177224	0.057503509
1.448841663	4.717	0.712016811	0.711997591	0.636417574	0.724010037	0.700023585	0.075599237
1.459470862	4.717	0.702926483	0.702844027	0.609168208	0.714919709	0.690933257	0.093758275
1.470100062	4.717	0.69388893	0.69376145	0.581918841	0.705882156	0.681895704	0.111970089
1.480729261	4.717	0.684894302	0.684756948	0.554669475	0.696887528	0.672901077	0.130224828
1.491358461	4.717	0.675938536	0.675836412	0.527420108	0.687931762	0.66394531	0.148518428
1.50198766	4.717	0.667027789	0.667004648	0.500170742	0.679021015	0.655034563	0.166857047
1.51261686	4.717	0.658180992	0.658265487	0.472921375	0.670174218	0.646187767	0.185259617
1.523246059	4.717	0.649429414	0.649621906	0.445672009	0.661422639	0.637436188	0.203757405
1.533875259	4.717	0.64081242	0.641076126	0.418422642	0.652805646	0.628819195	0.222389778
1.544504459	4.717	0.632369152	0.632629723	0.391173276	0.644362378	0.620375927	0.241195877
1.555133658	4.717	0.624126417	0.624283712	0.363923909	0.636119643	0.612133191	0.260202508
1.565762858	4.717	0.616083784	0.616038632	0.336674543	0.62807701	0.604090559	0.279409242
1.576392057	4.717	0.608197458	0.60789462	0.309425176	0.620190684	0.596204233	0.298772282
1.587021257	4.717	0.600364921	0.599851473	0.28217581	0.612358147	0.588371695	0.318189111
1.597650456	4.717	0.59241255	0.591908702	0.254926443	0.604405776	0.580419324	0.337486107
1.608279656	4.717	0.584088304	0.584065588	0.227677077	0.59608153	0.572095079	0.356411227
1.618908855	4.717	0.575061175	0.576321214	0.20042771	0.587054401	0.563067949	0.374633465






		
		
		
