TITLE = "Decane T rho" 

  VARIABLES = T	Soave_error_01Mpa	new_error_01Mpa	Soave_error_1Mpa	new_error_1Mpa	Soave_error_2Mpa	new_error_2Mpa	Soave_error_3Mpa	new_error_3Mpa	Soave_error_5Mpa	new_error_5Mpa	Soave_error_10Mpa	new_error_10Mpa
350	5.997039508	0.31654996	5.969142144	0.230464197	5.942115066	0.13570465	5.917809716	0.043108223	5.877539131	0.137000503	5.820225436	0.563744585
360	5.747353623	0.527585773	5.712103295	0.441594434	5.676818832	0.347792326	5.645200527	0.255868295	5.592849991	0.076285937	5.509218498	0.344745282
370	5.52015307	0.694016248	5.476841366	0.608648299	5.433940095	0.514986354	5.393031746	0.425800173	5.326559278	0.249075171	5.214189476	0.162433159
380	5.320336798	0.818100401	5.266504909	0.735617196	5.212096966	0.645971201	5.162450953	0.558793505	5.07934036	0.387588637	4.935096346	0.010130957
390	5.146148288	0.911229299	5.080334645	0.832591938	5.014372941	0.746526302	4.954833711	0.662250615	4.852005342	0.4994957	4.671914792	0.120093695
400	5.002000544	0.979922851	4.923716999	0.904707215	4.842806855	0.824999495	4.770360169	0.746184631	4.645528342	0.59345262	4.424641325	0.236951818
410	4.89005116	1.034277909	4.795272163	0.96530926	4.698358397	0.891762858	4.612419566	0.817967867	4.462553903	0.676906804	4.194765351	0.347781977
420	4.811655836	1.085758868	4.698537972	1.022863224	4.583904664	0.955337908	4.480342234	0.889313396	4.301523479	0.761575611	3.983884157	0.459331562
430	4.772061453	1.141522113	4.637828639	1.084637023	4.501384798	1.024685453	4.378327653	0.966094501	4.167061831	0.851768486	3.789177638	0.581825473
440	4.774642312	1.209919086	4.613748864	1.160799823	4.453372447	1.106868662	4.308100889	1.055432597	4.058082107	0.956261982	3.615347849	0.71591504
450	1.002839531	0.025027751	4.632572774	1.253991157	4.441658231	1.208039579	4.270376295	1.163626729	3.978375549	1.076646316	3.461173854	0.86634533
460	0.794221898	0.107631233	4.698883154	1.366873422	4.472140717	1.327966566	4.271265784	1.289071736	3.929048112	1.214983887	3.326959009	1.033961553
470	0.623623189	0.179375195	4.815762933	1.501984585	4.548830903	1.466331802	4.311450629	1.433616947	3.911590448	1.37049052	3.214635983	1.215590823
480	0.484122743	0.239872322	4.991741703	1.654703386	4.673969863	1.622834245	4.395797023	1.592540267	3.929593092	1.537825445	3.126256267	1.405769656
490	0.368698547	0.290504798	5.233474798	1.821728714	4.85662483	1.788481023	4.52719278	1.761394494	3.983972422	1.712375473	3.060702429	1.60045851
500	0.273462934	0.330860193	5.551671437	1.995826079	5.100119598	1.959632587	4.713445432	1.929132602	4.079586573	1.883604399	3.018443672	1.792419057
510	0.195548223	0.360615204	5.955969519	2.172942394	5.416122865	2.123829203	4.9559637	2.090750578	4.217048863	2.044108864	3.003325061	1.969705796
520	0.130560809	0.381886919	6.464261276	2.344597319	5.810586772	2.276048061	5.265496671	2.231133741	4.401193654	2.181037753	3.014216604	2.124820005
530	0.075620896	0.395997546	7.096653676	2.508450479	6.297400477	2.405655022	5.645787348	2.343364833	4.63621588	2.281621424	3.051574066	2.248216889
540	0.032789062	0.399883751	7.881095691	2.669616154	6.894396648	2.503095248	6.110270177	2.411709174	4.923946191	2.335404028	3.119286508	2.326719359
550	0.002768705	0.397856189	8.862875213	2.845255723	7.616943914	2.571074638	6.667786814	2.428334802	5.272933432	2.324823004	3.215921146	2.353131901
560	0.030640207	0.389288927	10.11003062	3.094171759	8.498671166	2.609215566	7.331900489	2.38510839	5.6824224	2.242776618	3.343355865	2.317527893
570	0.054271038	0.37766593	2.279589491	8.284179545	9.577480484	2.644655929	8.12100419	2.276333293	6.162492363	2.071204394	3.501414147	2.213323194
580	0.071314098	0.360814406	1.153330142	6.771450792	10.91882773	2.741413892	9.058681193	2.103215441	6.71775915	1.798951204	3.693245755	2.032010831
590	0.086506693	0.343757285	0.429300292	5.733830733	12.64025239	3.070419722	10.1761672	1.879955721	7.352697645	1.416245244	3.917848982	1.77151865
600	0.095074669	0.322013909	0.058248561	4.94543118	14.99506979	4.177586698	11.52107388	1.641043129	8.077300719	0.908523319	4.175423507	1.430957902
610	0.102814063	0.301693202	0.393700774	4.31397353	18.85262534	9.013022056	13.16065588	1.473453269	8.89438674	0.270011398	4.465353682	1.013105149
620	0.109183808	0.282510554	0.624748279	3.793342554	3.981780406	200.0571845	15.18611076	1.592372127	9.813565645	0.512529314	4.789996773	0.520609722
630	0.113934629	0.264413199	0.787158594	3.363850608	1.03330522	197.0122957	17.60355527	2.638941645	10.8328497	1.441586872	5.146616971	0.035481904
640	0.113415156	0.243867431	0.89328505	3.001692209	0.156005609	14.5927101	19.11358274	7.139022408	11.94084262	2.514716956	5.535099087	0.644184103
650	0.115259966	0.228559778	0.961248971	2.700157275	0.788437866	9.662195874	12.2760677	21.78182017	13.09878574	3.709342609	5.953839352	1.290883677
660	0.112627332	0.211600007	1.003591583	2.453370803	1.15616387	7.363426835	4.851424002	23.61772549	14.22008033	4.963411081	6.397396215	1.955901423
670	0.113945931	0.20130913	1.019208088	2.245714517	1.373271531	6.025585119	2.017383892	14.93527423	15.1472228	6.145523073	6.860549469	2.620069392
680	0.10874147	0.187019334	1.024205868	2.081705179	1.498220908	5.163902315	0.690678926	10.21760377	15.63985411	7.022928833	7.336229303	3.263992558
690	0.106039548	0.177524235	1.012718398	1.945464152	1.563471941	4.577441081	0.050283486	7.872007535	15.43777966	7.304497931	7.820185186	3.874278904
700	0.10345595	0.170155099	0.989769273	1.833501622	1.586606099	4.162631787	0.494493665	6.567029591	14.38212987	6.765358175	8.295389793	4.428317763
710	0.098626129	0.16223539	0.964143622	1.747179055	1.580535612	3.861249569	0.777835084	5.785257289	12.60550107	5.477338	8.755050666	4.918834794
720	0.093376085	0.155268268	0.928811752	1.67282376	1.553600083	3.635956733	0.956459514	5.283872636	10.52463043	3.829927144	9.187329752	5.337902811
730	0.089788441	0.151013732	0.894008253	1.614984101	1.513142673	3.462896551	1.072457314	4.950320465	8.545462143	2.225337911	9.575430616	5.676420406
740	0.085908479	0.147204932	0.852607679	1.561493839	1.460773186	3.321354283	1.136291016	4.705878743	6.870661967	0.872101451	9.910360959	5.936353714
750	0.079795049	0.141612612	0.810649174	1.51419833	1.403133067	3.20177086	1.16550649	4.513723472	5.526903539	0.192626709	10.17928785	6.117283579
760	0.073931126	0.13646737	0.767614709	1.469074241	1.337508093	3.089391908	1.169321901	4.348003464	4.460449936	1.00984732	10.37340002	6.223238906
770	0.071049792	0.13428995	0.719810306	1.419618204	1.271798297	2.983558147	1.155573308	4.19356662	3.624402658	1.612676028	10.48856641	6.262148451
780	0.065071865	0.128827517	0.677087347	1.373657795	1.201930212	2.874038135	1.128864408	4.039957725	2.966974645	2.042227483	10.52309581	6.242490856
790	0.058869689	0.122830672	0.633331189	1.323596373	1.131803539	2.760828234	1.090512678	3.878951654	2.444551726	2.334915074	10.47199869	6.166567812
800	0.055562329	0.119343031	0.587138528	1.267182541	1.06066099	2.640921564	1.045947413	3.710605673	2.021392069	2.522761805	10.34129038	6.045109289
810	0.049097104	0.112274425	0.546630067	1.212288329	0.990429317	2.515442157	0.995679257	3.532892961	1.686890748	2.614855733	10.13999325	5.888819347
820	0.047495529	0.109657562	0.502699273	1.149900853	0.921081724	2.384638543	0.94233306	3.348124653	1.414206954	2.639957425	9.873696992	5.701815693
830	0.039950996	0.100719445	0.460057104	1.085290504	0.852233769	2.249236519	0.885184503	3.156712197	1.199668189	2.604563579	9.553553995	5.491458881
840	0.039622265	0.098694841	0.419419422	1.019987449	0.785036171	2.112107998	0.827365376	2.964027101	1.022222318	2.534478913	9.196798205	5.269420939
850	0.035655385	0.092811407	0.377144663	0.951329483	0.719742451	1.975574039	0.768064287	2.771990735	0.875579037	2.440742339	8.805758802	5.030415039
860	0.026738182	0.081857226	0.339390841	0.886612582	0.657743122	1.8432606	0.708997894	2.585336045	0.763897432	2.323733187	8.401961038	4.788443097
870	0.026756315	0.079831309	0.303154658	0.823934834	0.596728958	1.715025054	0.651096431	2.407930002	0.669860935	2.205714813	7.986840281	4.536484029
880	0.019569663	0.070688061	0.265531232	0.76143842	0.535067221	1.591239075	0.592457639	2.240469698	0.588207149	2.095850887	7.569649449	4.276146131
890	0.019427497	0.068778501	0.233772583	0.707350064	0.479092962	1.480026933	0.534141187	2.086205026	0.528199033	1.987572989	7.16039216	4.010746558
900	0.015084565	0.062931262	0.20043552	0.654952614	0.42372986	1.377588715	0.478567997	1.949173407	0.48809068	1.884680535	6.765489714	3.741185886
910	0.010728433	0.057396316	0.168214995	0.607500691	0.369184546	1.285008012	0.422833631	1.827333719	0.444774768	1.811741819	6.382699042	3.460982493
920	0.005426701	0.051278351	0.134900875	0.563077521	0.316164068	1.203375886	0.36812464	1.722082513	0.419627893	1.74668219	6.017624872	3.17347379
930	0.003668521	0.049081202	0.103633757	0.524882348	0.268438828	1.136360887	0.316522183	1.634994131	0.394815619	1.706455824	5.671114886	2.878850581
940	0.000772885	0.044562154	0.077863014	0.496163868	0.219855212	1.077117303	0.265770866	1.562542777	0.384865478	1.673902353	5.343283359	2.578294681
950	0.003284767	0.04229764	0.050499171	0.469337936	0.174912399	1.029069322	0.21759421	1.504575712	0.37561015	1.660205803	5.03828797	2.278807187
960	0.004611287	0.04148097	0.025208443	0.447390955	0.130563637	0.987599556	0.169036818	1.455611344	0.370587086	1.657623307	4.750042991	1.978364036
970	0.005494252	0.041286594	0.000402506	0.427831202	0.08933834	0.953344759	0.122853792	1.415452262	0.368485143	1.662651439	4.481263014	1.685324247
980	0.012386611	0.035157274	0.025471782	0.408036738	0.048609832	0.921445218	0.078734168	1.380403037	0.369287723	1.669916313	4.229077941	1.403392241
990	0.014658483	0.033612931	0.048261144	0.390993616	0.011441486	0.892568156	0.036726517	1.346860793	0.373396785	1.673249288	3.995024317	1.141630907
1000	0.01869972	0.03013655	0.069267863	0.374132057	0.027252504	0.859038863	0.00278118	1.311426077	0.378423234	1.669161461	3.774796506	0.903608116
