 TITLE = "Density VS Temperature for Oxygen" 

VARIABLES =  T	rho_NIST_0.1Mpa	rho_Soave_0.1Mpa	rho_new_0.1Mpa	rho_NIST_1Mpa	rho_Soave_1Mpa	rho_new_1Mpa	rho_NIST_3Mpa	rho_Soave_3Mpa	rho_new_3Mpa	rho_NIST_5Mpa	rho_Soave_5Mpa	rho_new_5Mpa	rho_NIST_7Mpa	rho_Soave_7Mpa	rho_new_7Mpa	rho_NIST_10Mpa	rho_Soave_10Mpa	rho_new_10Mpa	
60	1282.1	1435.077686	1284.426864	1283.2	1435.969584	1286.290683	1285.6	1437.912625	1286.212566	1287.9	1439.804	1283.136044	1290.3	1441.646088	1289.114182	1293.7	1444.321618	1293.299651
65	1259.8	1414.015193	1255.601533	1261	1415.074872	1259.698142	1263.6	1417.379323	1267.454001	1266.2	1419.617212	1265.718439	1268.7	1421.791909	1267.002833	1272.4	1424.942226	1272.982975
70	1237.1	1391.728506	1229.41613	1238.4	1392.983779	1231.389518	1241.2	1395.708018	1244.37616	1244.1	1398.346464	1246.003257	1246.8	1400.903908	1244.759091	1250.9	1404.597714	1251.885813
75	1214	1368.109432	1211.229517	1215.5	1369.594091	1205.624008	1218.6	1372.808557	1218.964122	1221.7	1375.912181	1224.865278	1224.7	1378.911818	1222.816096	1229.2	1383.22977	1229.883003
80	1190.6	1343.028612	1202.889587	1192.2	1344.784239	1185.287784	1195.7	1348.57492	1192.832896	1199.1	1352.221781	1202.872117	1202.4	1355.734715	1201.344424	1207.3	1360.772206	1207.19908
85	1166.7	1316.329614	1201.649692	1168.4	1318.408138	1170.503852	1172.3	1322.881402	1166.888513	1176.1	1327.166871	1180.149863	1179.7	1331.278991	1180.107155	1185.1	1337.149762	1184.245535
90	1142.1	1287.820472	1202.217542	1144.1	1290.287874	1158.802044	1148.4	1295.577347	1141.264827	1152.6	1300.619487	1156.475033	1156.7	1305.435697	1158.513599	1162.6	1312.276595	1161.404537
95	4.1642	4.1463334	4.14798913	1119	1260.203102	1146.591664	1123.9	1266.479738	1115.630903	1128.6	1272.426945	1131.55417	1133.1	1278.077013	1135.836883	1139.7	1286.054348	1138.828127
100	3.9411	3.928998687	3.934116668	1093	1227.875152	1130.590191	1098.5	1235.362496	1089.667384	1103.9	1242.404662	1105.344424	1109	1249.051478	1111.489643	1116.3	1258.369685	1116.333105
105	3.7418	3.733811543	3.739954306	1065.8	1192.942222	1108.457399	1072.2	1201.940511	1063.390975	1078.2	1210.325889	1078.238956	1084	1218.177455	1085.24711	1092.2	1229.091116	1093.437065
110	3.5625	3.557485459	3.563049839	1037.2	1154.918637	1078.758794	1044.6	1165.844844	1037.096107	1051.6	1175.906567	1050.979302	1058.2	1185.233949	1057.336742	1067.4	1198.064866	1069.516769
115	3.4001	3.39736435	3.4015173	1006.7	1113.123483	1040.552939	1015.5	1126.582289	1010.88048	1023.6	1138.782153	1024.256484	1031.2	1149.947367	1028.345885	1041.8	1165.109452	1044.018983
120	3.2524	3.251276168	3.253775339	38.246	38.40174541	37.66231233	984.3	1083.465119	983.9485103	993.94	1098.470488	998.1270201	1002.8	1111.971824	998.9413075	1015	1130.008465	1016.639151
125	3.1174	3.117425978	3.118400429	35.777	36.03922271	35.50007803	950.5	1035.478651	954.0052754	962.23	1054.308798	971.5134212	972.81	1070.858678	969.464766	987.05	1092.500887	987.395879
130	2.9935	2.99431651	2.994069887	33.715	34.01412665	33.59732369	913.01	981.0018705	916.8416728	927.76	1005.338672	942.0096526	940.66	1026.007229	939.5397259	957.54	1052.267971	956.5541485
135	2.8793	2.880688187	2.879558715	31.942	32.24939716	31.90718847	869.91	917.1121622	865.4867332	889.49	950.0743081	905.9227722	905.73	976.5802741	907.8231902	926.17	1008.915491	924.3904965
140	2.7736	2.775473245	2.773756762	30.39	30.69155022	30.39281883	816.97	837.3054175	785.5516463	845.54	885.9656921	858.089437	867.04	921.3488734	871.9232813	892.47	961.9501515	890.8553128
145	2.6756	2.677760188	2.675683309	29.014	29.30190175	29.02702198	117.06	120.416616	117.3324236	791.96	807.8526075	790.266979	822.91	858.3799342	828.3218818	855.79	910.7502607	855.2481582
150	2.5845	2.58676593	2.584488894	27.779	28.05154916	27.79012951	105.75	109.0044457	106.4209264	717.26	701.2418072	681.5312588	770.16	784.3293205	771.9191589	815.2	854.5372783	816.0328318
155	2.4994	2.501813746	2.499444502	26.664	26.91832395	26.66714659	97.576	100.5254838	97.9869514	284.95	297.2185311	271.6507897	701.63	692.5983359	694.2783631	769.3	792.3800096	770.8654202
160	2.4199	2.422315654	2.419923829	25.648	25.88484997	25.64527242	91.156	93.79571562	91.27117248	207.36	217.5621979	208.7704332	595.61	568.5384318	577.8773229	716.01	723.3530009	716.8765638
165	2.3453	2.347758212	2.345385131	24.718	24.93725695	24.71243656	85.875	88.23546529	85.80620269	179.97	188.1865899	181.0489808	411.92	411.4913516	412.4612942	652.5	647.2441813	651.4641148
170	2.2752	2.277690974	2.275356709	23.861	24.06429957	23.85692935	81.4	83.51449276	81.2647342	162.68	169.5567371	163.2157889	305.95	317.0686308	310.6020229	577.01	566.613353	574.6569325
175	2.2093	2.211717051	2.209426806	23.069	23.25673744	23.0677865	77.526	79.42574387	77.40467477	150.06	155.9467138	150.262155	259.04	269.7056547	261.5164012	495.45	489.2944845	493.9300106
180	2.1471	2.149485322	2.147236324	22.333	22.50688813	22.33542534	74.118	75.83045027	74.04668965	140.16	145.2750944	140.2016092	230.6	240.0296462	231.5440935	423.27	424.5682794	423.2238453
185	2.0883	2.090683981	2.088472228	21.648	21.80829821	21.65209874	71.083	72.6309093	71.06252678	132.04	136.5381836	132.0263393	210.58	218.8649976	210.69256	369.11	374.9790768	369.4751164
190	2.0328	2.035035146	2.032860367	21.007	21.15549676	21.01194427	68.351	69.75566413	68.36555143	125.18	129.1722497	125.1589014	195.29	202.6110454	195.0601309	329.85	337.54982	330.1170057
195	1.9801	1.982290346	1.980157838	20.406	20.54380761	20.41064762	65.872	67.15084554	65.90060829	119.26	122.8282606	119.2455054	183.02	189.5262935	182.7277897	300.49	308.6674273	300.6685814
200	1.9301	1.932226702	1.930145992	19.842	19.96920434	19.84490756	63.608	64.77482584	63.63350608	114.07	117.274859	114.0592316	172.82	178.6448484	172.6097309	277.64	285.6996998	277.8021215
205	1.8826	1.884643701	1.882625242	19.31	19.42819682	19.31192905	61.527	62.59476763	61.54176293	109.45	112.3507245	109.4480598	164.13	169.3781443	164.0408263	259.23	266.9209904	259.3887447
210	1.8374	1.839360443	1.837412205	18.808	18.91774139	18.80909876	59.604	60.58431208	59.60801796	105.3	107.9388784	105.3051507	156.6	161.3422147	156.5984891	243.97	251.2044519	244.100608
215	1.7943	1.796213288	1.794338777	18.333	18.435169	18.33387768	57.82	58.72198211	57.81647361	101.55	103.951803	101.5517213	149.96	154.2732901	150.0116161	231.04	237.7958026	231.1067044
220	1.7532	1.755053839	1.753252142	17.883	17.9781272	17.88384742	56.158	56.99004982	56.15176119	98.123	100.3223284	98.12728662	144.04	147.9826947	144.1057136	219.88	226.1741793	219.8760947
225	1.7139	1.715747193	1.714014623	17.456	17.54453288	17.45680766	54.605	55.37371476	54.59918531	94.978	96.99779211	94.98404136	138.72	142.3310082	138.7658098	210.12	215.9688007	210.0525615
230	1.6764	1.678170441	1.676502708	17.05	17.13253346	17.05084085	53.148	53.86049588	53.14539033	92.076	93.93615518	92.0834357	133.89	137.2124202	133.9109	201.46	206.9083392	201.3775074
235	1.6405	1.642211356	1.640605233	16.664	16.74047476	16.66430954	51.779	52.43977349	51.77885913	89.384	91.10333634	89.39392914	129.48	132.5448154	129.4776828	193.71	198.7893405	193.6471022
240	1.6062	1.607767252	1.606221133	16.295	16.36687424	16.29579991	50.488	51.10243901	50.49004528	86.879	88.47133234	86.88946848	125.43	128.2632493	125.4119083	186.72	191.4559436	186.692771
245	1.5732	1.574743988	1.573257401	15.943	16.01039862	15.94404916	49.268	49.84062334	49.27119889	84.538	86.016862	84.54846749	121.68	124.3155155	121.6651971	180.36	184.7864847	180.3752828
250	1.5416	1.543055093	1.54162766	15.607	15.66984493	15.60789147	48.113	48.64748353	48.11603728	82.344	83.72036779	82.35309203	118.21	120.6590498	118.1948952	174.54	178.6844136	174.5842289
255	1.5112	1.512621	1.51125148	15.285	15.34412447	15.2862372	47.017	47.51703339	47.01938628	80.282	81.56526761	80.28864545	114.97	117.2587175	114.9648043	169.18	173.0719841	169.2371462
260	1.482	1.483368365	1.482054212	14.977	15.03224918	14.97807856	45.976	46.44400762	45.97685511	78.338	79.5373851	78.34290938	111.95	114.085197	111.9453916	164.23	167.8857769	164.2756071
265	1.4539	1.455229472	1.453967007	14.681	14.73331992	14.68250447	44.985	45.42375175	44.98456638	76.501	77.62450973	76.5054286	109.11	111.1137786	109.1130206	159.64	163.0734584	159.6584785
270	1.4269	1.428141697	1.426926723	14.397	14.44651638	14.39870821	44.04	44.45213225	44.03895353	74.762	75.81605275	74.76685821	106.45	108.3234563	106.4485013	155.35	158.5913943	155.3543461
275	1.4008	1.402047041	1.400875555	14.125	14.17108841	14.12598114	43.138	43.52546254	43.13664163	73.113	74.10277497	73.11853415	103.93	105.6962319	103.9355961	151.35	154.4028626	151.3353999
280	1.3757	1.376891708	1.375760451	13.863	13.90634844	13.86369478	42.276	42.64044164	42.27441956	71.545	72.47656924	71.55235763	101.56	103.2165739	101.5600078	147.59	150.4766968	147.5741614
285	1.3515	1.352625727	1.351532403	13.61	13.65166497	13.61127908	41.45	41.79410295	41.44928678	70.052	70.93028476	70.06094485	99.304	100.8709918	99.30900542	144.05	146.7862424	144.0430831
290	1.3281	1.329202624	1.328145794	13.367	13.40645675	13.36820353	40.659	40.98377119	40.65852974	68.629	69.45758417	68.63787257	97.168	98.64769895	97.17147931	140.71	143.3085436	140.7159815
295	1.3055	1.306579112	1.305557889	13.133	13.17018781	13.13396474	39.9	40.20702609	39.89977298	67.269	68.05282618	67.27781978	95.136	96.53634043	95.13804676	137.56	140.023703	137.5698794
300	1.2837	1.284714829	1.283728489	12.907	12.94236297	12.90808038	39.171	39.46167148	39.17096797	65.969	66.71096857	65.97648253	93.201	94.52777385	93.20091592	134.57	136.9143729	134.5861154
305	1.2626	1.26357209	1.262619749	12.689	12.72252399	12.69008814	38.47	38.7457089	38.47032053	64.725	65.42748736	64.73027617	91.356	92.61388978	91.35344962	131.74	133.9653458	131.7502587
310	1.2421	1.24311567	1.242196103	12.479	12.51024609	12.47954836	37.796	38.05731499	37.79619295	63.532	64.19830921	63.53595775	89.592	90.78746408	89.58960022	129.04	131.1632241	129.0510632
315	1.2224	1.223312605	1.222424237	12.275	12.30513487	12.27604929	37.147	37.39482198	37.14702906	62.386	63.01975431	62.39033704	87.906	89.04203557	87.90347608	126.47	128.496149	126.4790877
320	1.2032	1.204132015	1.203273065	12.078	12.10682358	12.07921335	36.521	36.75670079	36.52133329	61.286	61.88848807	61.29018514	86.29	87.37180389	86.28922098	124.02	125.9535793	124.0256075
325	1.1847	1.185544939	1.184713662	11.888	11.91497068	11.88870183	35.917	36.1415464	35.91770068	60.228	60.80147988	60.23233733	84.74	85.77154386	84.7412066	121.68	123.5261061	121.6821342
330	1.1667	1.167524188	1.166719109	11.703	11.72925772	11.70421486	35.334	35.54806502	35.3348641	59.209	59.7559679	59.21388749	83.252	84.23653307	83.25437109	119.44	121.2053007	119.4404916
335	1.1492	1.150044215	1.149264271	11.525	11.54938728	11.52548497	34.771	34.97506291	34.77171797	58.228	58.7494287	58.23233816	81.822	82.76249049	81.82447577	117.29	118.9835851	117.2931447
340	1.1323	1.133080988	1.132325514	11.352	11.37508131	11.35226521	34.227	34.42143656	34.2272954	57.282	57.77955105	57.28561493	80.447	81.34552406	80.44812171	115.23	116.8541239	115.2334524
345	1.1158	1.116611881	1.115880445	11.184	11.20607952	11.18431588	33.7	33.88616397	33.70070777	56.368	56.8442132	56.37194367	79.122	79.98208581	79.12251674	113.25	114.8107324	113.255664
350	1.0999	1.100615573	1.099907716	11.021	11.04213796	11.02139559	33.191	33.36829703	33.19108104	55.486	55.94146311	55.48966987	77.845	78.66893314	77.84512324	111.35	112.8477984	111.3546838
355	1.0843	1.085071954	1.084386962	10.862	10.88302769	10.8632606	32.697	32.86695475	32.69752675	54.633	55.06950114	54.63712608	76.613	77.40309546	76.61337083	109.52	110.9602151	109.5257723
360	1.0693	1.069962042	1.069298839	10.709	10.72853371	10.70967292	32.219	32.38131718	32.2191652	53.809	54.22666491	53.81261626	75.424	76.18184509	75.42456669	107.76	109.1433232	107.7643641
365	1.0546	1.055267902	1.054625125	10.56	10.57845381	10.56041304	31.755	31.91062003	31.75518627	53.011	53.41141594	53.01451016	74.274	75.00267203	74.27601558	106.06	107.3928618	106.0660884
370	1.0403	1.040972576	1.040348798	10.415	10.43259766	10.41529038	31.305	31.45414992	31.30490838	52.238	52.62232791	52.24137281	73.163	73.86326185	73.16524503	104.42	105.7049248	104.4269416
375	1.0264	1.027060019	1.026454007	10.273	10.29078593	10.27414533	30.868	31.01124004	30.86779284	51.488	51.85807621	51.49203146	72.088	72.76147626	72.09017842	102.84	104.0759235	102.8434705
380	1.0129	1.013515034	1.012925928	10.136	10.15284948	10.13684028	30.443	30.58126626	30.44339205	50.762	51.11742872	50.76551678	71.047	71.69533604	71.0491354	101.31	102.5025542	101.3128237
385	0.99971	1.000323223	0.999750518	10.003	10.01862864	10.00324236	30.031	30.16364372	30.03124502	50.057	50.39923757	50.06088627	70.038	70.663006	70.04063907	99.829	100.9817689	99.832607
390	0.98688	0.987470929	0.986914256	9.8726	9.887972555	9.873204896	29.63	29.75782365	29.63076394	49.373	49.70243181	49.37700764	69.061	69.66278158	69.06311827	98.397	99.5107508	98.40058747
395	0.97437	0.974945191	0.974403954	9.746	9.76073857	9.746555649	29.241	29.36329055	29.24116642	48.709	49.02601081	48.71241172	68.112	68.69307704	68.11465487	97.01	98.08689157	97.01437768
400	0.96217	0.962733701	0.962206722	9.6226	9.636791663	9.623097823	28.861	28.97955963	28.86149319	48.063	48.36903841	48.06530268	67.191	67.75241488	67.19291287	95.666	96.70777195	95.67124246
