 TITLE = "Density VS Temperature for Oxygen" 

VARIABLES =  T	rho_NIST_0.1Mpa	rho_Soave_0.1Mpa	rho_new_0.1Mpa	rho_NIST_1Mpa	rho_Soave_1Mpa	rho_new_1Mpa	rho_NIST_3Mpa	rho_Soave_3Mpa	rho_new_3Mpa	rho_NIST_5Mpa	rho_Soave_5Mpa	rho_new_5Mpa	rho_NIST_7Mpa	rho_Soave_7Mpa	rho_new_7Mpa	rho_NIST_10Mpa	rho_Soave_10Mpa	rho_new_10Mpa	
60	1282.120673	1435.077686	1284.67736	1283.205185	1435.879226	1285.81578	1285.592387	1437.822311	1287.407935	1287.948966	1439.713726	1289.211301	1290.275921	1441.555851	1292.540389	1293.712838	1444.231431	1295.982649
65	1259.815847	1414.015193	1259.263984	1260.999865	1414.98466	1258.449314	1263.602668	1417.289173	1261.925102	1266.167576	1419.527119	1264.639552	1268.695979	1421.701868	1267.044098	1272.422953	1424.852255	1270.481235
70	1237.090041	1391.728506	1239.147714	1238.390366	1392.893662	1238.112369	1241.244294	1395.617987	1241.778144	1244.05074	1398.256512	1244.656499	1246.81169	1400.814027	1247.305806	1250.8718	1404.507929	1251.110529
75	1214.029291	1368.109432	1211.196347	1215.46418	1369.504006	1217.660401	1218.607532	1372.71859	1219.408583	1221.690943	1375.822322	1222.262934	1224.71728	1378.822057	1225.605718	1229.155477	1383.140138	1229.933041
80	1190.58626	1343.028612	1186.693048	1192.177285	1344.694109	1193.982375	1195.654948	1348.484951	1195.498935	1199.056401	1352.131957	1198.734437	1202.38582	1355.645022	1202.339186	1207.253096	1360.682686	1207.113007
85	1166.656939	1316.329614	1197.029179	1168.430666	1318.317865	1168.604771	1172.297422	1322.791348	1172.173004	1176.066458	1327.077012	1175.983236	1179.743924	1331.189307	1179.659687	1185.100341	1337.060308	1184.887327
90.078125	4.412587201	4.40540831	4.389557168	1119.018058	1260.112133	1114.77125	1123.888048	1266.389174	1123.589144	1128.591735	1272.336735	1128.48306	1133.143057	1277.987114	1133.306195	1139.710356	1285.964848	1139.846813
95.078125	4.160535126	4.15752411	4.156734481	1093.012735	1227.783543	1083.303396	1098.543516	1235.271444	1097.535298	1103.852221	1242.314089	1103.530807	1108.960504	1248.96132	1108.91244	1116.286536	1258.280051	1116.235534
100.078125	3.937834813	3.937018573	3.938138312	1065.84861	1192.849683	1056.834821	1072.195697	1201.848748	1071.300001	1078.23993	1210.23478	1078.233986	1084.015936	1218.086903	1083.980363	1092.238101	1229.001254	1092.231318
105.078125	3.738857914	3.739456498	3.738306509	1037.223963	1154.82476	1037.272346	1044.604613	1165.752069	1045.036257	1051.561055	1175.814697	1051.764604	1058.150724	1185.142832	1058.148565	1067.444973	1197.974664	1067.497888
110.078125	3.559802412	3.56133564	3.559592852	1006.722507	1113.02766	1017.175908	1015.453974	1126.48808	1016.994516	1023.570218	1138.689222	1023.430091	1031.171152	1149.85547	1031.121501	1041.767491	1165.018774	1041.767512
115.078125	3.397722133	3.399848635	3.398161238	38.24643237	38.40174542	37.69902052	984.3043135	1083.368856	984.1882999	993.9429193	1098.37608	993.6460094	1002.831759	1111.87886	1002.668885	1015.038261	1129.917144	1015.000263
120.078125	3.250241321	3.252715491	3.25034459	35.77665966	36.03922271	35.6277948	950.5049361	1035.379362	947.4304586	962.2284699	1054.212315	962.6778159	972.8091541	1070.764263	972.5162403	987.0507215	1092.408718	987.0263458
125.078125	3.11541465	3.118063059	3.115077019	33.71512089	34.01412665	33.7280634	913.0085375	980.8978824	912.9418878	927.7628951	1005.239199	928.1713341	940.6583738	1025.910829	940.4188593	957.5424917	1052.174696	957.5090512
130.078125	2.991633495	2.994336623	2.991371405	31.94247118	32.24939715	31.97048688	869.9117672	917.0001394	878.4036352	889.489951	949.9703343	887.6815068	905.7348985	976.4811115	905.5707993	926.1701901	1008.820789	926.0997688
135.078125	2.877556207	2.880233901	2.877490952	30.3904483	30.69155022	30.38163548	816.9725823	837.1766226	817.0874646	845.5365767	885.8543943	844.1267877	867.0429154	921.2457508	866.4027176	892.4699178	961.8536171	892.3859743
140.078125	2.772054735	2.77465504	2.772012751	29.01360876	29.29986527	29.00674497	117.0553579	120.416616	118.4676052	791.9633865	807.7275119	797.2681869	822.9072491	858.2708628	821.8468319	855.7933344	910.6513858	855.7055513
145.078125	2.674173347	2.67666419	2.67408314	27.7794565	28.04961727	27.78016897	105.7480611	108.9933808	105.9351383	717.2574568	701.0796798	720.6568208	770.158398	784.2106317	770.2382436	815.2028519	854.4354536	815.0679787
150.078125	2.583096489	2.585459627	2.582993015	26.663785	26.91648456	26.66379301	97.57554582	100.5160888	97.40488041	284.9530324	297.0320542	302.2917946	701.6342911	692.4622913	702.2323893	769.303793	792.2746064	769.1278712
155.078125	2.498123575	2.500350245	2.498034483	25.64804234	25.88309318	25.64591172	91.15566578	93.78744462	91.1023687	207.3643082	217.5221086	208.7389696	595.6143143	568.3696064	591.5900648	716.0109781	723.243753	715.8581622
160.078125	2.418649058	2.420736888	2.41857296	24.71768866	24.93557451	24.71613237	85.87531499	88.22801598	85.90993007	179.9660837	188.1608767	179.5622531	411.9188878	411.3479223	413.228595	652.496819	647.132461	652.291256
165.078125	2.34414654	2.346097375	2.344073271	23.86111376	24.06268451	23.86047606	81.400349	83.50767766	81.40548275	162.6782088	169.5369752	162.5498867	305.9497439	316.9988464	305.9606525	577.0103662	566.5048655	576.6639993
170.078125	2.274156013	2.275974389	2.274081604	23.06889739	23.25518383	23.06818496	77.52631465	79.41943743	77.50685591	150.0581797	155.9303098	150.1254534	259.0434901	269.6618412	258.6143567	495.4538204	489.199311	495.1888896
175.078125	2.208273521	2.209965606	2.208201109	22.33328923	22.50539085	22.33234339	74.11833958	75.8245636	74.11032905	140.155726	145.2608869	140.1557445	230.6035224	239.9972456	230.4843832	423.2700611	424.4920704	423.2087432
180.078125	2.146142725	2.147715589	2.146074515	21.64783489	21.80685281	21.64698754	71.08254719	72.62537676	71.08339225	132.0366801	136.5255443	132.0045286	210.578175	218.8389084	210.5707869	369.1131984	374.919398	369.042315
185.078125	2.08744797	2.088909091	2.087382383	21.0071012	21.15409934	21.00641607	68.35088064	69.75043565	68.34820375	125.1786717	129.1607968	125.1716965	195.2901301	202.5889659	195.2478485	329.8485919	337.5020147	329.7827366
190.078125	2.031908549	2.033265476	2.031844197	20.40647101	20.54245472	20.40582137	65.87238742	67.14588184	65.86746209	119.2594159	122.8177433	119.2591486	183.0163609	189.5069987	182.9689568	300.4917887	308.6278557	300.4549087
195.078125	1.979273923	1.980534058	1.979211273	19.84198719	19.96789293	19.84132834	63.60790784	64.77009549	63.60487227	114.0659245	117.2651027	114.0583604	172.8190447	178.6276099	172.7942066	277.6447592	285.6659601	277.6191779
200.078125	1.929319717	1.930490179	1.929259167	19.31023246	19.42692417	19.3096012	61.52668258	62.59024496	61.52472018	109.4500609	112.341602	109.4429203	164.1340514	169.3624933	164.1179968	259.2335183	266.8915268	259.2107363
205.078125	1.881844346	1.882931889	1.881785484	18.8082355	18.91650504	18.80764761	59.60410152	60.57997584	59.6017161	105.3046293	107.9302939	105.3006497	156.596856	161.3278313	156.5797771	243.9747642	251.1782329	243.9559303
210.078125	1.836666158	1.837677128	1.836608657	18.33339674	18.43396674	18.33283378	57.82016131	58.71781444	57.81770483	101.5495608	103.9436827	101.5455301	149.9588803	154.2599457	149.9439455	231.0429656	237.7721212	231.0278014
215.078125	1.793621003	1.794561317	1.793564905	17.88342903	17.97695704	17.88287878	56.15837931	56.98603554	56.15631482	98.12347472	100.3146134	98.1189661	144.0433368	147.97022	144.032172	219.8849228	226.1525343	219.8718749
220.078125	1.752560148	1.753435296	1.75250546	17.45630979	17.54339301	17.455776	54.60501075	55.36984086	54.60313113	94.97828521	96.99043508	94.97436544	138.7201826	142.3192743	138.7107631	210.1158929	215.9488257	210.1043023
225.078125	1.713348494	1.71416355	1.71329508	17.05024199	17.13142222	17.04972718	53.14847267	53.85675107	53.1466	92.07562241	93.92911723	92.07215073	133.8910754	137.2013261	133.8824275	201.459468	206.8897594	201.4491704
230.078125	1.675863029	1.676622671	1.675810787	16.66362209	16.73939063	16.66312211	51.77891228	52.43614792	51.77711607	89.38438232	91.09658506	89.38095557	129.4799074	132.5342807	129.4723437	193.7114286	198.7719446	193.702173
235.078125	1.639991501	1.64070003	1.639940394	16.29501353	16.36581583	16.29452511	50.48787828	51.09892404	50.48619607	86.87900308	88.46484043	86.8757002	125.4266124	128.2532088	125.4200817	186.7171991	191.4395659	186.7087425
240.078125	1.605631251	1.606292617	1.605581237	15.9431246	16.00936465	15.94264777	49.26806694	49.83721129	49.26645267	84.53822396	86.01060621	84.53513031	121.6829814	124.3059153	121.677109	180.357304	184.770993	180.3495011
245.078125	1.572688204	1.573306031	1.572639221	15.60678989	15.66883422	15.60632446	48.11312339	48.64416758	48.11155518	82.34417324	83.71432812	82.34121174	118.2097535	120.6498451	118.2043866	174.5376992	178.6697006	174.5304453
250.078125	1.541075982	1.541653594	1.541027978	15.28495453	15.34313593	15.28449913	47.01748429	47.51380744	47.01597038	80.28168581	81.5594267	80.27881575	114.9745438	117.2498705	114.9696645	169.1831661	173.0579617	169.176371
255.078125	1.51071513	1.511255573	1.510668066	14.97666097	15.03128179	14.97621454	45.97625185	46.44086619	45.97478965	78.33778429	79.53172778	78.33501925	111.950337	114.0766753	111.945868	164.2326903	167.8723716	164.2262835
260.078125	1.481532428	1.482038495	1.481486266	14.68103751	14.73237274	14.68059967	44.98509209	45.42068987	44.98367078	76.50127878	77.61902267	76.49861158	109.11437	111.1055543	109.1102189	159.6361577	163.0606085	159.6300834
265.078125	1.453460292	1.453934543	1.453414992	14.39728858	14.44558854	14.39685887	44.0401518	44.44914543	44.03876694	74.7624542	75.81072412	74.75986588	106.4472901	108.3155054	106.4434086	155.351946	158.5790472	155.3461579
270.078125	1.426436233	1.426881014	1.42639176	14.12468631	14.17017908	14.12426414	43.13799038	43.52254668	43.13664072	73.11282308	74.09759426	73.11030728	103.9325109	105.6885333	103.928867	151.3451395	154.3909732	151.3396005
275.078125	1.400402388	1.400819854	1.40035871	13.86256321	13.90545687	13.86214812	42.27552324	42.637593	42.27420549	71.54492806	72.47152702	71.54248151	101.5557129	103.209109	101.552269	147.5861839	150.4652263	147.580864
280.078125	1.375305095	1.375697221	1.375262183	13.61030589	13.65079043	13.60989751	41.44997471	41.7913181	41.44868538	70.05218256	70.92537257	70.04979808	99.30445152	100.8637442	99.3011753	144.0498586	146.7751568	144.0447316
285.078125	1.351094518	1.351463118	1.351052343	13.36734945	13.40559857	13.36694746	40.65883846	40.98104698	40.6575756	68.6287411	69.45279436	68.62641323	97.16784615	98.64065405	97.16471509	140.7144819	143.2978132	140.7095262
290.078125	1.327724309	1.328071051	1.327682844	13.13317267	13.16934535	13.13277678	39.899844	40.20435963	39.89860597	67.26939287	68.04815182	67.2671185	95.13633075	96.52948515	95.13332579	137.5612883	140.0133017	137.5564865
295.078125	1.305151307	1.305477724	1.305110528	12.90729376	12.94153565	12.90690366	39.17092833	39.45906007	39.16971295	65.96947371	66.70640333	65.96724823	93.20145218	94.52109644	93.19855515	134.5739357	136.9042774	134.5692721
300.078125	1.283335271	1.283642772	1.283295153	12.68926656	12.72171125	12.68888194	38.4702117	38.74315007	38.46901739	64.72479285	65.4230255	64.72261228	91.35570555	92.60737963	91.35290205	131.7381115	133.9555355	131.733572
305.078125	1.262238628	1.262528514	1.26219915	12.47867722	12.5094474	12.47829797	37.79597672	38.05480642	37.79480285	63.53157151	64.19394544	63.52943523	89.59239889	90.78111159	89.58967809	129.041215	131.1536804	129.0367896
310.078125	1.241826265	1.24209973	1.241787405	12.27514129	12.30434973	12.27476723	37.14665051	37.39236152	37.14549541	62.38639104	63.01548377	62.38429604	87.90554099	89.035832	87.90289144	126.4720986	128.4868554	126.4677783
315.078125	1.222065321	1.22232347	1.222027061	12.07830103	12.10605151	12.07793174	36.52078909	36.75428644	36.51965064	61.28614912	61.88430629	61.28408849	86.28974788	87.36574127	86.28715912	124.0208565	125.9445206	124.0166298
320.078125	1.202925016	1.203168866	1.202887334	11.88782314	11.91421125	11.88745852	35.9170639	36.13917628	35.91594281	60.22802221	60.79738273	60.22599741	84.74016436	85.7656149	84.73763264	121.6786493	123.5172688	121.6745092
325.078125	1.184376481	1.184606974	1.184339359	11.70339657	11.72851049	11.70303696	35.33425003	35.54573739	35.33314663	59.2094336	59.75195157	59.20745044	83.25239772	84.23073107	83.24991807	119.4375586	121.1966723	119.4335047
330.078125	1.166392619	1.166610624	1.166356044	11.52473075	11.54865186	11.52437546	34.77121586	34.97277612	34.77012511	58.2280257	58.74548962	58.2260712	81.82246151	82.75680928	81.82001887	117.2904654	118.9751543	117.2864867
335.078125	1.148947966	1.149154287	1.148911923	11.35155381	11.37435732	11.35120196	34.22691402	34.41918907	34.22583521	57.28163626	57.77568593	57.27969803	80.44672756	81.33995796	80.44431911	115.2309475	116.8458803	115.2270299
340.078125	1.13201857	1.132213951	1.131983033	11.18361112	11.2053666	11.18326423	33.70037333	33.88395433	33.69931526	56.36827763	56.84041895	56.3663825	79.12188482	79.97662954	79.11952749	113.2531933	114.8026667	113.249349
345.078125	1.11558188	1.115767012	1.115546838	11.02066389	11.04143575	11.02032259	33.19069179	33.36612388	33.1896486	55.4861187	55.93773686	55.48427558	77.84490395	78.66358182	77.84257904	111.3519273	112.8399018	111.3481624
350.078125	1.099616646	1.099792169	1.0995821	10.86248794	10.88233588	10.86214795	32.69703026	32.86481679	32.69598353	54.63346916	55.0658402	54.63161618	76.6130067	77.39784455	76.61067098	109.5223479	110.9524794	109.5186159
355.078125	1.084102828	1.084269334	1.08406875	10.70887259	10.72785197	10.70853425	32.21860685	32.37921319	32.21757735	53.80876562	54.22306676	53.80690566	75.42363926	76.17669036	75.42134421	107.7600729	109.135741	107.7563719
360.078125	1.069021504	1.069179545	1.068987868	10.55961961	10.57778185	10.55929206	31.75469199	31.90854886	31.75370755	53.01055941	53.40787821	53.00880515	74.2744491	74.99760954	74.27225718	106.0610927	107.3854262	106.0575153
365.078125	1.054354801	1.05450489	1.054321624	10.4145423	10.4319352	10.4142205	31.30460395	31.45211049	31.30360319	52.23750581	52.61884838	52.23580463	73.16326467	73.8582879	73.16102062	104.4217302	105.6976294	104.4182228
370.078125	1.040085818	1.040228431	1.040053087	10.2734647	10.29013268	10.27313015	30.86770481	31.00923131	30.8666562	51.48835454	51.85465278	51.48652517	72.08807757	72.7565874	72.08570458	102.8386055	104.0687623	102.8349752
375.078125	1.026198562	1.026334143	1.026166218	10.13622075	10.15220519	10.13589018	30.44339692	30.57928725	30.44245152	50.76194122	51.11405941	50.7601551	71.0470269	71.69052903	71.04491427	101.3086054	102.4955216	101.3050524
380.078125	1.012677889	1.012806851	1.012645974	10.00265361	10.01799306	10.00236043	30.03111965	30.1616935	30.03026824	50.05717985	50.39592052	50.05564189	70.03838537	70.6582778	70.03652949	99.82885643	100.9748597	99.82572984
385.078125	0.999509447	0.999632174	0.999477973	9.872615042	9.887345449	9.872313083	29.63034646	29.75590133	29.62921276	49.37305608	49.69916524	49.37128731	69.06054705	69.65812932	69.05792733	98.39670128	99.50396016	98.39336231
390.078125	0.986679624	0.986796476	0.986648391	9.745964798	9.760119707	9.745596708	29.24058225	29.36139528	29.23949744	48.70862113	49.02279306	48.70691462	68.11201644	68.68849802	68.10924294	97.00967816	98.08021489	97.00547639
395.078125	0.974175502	0.974286814	0.974145	9.62257008	9.636180822	9.622320861	28.86136103	28.97769061	28.86255288	48.06298639	48.3658679	48.06502211	67.19139874	67.74790655	67.1940126	95.66550232	96.70120493	95.66320301
