 TITLE = "SRK density_T" 

  VARIABLES =T	rho_NIST_0.1Mpa	rho_SRK_0.1Mpa	rho_NIST_1Mpa	rho_SRK_1Mpa	rho_NIST_2Mpa	rho_SRK_2Mpa	rho_NIST_3Mpa	rho_SRK_3Mpa	rho_NIST_5Mpa	rho_SRK_5Mpa	rho_NIST_10Mpa	rho_SRK_10Mpa
300	725.09	597.0374221	725.82	597.8070141	726.63	598.6404019	727.43	599.45194	729.01	601.0133029	732.8	604.5954676
310	717.32	592.6013589	718.1	593.4463143	718.96	594.3601682	719.8	595.2489443	721.47	596.9558962	725.48	600.8578712
320	709.53	587.9851834	710.36	588.9126855	711.27	589.9144639	712.17	590.8874358	713.94	592.7525659	718.18	596.9996887
330	701.72	583.179656	702.61	584.1977209	703.58	585.2957106	704.53	586.3605748	706.4	588.3977262	710.89	593.0175246
340	693.88	578.1746736	694.82	579.292278	695.85	580.4957148	696.87	581.6610086	698.86	583.8854367	703.6	588.9078584
350	685.99	572.9591484	686.99	574.1863835	688.09	575.5055954	689.17	576.7808163	691.28	579.2093726	696.31	584.6670438
360	678.04	567.5208635	679.11	568.8691203	680.28	570.3156983	681.43	571.7114452	683.68	574.3627916	689	580.2913085
370	670.01	561.8462971	671.16	563.328492	672.42	564.9154965	673.64	566.4436376	676.04	569.3384963	681.68	575.7767543
380	661.91	555.9204084	663.14	557.5512612	664.48	559.2934713	665.79	560.9673445	668.35	564.1287921	674.34	571.1193592
390	653.7	549.7263747	655.02	551.5227519	656.46	553.4369704	657.87	555.2716254	660.6	558.7254396	666.97	566.31498
400	645.38	543.2452634	646.81	545.2266092	648.35	547.332038	649.86	549.3445293	652.78	553.119601	659.56	561.3593571
410	636.93	536.4556187	638.47	538.6445009	640.13	540.9632089	641.76	543.1729542	644.89	547.3017788	652.11	556.248121
420	628.32	529.332936	629.99	531.7557457	631.79	534.3132568	633.54	536.7424787	636.9	541.261747	644.62	550.9768022
430	619.54	521.8489802	621.36	524.5368429	623.31	527.3628835	625.2	530.0371595	628.82	534.9884723	637.06	545.5408436
440	610.56	513.9708897	612.54	516.9608694	614.67	520.0903323	616.72	523.0392859	620.62	528.4700244	629.45	539.9356178
450	4.0508	4.000690081	603.52	508.9966952	605.84	512.4708994	608.07	515.7290794	612.3	521.6934735	621.77	534.1564489
460	3.9401	3.899634458	594.27	500.6079456	596.81	504.4763099	599.25	508.0843216	603.84	514.6447731	614.01	528.198641
470	3.8369	3.804110727	584.74	491.7516005	587.55	496.0739083	590.22	500.0798913	595.22	507.3086265	606.17	522.0575145
480	3.7403	3.71363617	574.9	482.3760626	578.01	487.2255913	580.96	491.6871777	586.43	499.6683333	598.25	515.7284509
490	3.6495	3.627786336	564.69	472.4184231	568.17	477.8863743	571.43	482.8733316	577.44	491.7056145	590.23	509.2069503
500	3.5639	3.546186103	554.05	461.800473	557.96	468.0024244	561.61	473.6002927	568.24	483.4004142	582.1	502.488702
510	3.483	3.468502388	542.88	450.4226729	547.34	457.5082945	551.43	463.8235081	558.79	474.7306755	573.87	495.5696715
520	3.4063	3.394438148	531.08	438.1546287	536.21	446.3229216	540.86	453.4902138	549.07	465.6720906	565.52	488.4462085
530	3.3334	3.323727423	518.49	424.8192159	524.48	434.3436347	529.81	442.537083	539.05	456.1978293	557.04	481.1151772
540	3.2641	3.256131198	504.88	410.1642277	512.03	421.4368138	518.22	430.8869373	528.68	446.2782533	548.44	473.5741156
550	3.198	3.191433922	489.92	393.8068977	498.65	407.4225731	505.97	418.4440248	517.94	435.8806391	539.7	465.8214263
560	3.1349	3.129440584	473.03	375.1105188	484.11	392.0480138	492.92	405.0870426	506.75	424.9689476	530.82	457.8566039
570	3.0745	3.069974215	43.456	41.38283024	468	374.9364981	478.89	390.6584665	495.08	413.5037204	521.79	449.6805031
580	3.0167	3.012873771	40.818	39.36845859	449.68	355.4799758	463.63	374.9475857	482.86	401.4422449	512.62	441.2956507
590	2.9612	2.957992302	38.719	37.65806286	427.97	332.5693073	446.78	357.6622837	470.01	388.7392472	503.3	432.7066015
600	2.908	2.905195387	36.976	36.17293297	400.15	303.7050864	427.82	338.3797104	456.47	375.3485744	493.83	423.9203364
610	2.8568	2.854359774	35.487	34.86185167	355.73	259.5323303	405.91	316.4558365	442.14	361.2266669	484.21	414.9466942
620	2.8075	2.805372198	34.189	33.68948585	116.8	105.9913453	379.58	290.8576437	426.96	346.3391595	474.46	405.7988216
630	2.76	2.758128354	33.038	32.63036658	97.814	92.12153864	345.77	259.9208174	410.84	330.6726898	464.58	396.4936165
640	2.7143	2.712531994	32.007	31.66549545	87.804	84.02528527	296.49	221.957526	393.71	314.2546413	454.59	387.0521254
650	2.6701	2.668494137	31.073	30.78030525	81.017	78.2480943	221.91	182.3398108	375.5	297.1829658	444.51	377.4998449
660	2.6275	2.625932369	30.219	29.96337085	75.911	73.75458681	172	154.034392	356.14	279.6635388	434.35	367.8668637
670	2.5862	2.584770232	29.435	29.20556016	71.839	70.08292244	147.22	136.2115798	335.56	262.0398917	424.13	358.187775
680	2.5464	2.544936671	28.708	28.49945541	68.465	66.98443853	131.92	124.0598637	313.7	244.7827981	413.87	348.5012926
690	2.5078	2.506365555	28.033	27.83894728	65.593	64.30913004	121.15	115.0693824	290.71	228.4092404	403.61	338.8495202
700	2.4704	2.468995239	27.403	27.21894296	63.1	61.95926136	112.98	108.0247903	267.19	213.3501774	393.34	329.2768606
710	2.4342	2.432768179	26.811	26.63515178	60.902	59.86748952	106.46	102.2792266	244.44	199.8467881	383.1	319.8285997
720	2.3991	2.397630589	26.255	26.08392478	58.94	57.98539392	101.08	97.45510679	223.96	187.9372907	372.91	310.5492626
730	2.365	2.363532124	25.729	25.56213257	57.17	56.2769706	96.52	93.31520415	206.52	177.5163518	362.77	301.480888
740	2.3319	2.330425605	25.232	25.06707111	55.561	54.71471041	92.588	89.70165078	192.04	168.4096648	352.71	292.6614009
750	2.2998	2.298266764	24.76	24.59638789	54.086	53.27711692	89.142	86.50449684	180.03	160.4278616	342.74	284.1232577
760	2.2686	2.267014019	24.311	24.14802363	52.728	51.9470715	86.084	83.6443051	169.95	153.394746	332.88	275.8925018
770	2.2382	2.236628265	23.884	23.72016549	51.468	50.71071998	83.341	81.06193115	161.39	147.1579004	323.16	267.9882977
780	2.2087	2.207072687	23.475	23.31120934	50.296	49.55669273	80.859	78.7122223	154.02	141.590097	313.61	260.4229421
790	2.18	2.178312593	23.084	22.91972898	49.2	48.47554487	78.598	76.5599702	147.59	136.5868559	304.24	253.2022835
800	2.152	2.150315254	22.71	22.54445083	48.172	47.45934593	76.523	74.57721929	141.91	132.0628673	295.09	246.3264429
810	2.1248	2.123049769	22.35	22.184233	47.204	46.50137336	74.609	72.74142256	136.86	127.9484562	286.2	239.7907131
820	2.0982	2.096486931	22.005	21.83804777	46.29	45.5958799	72.834	71.03414512	132.32	124.186513	277.59	233.5865257
830	2.0724	2.070599113	21.673	21.50496697	45.425	44.7379144	71.182	69.44013192	128.22	120.7299728	269.29	227.7023937
840	2.0471	2.045360157	21.353	21.18414956	44.604	43.92318192	69.637	67.94662397	124.48	117.5398032	261.34	222.1247712
850	2.0225	2.020745278	21.045	20.87483112	43.823	43.14793328	68.188	66.54284788	121.05	114.5834148	253.73	216.8387941
860	1.9986	1.99673097	20.747	20.57631486	43.078	42.40887688	66.824	65.21962878	117.9	111.833413	246.5	211.8288898
870	1.9751	1.973294925	20.459	20.28796395	42.367	41.7031076	65.536	63.96909259	114.98	109.2666158	239.63	207.0792593
880	1.9523	1.950415954	20.181	20.00919483	41.688	41.02804899	64.318	62.78443416	112.26	106.8632797	233.12	202.5742429
890	1.9299	1.928073918	19.911	19.73947151	41.036	40.38140586	63.163	61.65973444	109.73	104.6064855	226.97	198.2985858
900	1.9081	1.90624966	19.65	19.47830058	40.411	39.76112505	62.064	60.58981496	107.37	102.4816499	221.17	194.2376223
910	1.8868	1.884924947	19.397	19.22522679	39.811	39.16536288	61.018	59.57012082	105.14	100.476133	215.69	190.3773944
920	1.866	1.864082411	19.152	18.97982931	39.234	38.59245779	60.02	58.59662568	103.05	98.57892218	210.52	186.7047202
930	1.8456	1.843705498	18.914	18.74171834	38.677	38.04090737	59.065	57.66575414	101.07	96.7803753	205.64	183.207225
940	1.8257	1.823778424	18.682	18.51053218	38.141	37.50934881	58.151	56.77431772	99.205	95.07201113	201.03	179.8733442
950	1.8062	1.804286122	18.457	18.28593459	37.623	36.99654232	57.274	55.91946177	97.432	93.44633691	196.68	176.6923077
960	1.7871	1.785214208	18.238	18.0676125	37.123	36.50135688	56.433	55.09862104	95.747	91.89670597	192.56	173.6541113
970	1.7684	1.766548939	18.025	17.85527393	36.639	36.02275805	55.624	54.30948244	94.142	90.41719936	188.66	170.7494792
980	1.7502	1.748277174	17.818	17.64864618	36.171	35.55979734	54.845	53.5499535	92.611	89.0025269	184.96	167.9698218
990	1.7323	1.730386349	17.616	17.44747415	35.717	35.11160308	54.094	52.8181356	91.149	87.64794412	181.45	165.3071923
1000	1.7148	1.712864435	17.419	17.25151891	35.278	34.67737242	53.369	52.1123011	89.749	86.34918206	178.11	162.754241

970	1.7684	1.770562285	18.025	18.25360567	36.639	37.58371614	55.624	57.70659567	94.142	98.9501697	188.66	194.5616162
980	1.7502	1.752207887	17.818	18.03775707	36.171	37.08084553	54.845	56.85399808	92.611	97.28716641	184.96	191.1570301
990	1.7323	1.734236512	17.616	17.82766834	35.717	36.59434112	54.094	56.03333107	91.149	95.6967256	181.45	187.8970012
1000	1.7148	1.716636066	17.419	17.62308569	35.278	36.12330104	53.369	55.24256895	89.749	94.17361267	178.11	184.7724047
