TITLE = "Trho sat" 

  VARIABLES = T_sat	rho_liq_sat	rho_vap_sat
60	1282	0.046595
62	1273.1	0.073791
64	1264.2	0.11313
66	1255.2	0.16844
68	1246.1	0.24424
70	1237	0.34573
72	1227.8	0.47881
74	1218.5	0.65008
76	1209.2	0.86677
78	1199.9	1.1367
80	1190.5	1.4684
82	1181	1.8709
84	1171.4	2.3537
86	1161.7	2.9268
88	1152	3.601
90	1142.1	4.3871
92	1132.1	5.2969
94	1122	6.3426
96	1111.8	7.5367
98	1101.4	8.8928
100	1090.9	10.425
102	1080.2	12.148
104	1069.3	14.077
106	1058.2	16.23
108	1047	18.625
110	1035.5	21.281
112	1023.7	24.22
114	1011.7	27.464
116	999.42	31.041
118	986.81	34.978
120	973.85	39.308
122	960.52	44.068
124	946.77	49.301
126	932.55	55.055
128	917.81	61.388
130	902.48	68.369
132	886.48	76.082
134	869.7	84.628
136	852.02	94.137
138	833.28	104.77
140	813.24	116.76
142	791.6	130.38
144	767.92	146.09
146	741.55	164.53
148	711.42	186.79
150	675.48	214.94
152	628.82	253.97
154	547.04	326.8

