 TITLE = "PR density_T" 

  VARIABLES = Temperature	PR_cp_01	NIST_cp_01	PR_cp_1	NIST_cp_1	PR_cp_3	NIST_cp_3	PR_cp_5	NIST_cp_5	PR_cp_7	NIST_cp_7	PR_cp_10	NIST_cp_10
300	1212.163294	1226	1225.137366	1231.8	1239.476382	1238.3	1253.738023	1244.7	1282.041761	1257.3	1351.64931	1287.8
310	1154.102146	1186.7	1167.07448	1192.8	1181.402923	1199.5	1195.645452	1206.2	1223.887414	1219.2	1293.223201	1250.8
320	1098.977019	1148.3	1111.968248	1154.6	1126.307999	1161.6	1140.552303	1168.5	1168.771671	1182.1	1237.922001	1214.8
330	1046.537234	1110.6	1059.568264	1117.3	1073.941332	1124.5	1088.20827	1131.7	1116.443782	1145.9	1185.492284	1179.7
340	996.5586544	1073.7	1009.650928	1080.6	1024.079712	1088.2	1038.390346	1095.7	1066.68069	1110.4	1135.709066	1145.5
350	948.8398303	1037.4	962.0156123	1044.7	976.5231735	1052.6	990.8990042	1060.4	1019.283204	1075.7	1088.371915	1112.2
360	903.1987338	1001.7	916.4814249	1009.3	931.0917792	1017.6	945.5549907	1025.7	974.0727988	1041.7	1043.301702	1079.5
370	859.4699597	966.5	872.8844492	974.44	887.6228905	983.11	902.1966163	991.64	930.8889153	1008.3	1000.337871	1047.6
380	817.502294	931.71	831.0753716	940.05	845.9688378	949.14	860.6774535	958.07	889.586685	975.43	959.3361367	1016.4
390	777.1565687	897.28	790.9174125	906.06	805.99491	915.61	820.8643631	924.96	850.0349915	943.13	920.1665387	985.75
400	738.3037273	863.15	752.2844953	872.4	767.5776018	882.45	782.6357926	892.28	812.1148177	911.3	882.7117841	955.72
410	700.8230353	829.25	715.0595966	839.03	730.6030664	849.62	745.8802947	859.96	775.7178299	879.91	846.8658367	926.25
420	664.600365	795.51	679.1332203	805.86	694.9657279	817.06	710.4952265	827.95	740.7451604	848.92	812.5327116	897.31
430	629.5264821	761.85	644.401944	772.84	660.5670124	784.71	676.385594	796.22	707.1063593	818.29	779.6254449	868.87
440	595.4952428	728.19	610.7669791	739.91	627.3141576	752.51	643.4630117	764.7	674.7184899	787.97	748.0652126	840.91
450	156.1745066	154.68	578.1326753	706.99	595.1190615	720.41	611.6447498	733.35	643.5053498	757.95	717.7805766	813.41
460	158.4323398	157.21	546.404883	674	563.897124	688.36	580.8528435	702.13	613.3968012	728.17	688.7068436	786.35
470	160.63623	159.65	515.4890512	640.87	533.5660289	656.27	551.0132387	670.98	584.328201	698.62	660.78552	759.73
480	162.7902404	161.99	485.2878825	607.49	504.0443955	624.1	522.0549477	639.86	556.2399239	669.27	633.9638536	733.53
490	164.8979621	164.25	455.6982634	573.76	475.250201	591.75	493.909183	608.72	529.0769747	640.1	608.194451	707.75
500	166.9625858	166.45	426.6070081	539.55	447.0988332	559.16	466.5084345	577.49	502.7886955	611.07	583.4349642	682.39
510	168.98696	168.58	397.8846108	504.71	419.5005477	526.22	439.7854412	546.13	477.3285739	582.19	559.6478384	657.46
520	170.9736389	170.66	369.3755219	469.03	392.35697	492.84	413.671996	514.58	452.6541741	553.43	536.8001151	632.97
530	172.9249227	172.69	340.8820154	432.26	365.5560236	458.87	388.0974983	482.78	428.7272198	524.79	514.8632851	608.92
540	174.8428901	174.66	312.1353445	394.05	338.964168	424.18	362.9871301	450.67	405.5138805	496.28	493.8131832	585.36
550	176.7294273	176.6	282.7390788	353.85	312.4138018	388.56	338.2594833	418.19	382.9853389	467.92	473.6299183	562.29
560	178.5862506	178.5	252.0426397	310.8	285.6813742	351.76	313.8233858	385.28	361.1187622	439.74	454.2978277	539.77
570	180.4149272	180.36	128.3810777	124.53	258.4459947	313.41	289.5735866	351.87	339.8988618	411.81	435.8054428	517.83
580	182.2168922	182.19	134.93363	132.79	230.2018392	272.94	265.3849068	317.91	319.3203251	384.2	418.1454476	496.51
590	183.9934633	183.98	140.6997304	139.66	200.0400652	229.3	241.1047376	283.37	299.3915429	357.05	401.3146068	475.88
600	185.7458538	185.75	145.8786472	145.6	165.9394053	180.12	216.5456348	248.21	280.14024	330.49	385.3136314	455.99
610	187.4751833	187.49	150.5999026	150.86	120.5766331	116.32	191.4892307	212.4	261.6218197	304.73	370.146943	436.9
620	189.1824876	189.2	154.952957	155.6	72.969286	87.709	165.7610137	175.86	243.9312989	279.98	355.8222904	418.66
630	190.8687271	190.89	159.0024729	159.92	99.01832339	106.45	139.7038749	138.45	227.2192075	256.47	342.3501661	401.33
640	192.534794	192.56	162.7968689	163.91	112.6228023	119.05	116.6820987	101.51	211.709671	234.4	329.7429731	384.93
650	194.181519	194.21	166.3734403	167.63	122.8870426	128.86	107.1075781	84.784	197.7131832	213.89	318.0139033	369.51
660	195.8096769	195.83	169.761587	171.11	131.3359409	137	111.4765814	97.618	185.6160726	195.01	307.175512	355.07
670	197.4199917	197.44	172.9849379	174.39	138.6036702	144.02	119.6570633	110.74	175.819581	177.83	297.2380203	341.59
680	199.013141	199.03	176.0627963	177.49	145.0271597	150.21	127.8715121	121.55	168.6167549	162.56	288.2074307	329.06
690	200.5897604	200.6	179.0111556	180.44	150.810684	155.76	135.4264501	130.67	164.0552847	149.82	280.083611	317.44
700	202.1504465	202.15	181.8434291	183.26	156.0890127	160.82	142.2833794	138.59	161.8880463	140.75	272.8585559	306.67
710	203.6957608	203.68	184.570987	185.97	160.9564865	165.46	148.5256357	145.61	161.6597756	136.39	266.5150655	296.7
720	205.226232	205.21	187.2035589	188.56	165.4821185	169.77	154.2467319	151.91	162.8585377	136.54	261.0260588	287.47
730	206.7423587	206.71	189.7495411	191.06	169.7181444	173.78	159.5277284	157.65	165.0310083	139.79	256.3546636	278.94
740	208.2446122	208.2	192.2162335	193.47	173.7051916	177.56	164.4348408	162.92	167.8278154	144.62	252.4551076	271.07
750	209.733438	209.68	194.6100263	195.81	177.4755701	181.11	169.0214746	167.8	171.0008264	150.05	249.2743023	263.84
760	211.209258	211.15	196.9365475	198.07	181.0554556	184.48	173.3308114	172.35	174.3819446	155.59	246.753907	257.24
770	212.6724725	212.6	199.2007819	200.27	184.4663894	187.69	177.3980447	176.61	177.8603936	161.01	244.8326005	251.28
780	214.1234611	214.04	201.4071668	202.4	187.7263388	190.75	181.252138	180.61	181.3644735	166.22	243.4482986	245.96
790	215.5625849	215.46	203.5596709	204.48	190.850466	193.67	184.9171673	184.4	184.8484964	171.19	242.5401062	241.3
800	216.9901873	216.88	205.6618593	206.51	193.8516974	196.48	188.4133412	187.99	188.2839108	175.92	242.0498762	237.32
810	218.4065954	218.28	207.7169469	208.49	196.7411528	199.18	191.7577768	191.41	191.6534126	180.41	241.9233258	234.03
820	219.8121212	219.68	209.727844	210.43	199.5284751	201.79	194.9650956	194.68	194.9470731	184.69	242.1107291	231.42
830	221.2070623	221.06	211.6971937	212.33	202.2220863	204.3	198.0478853	197.8	198.1597944	188.76	242.5672439	229.49
840	222.5917031	222.43	213.6274049	214.18	204.8293904	206.73	201.0170599	200.8	201.2896333	192.65	243.2529505	228.19
850	223.9663156	223.8	215.5206787	216	207.356934	209.09	203.8821451	203.68	204.3366915	196.37	244.1326844	227.49
860	225.3311602	225.15	217.3790328	217.79	209.8105368	211.38	206.6515049	206.45	207.3023779	199.94	245.1757325	227.32
870	226.6864862	226.49	219.2043212	219.54	212.1953976	213.61	209.3325246	209.13	210.1889151	203.36	246.3554527	227.63
880	228.0325329	227.83	220.9982518	221.27	214.516181	215.78	211.9317588	211.72	212.9990101	206.64	247.6488599	228.35
890	229.3695299	229.15	222.762402	222.96	216.7770898	217.89	214.4550522	214.23	215.7356328	209.81	249.0362092	229.42
900	230.6976977	230.47	224.4982311	224.63	218.9819249	219.95	216.90764	216.66	218.4018685	212.86	250.5005968	230.77
910	232.0172484	231.78	226.2070927	226.28	221.1341361	221.96	219.2942304	219.02	221.0008208	215.8	252.0275897	232.36
920	233.328386	233.08	227.8902446	227.89	223.2368645	223.93	221.6190736	221.31	223.5355468	218.65	253.6048908	234.13
930	234.6313072	234.37	229.5488579	229.49	225.2929792	225.85	223.8860205	223.55	226.0090175	221.4	255.2220405	236.06
940	235.9262013	235.65	231.1840248	231.06	227.305108	227.74	226.0985712	225.72	228.4240919	224.07	256.870155	238.1
950	237.2132512	236.93	232.7967656	232.61	229.2756642	229.59	228.2599175	227.85	230.783504	226.66	258.5416981	240.22
960	238.4926333	238.2	234.3880354	234.15	231.2068701	231.4	230.3729779	229.92	233.0898552	229.18	260.2302847	242.4
970	239.7645181	239.46	235.9587293	235.66	233.1007762	233.18	232.4404292	231.94	235.3456134	231.63	261.9305111	244.63
980	241.0290706	240.71	237.5096877	237.16	234.9592796	234.93	234.4647318	233.93	237.553114	234.01	263.6378102	246.88
990	242.2864504	241.95	239.0417007	238.63	236.7841384	236.65	236.4481539	235.87	239.714564	236.33	265.3483283	249.14
1000	243.5368121	243.19	240.555512	240.09	238.5769857	238.34	238.3927903	237.77	241.832047	238.59	267.0588188	251.41
