 TITLE = "PR density_T" 

  VARIABLES = Temperature	PR_cp_01	NIST_cp_01	PR_cp_1	NIST_cp_1	PR_cp_3	NIST_cp_3	PR_cp_5	NIST_cp_5	PR_cp_7	NIST_cp_7	PR_cp_10	NIST_cp_10
60	1.589021998	1.6732	1.586940348	1.6712	1.58247587	1.6668	1.578220628	1.6627	1.574159612	1.6587	1.568402926	1.6529
65	1.590926594	1.677	1.588389064	1.6752	1.582967935	1.6715	1.577827226	1.6679	1.572944717	1.6645	1.566062186	1.6597
70	1.597372507	1.6779	1.594270569	1.676	1.587673203	1.6719	1.581453653	1.6681	1.575578769	1.6645	1.567349585	1.6594
75	1.608394165	1.6786	1.604585061	1.6763	1.596525695	1.6714	1.588979198	1.6669	1.581895586	1.6626	1.572044431	1.6566
80	1.624242094	1.6814	1.619534581	1.6785	1.60963515	1.6725	1.600438817	1.6669	1.591869184	1.6616	1.580049303	1.6543
85	1.645411216	1.6878	1.639543579	1.6842	1.627294261	1.6766	1.616020978	1.6696	1.60560498	1.6631	1.591374696	1.6542
90	1.672705607	1.6989	1.665310558	1.6943	1.650008332	1.6848	1.636082407	1.676	1.623344336	1.6679	1.606133924	1.6569
95	0.862516103	0.94128	1.697904554	1.7097	1.678554008	1.6976	1.661182312	1.6866	1.645482718	1.6765	1.624546772	1.6629
100	0.862093901	0.9352	1.738935769	1.7313	1.714081968	1.7158	1.692143248	1.7019	1.672604418	1.6893	1.646951856	1.6725
105	0.862072309	0.93319	1.790861662	1.7607	1.758293565	1.7405	1.730152992	1.7227	1.705540353	1.7068	1.673829042	1.6859
110	0.862367203	0.93155	1.857563316	1.8001	1.813752589	1.7733	1.776935189	1.7501	1.745461141	1.7297	1.705834792	1.7035
115	0.862915298	0.9298	1.945515666	1.8535	1.884464451	1.8167	1.835043666	1.7858	1.794027923	1.7594	1.74385544	1.7262
120	0.863668154	0.92799	1.063641573	1.2568	1.977034819	1.875	1.908395526	1.8325	1.853643337	1.7974	1.789086527	1.7546
125	0.864588128	0.92623	1.034476181	1.167	2.103235385	1.9558	2.003304137	1.8948	1.927886551	1.8466	1.843151199	1.7903
130	0.865645575	0.92461	1.012607458	1.121	2.28655786	2.0741	2.130669662	1.9803	2.022309252	1.9113	1.908278066	1.8353
135	0.866816869	0.92313	0.99572859	1.0896	2.582973422	2.2646	2.311232431	2.1042	2.14599576	1.999	1.987569409	1.8924
140	0.868082978	0.92182	0.982422665	1.0655	3.176476667	2.6345	2.590615208	2.2996	2.3149012	2.1232	2.085401076	1.9663
145	0.869428421	0.92066	0.971767489	1.046	1.708920837	2.0174	3.096481704	2.6603	2.559851651	2.3116	2.20798583	2.0641
150	0.870840501	0.91964	0.963135116	1.0299	1.485992864	1.6573	4.420743153	3.6164	2.948773403	2.6301	2.364006789	2.1974
155	0.872308713	0.91875	0.956082167	1.0165	1.359331628	1.4805	9.977379411	11.835	3.660470447	3.2809	2.564576044	2.3855
160	0.873824309	0.91797	0.950286123	1.0052	1.276710434	1.371	2.814342211	3.0446	5.205652053	5.1709	2.818970607	2.6592
165	0.875379952	0.91729	0.945506471	0.9956	1.218319115	1.2951	2.05400049	2.1847	5.878434052	7.1556	3.113015392	3.0505
170	0.87696945	0.9167	0.941560018	0.98742	1.17483203	1.2389	1.734841482	1.828	3.52728303	3.8039	3.346562763	3.4932
175	0.878587552	0.91619	0.938304682	0.98038	1.14122996	1.1956	1.555074088	1.6268	2.525306393	2.6593	3.314209268	3.6601
180	0.880229774	0.91575	0.935628511	0.97429	1.114550778	1.1613	1.438648403	1.4958	2.062639477	2.1512	2.984058887	3.3117
185	0.881892277	0.91538	0.933442068	0.969	1.092924149	1.1334	1.356772853	1.4032	1.801385559	1.8661	2.582954349	2.8017
190	0.88357175	0.91506	0.931673023	0.96438	1.075106304	1.1104	1.29597616	1.3343	1.634128552	1.6834	2.252616464	2.3941
195	0.885265333	0.9148	0.930262242	0.96032	1.060235461	1.0911	1.249057951	1.2809	1.518001545	1.5564	2.007544088	2.103
200	0.886970543	0.91458	0.929160907	0.95675	1.04769425	1.0748	1.211797714	1.2384	1.432744163	1.4629	1.827468572	1.8945
205	0.888685215	0.91442	0.928328358	0.9536	1.037027983	1.0608	1.181547501	1.2038	1.36756575	1.3914	1.69268819	1.741
210	0.890407455	0.91431	0.927730463	0.95082	1.027893881	1.0487	1.156556723	1.1751	1.316194099	1.335	1.589311953	1.6246
215	0.892135603	0.91424	0.927338357	0.94835	1.020028327	1.0382	1.135618912	1.151	1.274732954	1.2895	1.508125886	1.534
220	0.893868197	0.91421	0.927127473	0.94617	1.01322506	1.029	1.117873956	1.1305	1.240632566	1.2519	1.443014699	1.4618
225	0.89560395	0.91423	0.927076767	0.94423	1.007320247	1.0209	1.102691177	1.1129	1.212152965	1.2206	1.389841547	1.4031
230	0.897341718	0.91429	0.92716812	0.94252	1.00218202	1.0138	1.08959702	1.0976	1.188065226	1.194	1.345739751	1.3546
235	0.89908049	0.9144	0.927385845	0.94101	0.99770298	1.0074	1.078228612	1.0843	1.16747606	1.1712	1.308673881	1.314
240	0.900819366	0.91455	0.927716298	0.93969	0.993794735	1.0018	1.068302961	1.0726	1.149720135	1.1515	1.277165257	1.2795
245	0.902557545	0.91475	0.928147557	0.93853	0.990383844	0.99671	1.059595957	1.0622	1.134291429	1.1343	1.250116947	1.25
250	0.90429431	0.91499	0.928669164	0.93753	0.987408765	0.99219	1.051927697	1.053	1.120798041	1.1192	1.226699682	1.2244
255	0.906029022	0.91527	0.929271908	0.93667	0.984817525	0.98815	1.04515202	1.0449	1.108931597	1.1059	1.206275792	1.2021
260	0.907761105	0.9156	0.929947648	0.93594	0.982565921	0.98453	1.039148897	1.0375	1.098446016	1.0941	1.188347379	1.1826
265	0.909490045	0.91598	0.930689162	0.93533	0.980616114	0.98129	1.033818795	1.031	1.089142469	1.0836	1.17252029	1.1653
270	0.911215379	0.9164	0.931490027	0.93484	0.97893552	0.97838	1.029078459	1.0251	1.080858504	1.0742	1.158478596	1.1499
275	0.91293669	0.91686	0.932344509	0.93446	0.977495923	0.97578	1.024857691	1.0198	1.073460048	1.0658	1.145966198	1.1363
280	0.914653602	0.91737	0.933247477	0.93418	0.976272771	0.97345	1.021096871	1.015	1.066835445	1.0582	1.134773364	1.124
285	0.916365776	0.91793	0.934194327	0.934	0.975244593	0.97138	1.01774503	1.0107	1.060890936	1.0513	1.124726721	1.113
290	0.918072906	0.91853	0.935180918	0.93392	0.974392532	0.96954	1.014758324	1.0068	1.055547194	1.0451	1.115681728	1.1031
295	0.919774715	0.91918	0.936203516	0.93392	0.973699962	0.96792	1.012098827	1.0033	1.050736641	1.0395	1.107516934	1.0941
300	0.921470951	0.91987	0.937258745	0.934	0.973152165	0.96649	1.009733562	1.0001	1.04640134	1.0345	1.100129552	1.086
305	0.923161389	0.9206	0.938343549	0.93417	0.972736064	0.96525	1.007633714	0.99729	1.042491329	1.0299	1.093432011	1.0786
310	0.924845823	0.92138	0.939455153	0.93441	0.972440006	0.96417	1.005773994	0.99474	1.038963289	1.0257	1.087349247	1.0719
315	0.926524067	0.9222	0.940591036	0.93473	0.972253571	0.96325	1.004132111	0.99245	1.035779471	1.0219	1.081816546	1.0658
320	0.92819595	0.92306	0.9417489	0.93512	0.972167412	0.96248	1.002688343	0.9904	1.032906828	1.0185	1.076777822	1.0602
325	0.929861322	0.92396	0.942926648	0.93557	0.972173125	0.96185	1.001425177	0.98858	1.030316301	1.0154	1.072184228	1.0551
330	0.931520042	0.9249	0.944122362	0.93609	0.972263133	0.96135	1.000327003	0.98696	1.027982236	1.0126	1.067993022	1.0505
335	0.933171985	0.92588	0.945334289	0.93667	0.972430585	0.96097	0.999379868	0.98554	1.025881895	1.0101	1.064166647	1.0463
340	0.934817037	0.9269	0.94656082	0.9373	0.972669274	0.9607	0.99857126	0.98429	1.023995057	1.0078	1.060671964	1.0425
345	0.936455095	0.92796	0.947800477	0.938	0.972973563	0.96054	0.997889925	0.98322	1.022303675	1.0058	1.057479625	1.039
350	0.938086065	0.92905	0.949051901	0.93875	0.973338323	0.96048	0.997325717	0.98229	1.020791593	1.004	1.054563544	1.0358
355	0.939709864	0.93017	0.950313843	0.93955	0.973758877	0.96051	0.996869462	0.98152	1.019444303	1.0024	1.051900458	1.0329
360	0.941326414	0.93133	0.951585149	0.9404	0.97423095	0.96063	0.996512845	0.98087	1.018248744	1.0009	1.049469555	1.0303
365	0.942935647	0.93253	0.952864756	0.94129	0.974750631	0.96084	0.996248314	0.98036	1.017193123	0.99967	1.047252159	1.0279
370	0.944537502	0.93375	0.954151679	0.94223	0.975314332	0.96113	0.996068995	0.97996	1.016266763	0.99857	1.045231465	1.0257
375	0.946131923	0.935	0.95544501	0.94321	0.975918759	0.96149	0.995968616	0.97967	1.015459982	0.99762	1.043392309	1.0238
380	0.94771886	0.93628	0.956743906	0.94424	0.976560881	0.96192	0.995941443	0.97949	1.014763971	0.99681	1.041720976	1.022
385	0.949298269	0.93758	0.958047587	0.9453	0.977237907	0.96242	0.995982228	0.97941	1.014170703	0.99614	1.040205028	1.0205
390	0.950870111	0.93892	0.959355329	0.9464	0.977947259	0.96298	0.996086153	0.97941	1.01367285	0.99558	1.03883316	1.0191
395	0.952434351	0.94027	0.960666459	0.94753	0.978686557	0.9636	0.996248793	0.97951	1.013263705	0.99514	1.037595075	1.0179
400	0.953990958	0.94165	0.961980352	0.94869	0.9794536	0.96427	0.996466073	0.97968	1.01293712	0.99481	1.036481376	1.0168
