TITLE = "CO2 alpha" 

VARIABLES = temp	PR_liq_alpha_01MPa	PR_liq_alpha_1MPa	PR_liq_alpha_2MPa	PR_liq_alpha_4MPa	PR_liq_alpha_5MPa	PR_liq_alpha_7MPa	PR_liq_alpha_8MPa	PR_liq_alpha_10MPa
220	1.26797078	1.130035283	1.126714183	1.120150977	1.116903816	1.110465838	1.107270048	1.100912531
221	1.263331791	1.129322914	1.126078958	1.11935609	1.116197984	1.109608114	1.106513123	1.1001927
222	1.254892513	1.128657683	1.125329055	1.118605705	1.115366862	1.108963852	1.105620413	1.099328872
223	1.249502803	1.128038798	1.124625942	1.117899057	1.11457991	1.108017522	1.104769251	1.098326081
224	1.243824977	1.127313758	1.123968827	1.117235401	1.113836362	1.107283203	1.104129331	1.097540504
225	1.237903537	1.126637365	1.123204416	1.116456067	1.113135476	1.106588605	1.103188651	1.096792096
226	1.231784821	1.12600881	1.122638883	1.115878086	1.112476534	1.105768941	1.102457807	1.095908234
227	1.225517022	1.125427312	1.121968317	1.115032511	1.111701913	1.104991299	1.1017657	1.09523402
228	1.219150218	1.124748003	1.121344464	1.114386786	1.110971493	1.104254961	1.100948553	1.094426653
229	1.212736389	1.124117956	1.120621541	1.113784135	1.110284536	1.103559229	1.100172399	1.093657448
230	1.206329445	1.12353638	1.119947508	1.113075124	1.109640323	1.102903431	1.099436542	1.092925751
231	1.199985237	1.12286399	1.119321571	1.112411371	1.109038163	1.102131785	1.098740307	1.092067787
232	1.197704416	1.122242197	1.118742965	1.111792142	1.108329454	1.101402246	1.09808304	1.091410917
233	1.191715037	1.121670204	1.118210949	1.111073373	1.107664941	1.100714118	1.097309755	1.090629945
234	1.185968245	1.210871011	1.11758885	1.11054281	1.107043913	1.100066726	1.0967302	1.089887362
235	1.180527842	1.20481011	1.1168813	1.109914798	1.106323012	1.099459418	1.096036744	1.089182528
236	1.175459656	1.198773711	1.116357553	1.109193861	1.105647659	1.098745017	1.095233808	1.088514826
237	1.170831547	1.193056902	1.115750378	1.108657221	1.105017128	1.09807276	1.094620943	1.087730566
238	1.162440885	1.187152316	1.115193125	1.108029672	1.10443072	1.097441977	1.093900629	1.086985482
239	1.158848372	1.18135121	1.114557949	1.1074486	1.103887759	1.096710496	1.093221467	1.086278933
240	1.151525106	1.175969669	1.113974656	1.106782015	1.103253381	1.096162335	1.092582802	1.085610295
241	1.149262806	1.170173887	1.11344247	1.106163855	1.102531924	1.095515447	1.091984002	1.084978967
242	1.143308393	1.164857375	1.112838746	1.105593386	1.101989329	1.094774064	1.091284961	1.084239283
243	1.13812741	1.159457699	1.112288035	1.10494367	1.101361566	1.094212377	1.090627716	1.083538842
244	1.13380117	1.154300799	1.111789568	1.104343532	1.100780418	1.093558095	1.090011619	1.082877021
245	1.130413095	1.149101348	1.111225813	1.103792237	1.100119266	1.092947169	1.089301311	1.082253217
246	1.1233101	1.143874584	1.110601107	1.103167817	1.099506578	1.092248697	1.08863401	1.081527949
247	1.121997232	1.138967459	1.110033106	1.102594073	1.098941638	1.091595414	1.088009053	1.080842543
248	1.117025724	1.133740834	1.109409372	1.102070275	1.098302683	1.090986636	1.087425804	1.080196379
249	1.108303598	1.12888051	1.10884411	1.10147934	1.09771327	1.090421703	1.086755105	1.079588857
250	1.105705575	1.124073471	1.108336499	1.100825416	1.097172682	1.089775961	1.086127897	1.078886502
251	1.099420755	1.119338405	1.107779181	1.100225714	1.096563938	1.089175831	1.085543534	1.078224552
252	1.09957613	1.114694645	1.107176396	1.099679462	1.095891094	1.088499721	1.084877397	1.077602394
253	1.090943963	1.110162164	1.106532394	1.099076056	1.095271254	1.087870934	1.084255827	1.076890953
254	1.088951603	1.105384976	1.128446493	1.098419579	1.094703665	1.087288783	1.083557199	1.076220999
255	1.083293065	1.10074753	1.123198607	1.09782069	1.094077675	1.086636242	1.082904807	1.075591911
256	1.079244855	1.096271584	1.11806757	1.097173622	1.093397275	1.086031997	1.082297975	1.075003084
257	1.07691356	1.091979512	1.113034645	1.096585756	1.092773163	1.08536203	1.081619538	1.074331184
258	1.0709116	1.087490583	1.108075525	1.095954552	1.092204556	1.084741973	1.080988277	1.073579874
259	1.066714223	1.083218372	1.103224178	1.095284039	1.091587095	1.084060804	1.080289964	1.072992528
260	1.064433817	1.079186982	1.098450124	1.094676699	1.090924704	1.083431112	1.079640392	1.072327345
261	1.058487778	1.074996586	1.093716895	1.094034833	1.090221317	1.082744866	1.079038867	1.071587912
262	1.054554947	1.070651406	1.089120872	1.093333889	1.089579676	1.08211162	1.078375536	1.070893459
263	1.052753566	1.066594695	1.08462426	1.092654197	1.088901699	1.081426321	1.077654068	1.070243326
264	1.047301577	1.062406895	1.080109775	1.091960538	1.08821042	1.080692703	1.076984354	1.069523988
265	1.044086054	1.058546422	1.07574648	1.091256425	1.087518184	1.08002591	1.076260882	1.068850436
266	1.043231113	1.054580349	1.071411575	1.090536513	1.086808963	1.079324905	1.075590595	1.068111894
267	1.038751011	1.050514798	1.06712579	1.08979613	1.086077087	1.078622423	1.074881061	1.067420554
268	1.030561611	1.0468312	1.062910684	1.08903128	1.08533537	1.077900986	1.074165563	1.066722055
269	1.031089807	1.043076124	1.058788625	1.088247014	1.084578465	1.077163369	1.073436043	1.065996566
270	1.028027829	1.039256799	1.054698172	1.087448394	1.083801675	1.076421714	1.072704514	1.065267188
271	1.021293471	1.035380754	1.050657432	1.08661651	1.083009393	1.075659868	1.071953578	1.064524934
272	1.017277182	1.031960757	1.046685196	1.085758047	1.082189502	1.074881029	1.071185909	1.063781728
273	1.016116797	1.028002745	1.042800924	1.084872095	1.081347415	1.074088389	1.070413484	1.063018774
274	1.01133102	1.024532749	1.038932297	1.083951061	1.080472732	1.073276365	1.069620182	1.062248105
275	1.009534871	1.021054778	1.035094107	1.082988885	1.079571944	1.072448595	1.068809084	1.06146163
276	1.004100732	1.017578087	1.031301704	1.0819811	1.078644011	1.071600256	1.067983262	1.060661432
277	1.001795425	1.013568673	1.027570993	1.080931787	1.077673854	1.070727142	1.067137054	1.059859087
278	0.995842609	1.010115648	1.023817924	1.07982589	1.076663028	1.069825679	1.066273958	1.059028122
279	0.993163395	1.00669346	1.020155885	1.053133835	1.075613915	1.068908903	1.065389042	1.058189863
280	0.993909418	1.003312601	1.016602352	1.048539836	1.074509226	1.067950093	1.06447797	1.057328132
281	0.99107844	0.999983877	1.013068639	1.044026406	1.073354802	1.066963437	1.063537008	1.056454713
282	0.984591967	0.996718404	1.009458232	1.039704925	1.072138108	1.065947504	1.062578964	1.055563178
283	0.981685457	0.993527606	1.005999247	1.035480944	1.07084381	1.064886887	1.061584793	1.054647632
284	0.975123888	0.990423221	1.00259811	1.031331565	1.069473133	1.063789719	1.060560276	1.053719808
285	0.97230416	0.986809083	0.999153236	1.027215691	1.068007084	1.062650216	1.059496221	1.052757235
286	0.973389894	0.983905688	0.995789397	1.02319638	1.066427936	1.061450416	1.058399397	1.05177217
287	0.970909998	0.980500799	0.992401493	1.019340146	1.064715654	1.060201835	1.057255081	1.05076817
288	0.964787983	0.977215472	0.989119324	1.015447642	1.032285487	1.058890319	1.05607157	1.049732792
289	0.962748791	0.974062865	0.985834204	1.011696997	1.027743948	1.057504831	1.054836692	1.048662557
290	0.957078831	0.971056441	0.982555025	1.007999774	1.023382548	1.056037618	1.053540359	1.047562243
291	0.95567113	0.968209967	0.979419188	1.004398431	1.019197642	1.054484385	1.052187639	1.046429055
292	0.950647836	0.964869744	0.976182056	1.000811287	1.015106446	1.052827504	1.050765476	1.045253347
293	0.950072151	0.961700504	0.973112104	0.997270581	1.011166625	1.051050346	1.04926384	1.044041163
294	0.945899959	0.95871683	0.969956396	0.993793216	1.007295456	1.049133676	1.047681828	1.042777177
295	0.946366636	0.955933606	0.966855794	0.990360173	1.003482593	1.047048699	1.045998082	1.041468754
296	0.943259882	0.952662871	0.96382105	0.986964821	0.999760543	1.044767816	1.044208228	1.040109619
297	0.936505443	0.950317504	0.960721416	0.983615757	0.996151899	1.042239167	1.042296457	1.038694715
298	0.934600784	0.94749795	0.957705403	0.980320347	0.992593152	1.039383093	1.040244177	1.03721371
299	0.937735722	0.944193138	0.954784619	0.977044757	0.989072702	1.036080105	1.038023045	1.035670873
300	0.928605336	0.941131284	0.951822169	0.97383109	0.985650018	1.032087583	1.0356099	1.034052555
301	0.924545635	0.938328907	0.948974326	0.970640166	0.982213334	1.026831787	1.032955561	1.032353753
302	0.925753019	0.935802807	0.945946458	0.967491677	0.978895547	1.005098375	1.029992295	1.030577335
303	0.923406035	0.932802858	0.943204765	0.964361319	0.975562251	1.000708639	1.026629451	1.028704809
304	0.917432666	0.930094991	0.940294382	0.961289692	0.972347147	0.996626987	1.022700285	1.026727356
305	0.916964045	0.927696808	0.937535598	0.958249635	0.969091841	0.992725858	1.017931953	1.024645071
306	0.912908649	0.924830658	0.934615479	0.955209646	0.965929851	0.98896379	1.01178816	1.022440378
307	0.914584266	0.922291255	0.931864422	0.952233532	0.962789371	0.985323326	1.003131801	1.020091716
308	0.912717122	0.919282216	0.929128271	0.949262924	0.959699504	0.981772763	0.993183628	1.017580368
309	0.907236683	0.916617727	0.926413844	0.946337231	0.956690761	0.978302727	0.989127177	1.014891601
310	0.907744013	0.914316712	0.923728161	0.943445246	0.953670715	0.974905881	0.98565374	1.01199396
311	0.904686624	0.911554305	0.921078438	0.940573689	0.950659787	0.971570974	0.982184338	1.008866104
312	0.897994176	0.90917444	0.91829389	0.937707156	0.947679456	0.968279161	0.978752117	1.005481671
313	0.897557474	0.906332926	0.915735979	0.934885772	0.944752215	0.965058785	0.975364722	1.001831455
314	0.893539018	0.903893776	0.913053526	0.932093726	0.941901519	0.961877599	0.972024846	0.997915513
315	0.896026209	0.900993176	0.910432692	0.929343168	0.939006038	0.958756136	0.968750995	0.99375066
316	0.88473367	0.898515525	0.907881634	0.926584935	0.936228015	0.955662747	0.965520351	0.989379953
317	0.890360787	0.896481565	0.905217573	0.923859474	0.933284556	0.952609615	0.962331868	0.984905357
318	0.882070333	0.89399771	0.902828685	0.921178092	0.930493809	0.949635356	0.959188495	0.980525933
319	0.88060497	0.891054407	0.900142381	0.918486633	0.92788331	0.946652277	0.956097733	0.976396308
320	0.875541136	0.888577492	0.897748838	0.915826595	0.925145706	0.943712865	0.953046918	0.972535495
321	0.877570338	0.886588744	0.895261623	0.913208265	0.922283034	0.940827938	0.95003573	0.968897014
322	0.87606902	0.884153855	0.892681923	0.910572245	0.919651531	0.937954725	0.947051889	0.965453382
323	0.870970094	0.881263516	0.890218203	0.907996666	0.91691851	0.935084779	0.944126163	0.962161348
324	0.873274732	0.878886079	0.887880043	0.905419914	0.914273447	0.932307515	0.94119773	0.958973257
325	0.872054919	0.877044341	0.88546456	0.902886389	0.911733985	0.929505196	0.938339881	0.955864132
326	0.867244337	0.874762256	0.882973431	0.900330053	0.909122932	0.926762094	0.935481992	0.952812679
327	0.858775418	0.8720308	0.880626638	0.897833684	0.90664495	0.924054846	0.932681701	0.949800519
328	0.858072212	0.869861831	0.878213439	0.895328875	0.903909665	0.921352178	0.929900232	0.946839707
329	0.853789739	0.867247244	0.875959677	0.892861759	0.901536687	0.918614628	0.927151658	0.943909795
330	0.857568058	0.865221114	0.873649305	0.890400075	0.898917449	0.915994667	0.924408761	0.941019844
331	0.857850992	0.862753663	0.871284586	0.887991882	0.896437941	0.913388646	0.921710676	0.938152117
332	0.854574094	0.860901395	0.86886787	0.885561641	0.893959314	0.910746122	0.919058113	0.935318801
333	0.847671725	0.858612655	0.866636876	0.883157089	0.891489672	0.908156177	0.916403727	0.932528041
334	0.849221173	0.855878741	0.864364689	0.880785398	0.88906079	0.905565359	0.913776648	0.929756155
335	0.847235264	0.853790231	0.862054006	0.878409417	0.886635123	0.903069639	0.911161122	0.927018774
336	0.841649492	0.852372682	0.859951638	0.876034435	0.884220185	0.90053046	0.908584002	0.924305479
337	0.844876854	0.849407683	0.857575388	0.873711981	0.881823759	0.898042868	0.906023067	0.921608837
338	0.844600088	0.847119625	0.855419268	0.871403176	0.87945389	0.89553889	0.903449658	0.91894792
339	0.840755935	0.845534881	0.853242387	0.869113848	0.877093018	0.893030474	0.900937572	0.916317355
340	0.833279991	0.843522905	0.851047975	0.866801594	0.87474818	0.890622446	0.898456607	0.913702282
341	0.835041865	0.841075427	0.848839358	0.864519403	0.872426644	0.888146057	0.895969668	0.911100392
342	0.833274261	0.839364927	0.846881954	0.862273594	0.870135909	0.885802226	0.89349315	0.908527266
343	0.82791415	0.837226082	0.84465835	0.860019879	0.86782787	0.883412732	0.891044334	0.905971332
344	0.83218089	0.834650681	0.842431109	0.857814083	0.865564226	0.880984308	0.888641341	0.903440434
345	0.819562659	0.832847344	0.840475172	0.855610628	0.863295208	0.878629765	0.886236327	0.900939837
346	0.816680363	0.830615233	0.83825501	0.853414047	0.861055515	0.87625643	0.883842734	0.898442805
347	0.823827273	0.829187442	0.836320121	0.85122901	0.858822109	0.873983444	0.881403685	0.895975147
348	0.813782695	0.827339241	0.834122732	0.849060321	0.856600563	0.871599574	0.879073763	0.893532703
349	0.813882252	0.825062739	0.831941268	0.84685726	0.85439663	0.869338676	0.876724211	0.891074636
350	0.810425489	0.822349897	0.830066901	0.844735376	0.852184602	0.867098676	0.874441922	0.88865413
351	0.817472736	0.820483457	0.827933196	0.842587719	0.850033292	0.864766653	0.872084271	0.886259552
352	0.806840856	0.818189754	0.825828324	0.840475262	0.847852434	0.862594292	0.869818699	0.883875122
353	0.80683489	0.81677692	0.82375678	0.838403451	0.845711703	0.860344075	0.867494836	0.881519208
354	0.803272076	0.81494649	0.822023039	0.836318008	0.843583856	0.858148751	0.865289766	0.879171352
355	0.810707728	0.812690792	0.820035298	0.834222079	0.84143959	0.855885153	0.862956812	0.876847757
356	0.799973763	0.811356298	0.817788523	0.832118905	0.839352328	0.853692309	0.860766676	0.874522835
357	0.800367259	0.809606869	0.815897189	0.83007426	0.837222608	0.851441743	0.858552932	0.872210249
358	0.797212016	0.807434967	0.814063119	0.828030892	0.835160747	0.849278841	0.856321796	0.86992441
359	0.790447517	0.804832917	0.811974968	0.825992354	0.83306417	0.847215402	0.854177241	0.867633451
360	0.795264555	0.80319943	0.810267423	0.824027352	0.831009643	0.844966177	0.851933468	0.865397269
361	0.796608503	0.801146898	0.808309503	0.822010411	0.828965279	0.842980519	0.849794832	0.863132461
362	0.794420853	0.80010064	0.806422965	0.820009552	0.826935382	0.840815943	0.8476713	0.86089864
363	0.788642108	0.797200929	0.804283233	0.818028718	0.824924369	0.838624788	0.845463803	0.858708986
364	0.794982238	0.795319285	0.802552422	0.816003329	0.822897246	0.836571759	0.843391504	0.856468373
365	0.781973672	0.794488641	0.800572657	0.814073858	0.820897022	0.834506205	0.841246691	0.854293824
366	0.781228815	0.791769026	0.798679631	0.812106381	0.81888774	0.832432367	0.8391446	0.852085075
367	0.776918855	0.790112894	0.796879123	0.810173833	0.816913802	0.830354639	0.836977597	0.849966125
368	0.785287231	0.788039913	0.794829598	0.80828062	0.814938275	0.828277575	0.834984922	0.84777084
369	0.773805552	0.787070696	0.793228343	0.806358058	0.813006962	0.826382357	0.832940631	0.84562553
370	0.775154391	0.784156117	0.791383032	0.80440796	0.811038821	0.824324093	0.830846815	0.843541941
371	0.772973962	0.782358603	0.789647207	0.802507253	0.809122966	0.822281094	0.828831851	0.841401542
372	0.767206296	0.781712872	0.787665445	0.800660695	0.807176119	0.820258525	0.826776955	0.83927417
373	0.774776634	0.779086469	0.785798517	0.798796206	0.805290013	0.818261696	0.824684691	0.837236373
374	0.761798319	0.777625846	0.784052813	0.796915886	0.803379107	0.816296064	0.822691446	0.835160955
375	0.762319132	0.775754316	0.782434815	0.795021899	0.80149158	0.81436723	0.820671467	0.833051627
376	0.759298415	0.77346484	0.780574887	0.793196271	0.799584543	0.812480932	0.818766552	0.830985786
377	0.770220309	0.772391429	0.778848574	0.791363424	0.797707582	0.810440615	0.816704913	0.828972568
378	0.76008714	0.770914905	0.776878985	0.789525731	0.795864801	0.808448075	0.81476997	0.826944577
379	0.764065056	0.76902845	0.775049144	0.787685624	0.794011671	0.806509433	0.812826435	0.82490645
380	0.764557637	0.766725133	0.773365956	0.785845601	0.792150553	0.804630941	0.810877916	0.822863027
381	0.761509138	0.76569739	0.771836413	0.784092897	0.790333887	0.802818975	0.808928142	0.820901245
382	0.754862921	0.764268461	0.770068951	0.782261779	0.788515461	0.800860743	0.80698097	0.818864264
383	0.762961715	0.762431647	0.768461835	0.780525281	0.786697854	0.798975359	0.80504038	0.816923053
384	0.749095939	0.760180137	0.766616028	0.778713837	0.784883714	0.79716956	0.803110474	0.814914276
385	0.750154491	0.759266013	0.764937502	0.777004587	0.783075756	0.795220555	0.801195476	0.813016197
386	0.747682268	0.757953719	0.763019644	0.775224089	0.781276763	0.793358032	0.799464859	0.811058892
387	0.741623576	0.756236694	0.761694152	0.77346294	0.779489586	0.791589072	0.797427698	0.809135615
388	0.751060336	0.754108271	0.759714856	0.771724142	0.777717142	0.7896807	0.795583958	0.807158559
389	0.737811226	0.751561667	0.758343164	0.770010759	0.775962415	0.787873352	0.793773204	0.805224812
390	0.740246073	0.750425422	0.75673926	0.768232143	0.774172507	0.786174432	0.792000237	0.803341046
391	0.739172659	0.748888551	0.754899151	0.766577998	0.772461759	0.784340631	0.790091109	0.801414508
392	0.734536427	0.746944541	0.753256448	0.764862977	0.77072077	0.782368802	0.788224134	0.799548137
393	0.746175928	0.746468643	0.75137749	0.763184154	0.76900873	0.780772018	0.786404423	0.797645815
394	0.734403609	0.74370645	0.750149679	0.761446935	0.767270266	0.778783813	0.78463719	0.795814406
395	0.739104668	0.74243078	0.74824411	0.759750585	0.765566048	0.777186417	0.782737578	0.793954377
396	0.740332727	0.740753425	0.746552287	0.758098576	0.763839435	0.775460718	0.781088529	0.792067709
397	0.738034561	0.738667946	0.745082536	0.75639329	0.762152595	0.773603842	0.779312334	0.790267211
398	0.732156131	0.7381292	0.743381266	0.754737329	0.760447605	0.771889371	0.777405979	0.788335479
399	0.722642565	0.737201587	0.741910766	0.753134337	0.758788141	0.770045421	0.775568156	0.786498167
400	0.730425277	0.733885491	0.740209325	0.751483627	0.757114988	0.768353172	0.773804662	0.784763392
401	0.734781637	0.734155081	0.738747591	0.749785693	0.755429743	0.76653338	0.772121383	0.782902631
402	0.714356274	0.732023603	0.737055655	0.748147649	0.753734045	0.764874896	0.770313756	0.781153329
403	0.733007624	0.729478082	0.735612608	0.746573359	0.752094622	0.763091039	0.768592495	0.779279425
404	0.726771449	0.728571404	0.733940257	0.744957955	0.750449612	0.761478397	0.766963751	0.777526309
405	0.716897291	0.72727119	0.732526221	0.743302087	0.748800798	0.759742788	0.765214288	0.775776504
406	0.725282824	0.725571311	0.730883942	0.741717466	0.747217235	0.758188591	0.763563933	0.774032958
407	0.708135813	0.723465538	0.729509647	0.740208177	0.745567082	0.756514065	0.761793577	0.772168494
408	0.709470722	0.723073746	0.727908337	0.738551802	0.743987445	0.7547167	0.760129186	0.770444645
409	0.707283366	0.720154484	0.726584922	0.736974577	0.742343634	0.753112689	0.758345693	0.768736392
410	0.701521396	0.718970762	0.725035887	0.735365185	0.740775795	0.751388738	0.756675289	0.767047015
411	0.714912874	0.717390391	0.723257605	0.7338412	0.739146357	0.749869051	0.755124715	0.765241579
412	0.702013017	0.71760158	0.721768163	0.732289116	0.737598538	0.748232552	0.753459879	0.763598083
413	0.708497811	0.715227098	0.720577186	0.730709876	0.735991855	0.746476882	0.751678353	0.761841372
414	0.711536379	0.71466655	0.71863325	0.729224637	0.734399422	0.744938353	0.750024925	0.76011332
415	0.711078315	0.711473699	0.717524587	0.727595211	0.732823462	0.743284045	0.748256267	0.758417582
416	0.707072474	0.710117616	0.715655864	0.726064176	0.731266243	0.741615708	0.746623605	0.756757887
417	0.699466963	0.708363461	0.714642232	0.724512432	0.729730074	0.740004923	0.745134157	0.75498726
418	0.712181041	0.708504491	0.712861553	0.723065988	0.728141023	0.738420099	0.743535261	0.753409046
419	0.697395406	0.705954166	0.711402976	0.721477392	0.726653283	0.736828048	0.741824684	0.751723495
420	0.703174003	0.705322663	0.710276694	0.719998808	0.725115935	0.73523031	0.740266611	0.750085399
421	0.705495892	0.704305048	0.708368424	0.718506566	0.723529105	0.733628459	0.738598887	0.748339523
422	0.704311345	0.70289558	0.707361647	0.71700192	0.722051791	0.732061284	0.737092291	0.746645023
423	0.699569913	0.701088431	0.705566024	0.715486151	0.720528485	0.730494113	0.735478265	0.745006115
424	0.691220426	0.698877684	0.704116628	0.714092705	0.719040419	0.728928647	0.733754673	0.743427081
425	0.679210968	0.698682765	0.703024058	0.712559896	0.717508409	0.727366626	0.732202287	0.741744215
426	0.688877885	0.695665599	0.701127805	0.711020007	0.716015348	0.72580983	0.730542766	0.740125597
427	0.695142938	0.694689407	0.700181369	0.709610272	0.714480513	0.724260079	0.729063652	0.7385757
428	0.697958014	0.693323133	0.698424549	0.708198789	0.712988474	0.722719229	0.72748002	0.736924355
429	0.697274322	0.691561071	0.697039448	0.70664873	0.711542021	0.721189177	0.726086201	0.735346419
430	0.693042379	0.691915513	0.695432406	0.70523699	0.710058102	0.719671859	0.724290933	0.733667342
431	0.685212003	0.689363589	0.694209602	0.703828049	0.708623834	0.718169249	0.722991478	0.73206655
432	0.673732298	0.688954311	0.692767876	0.702423487	0.707154589	0.716641878	0.721286674	0.730548823
433	0.685219665	0.685589553	0.691723132	0.700881548	0.705650827	0.715132395	0.719784347	0.728932965
434	0.666477815	0.684394111	0.69046267	0.699489334	0.704202235	0.713642884	0.718179445	0.727405351
435	0.670977186	0.68541944	0.688983281	0.698106419	0.702721785	0.712132653	0.71678709	0.725780295
436	0.672002148	0.683453611	0.687281704	0.696587289	0.701300905	0.710645779	0.715295384	0.724248845
437	0.669504425	0.681084545	0.685993522	0.695226829	0.699850953	0.709140744	0.713702497	0.722620768
438	0.663435071	0.680977416	0.68448658	0.693880872	0.698465106	0.707662586	0.712334134	0.721091843
439	0.681542432	0.677804484	0.683406484	0.692400092	0.697053095	0.70621357	0.710868024	0.719667248
440	0.668375775	0.676921407	0.682111241	0.69108726	0.695615561	0.70475092	0.709302397	0.718149879
441	0.679670432	0.675651819	0.6805977	0.689640662	0.694153166	0.703275599	0.707635448	0.716537945
442	0.659210859	0.673990257	0.679526599	0.688213297	0.692762631	0.701788597	0.706207273	0.715036773
443	0.663502736	0.674700448	0.678241023	0.686807077	0.691350366	0.70033739	0.704681461	0.713442243
444	0.664317484	0.672258549	0.676737861	0.68542394	0.689917111	0.698924415	0.703405404	0.711964552
445	0.661607668	0.672217249	0.675013952	0.684065861	0.688562285	0.697457359	0.702035556	0.710394844
446	0.655325207	0.66897311	0.673750578	0.682734841	0.687189773	0.696031644	0.700570277	0.708948221
447	0.674775413	0.66815899	0.672960096	0.681432917	0.68580039	0.694601475	0.699007897	0.707411053
448	0.661403493	0.666960409	0.671265496	0.679998996	0.684394969	0.693168006	0.697346712	0.706003381
449	0.644312863	0.665372028	0.670048038	0.678595604	0.682974368	0.69173242	0.695952604	0.704506769
450	0.653411341	0.663388433	0.668615114	0.677224857	0.681642578	0.690345686	0.694463835	0.702919583
451	0.659097078	0.663935655	0.667674177	0.675888902	0.680299189	0.68890999	0.693253811	0.701469349
452	0.661324397	0.66116626	0.665806443	0.67458992	0.678945132	0.687526601	0.691574659	0.700161935
453	0.660047006	0.660958283	0.665156316	0.673330118	0.677581362	0.686095835	0.690178595	0.698535002
454	0.655217996	0.660375161	0.663573384	0.671940286	0.676208854	0.684720941	0.689075383	0.69705277
455	0.646789827	0.659411781	0.662502215	0.67059135	0.674828603	0.683300348	0.687494612	0.695721278
456	0.634714322	0.65806296	0.661218751	0.669285601	0.673550217	0.681939302	0.686211225	0.69430485
457	0.65032729	0.656323443	0.659720019	0.668025362	0.672158485	0.680534328	0.684837393	0.69280199
458	0.662611404	0.654187905	0.65875106	0.666635881	0.670872577	0.679139022	0.683371614	0.691458069
459	0.639730412	0.651650946	0.656818269	0.6652938	0.669473621	0.677808982	0.681812362	0.690029871
460	0.645018102	0.651828228	0.656179224	0.664001524	0.668184555	0.676437845	0.68048574	0.688515932
461	0.64684204	0.651636425	0.654570467	0.66276149	0.666782807	0.675025596	0.679110246	0.687169439
462	0.645156772	0.647906961	0.653512555	0.661393305	0.665495118	0.673683574	0.677727332	0.685739508
463	0.639916247	0.646940536	0.652243625	0.660079429	0.664210346	0.672358652	0.67638004	0.684224709
464	0.631073809	0.645589798	0.650760775	0.658822381	0.662929694	0.670995712	0.674985437	0.682886164
465	0.651649341	0.647078699	0.649847837	0.65762471	0.661537314	0.669652003	0.673629136	0.681465205
466	0.635680758	0.64496613	0.648726395	0.65630029	0.660267637	0.668271426	0.672269984	0.679960436
467	0.64946668	0.642453859	0.64739361	0.655037495	0.659005817	0.666970512	0.67090898	0.678641027
468	0.626186856	0.642832025	0.645846603	0.653647279	0.657753142	0.665634987	0.669547141	0.67724041
469	0.633004381	0.639527222	0.644891872	0.652514177	0.656389975	0.664264977	0.668185508	0.675757234
470	0.636377698	0.639147228	0.643728601	0.651256028	0.655158572	0.662980177	0.666870087	0.674468809
471	0.636262528	0.638391704	0.642353976	0.649871058	0.653817399	0.661663276	0.665512474	0.673100572
472	0.632614026	0.637255727	0.640765145	0.648752841	0.652612674	0.66031445	0.664158309	0.671651215
473	0.625386767	0.635734312	0.639791701	0.647510303	0.651298975	0.658995242	0.662854894	0.670406277
474	0.614534743	0.633822409	0.638610001	0.646141695	0.650000624	0.657707444	0.661511426	0.669083112
475	0.635271154	0.634967947	0.637217265	0.644847504	0.648719053	0.656390455	0.660174833	0.667680457
476	0.617259493	0.632283092	0.636460628	0.643630582	0.647455717	0.655107466	0.658893728	0.666197029
477	0.631193652	0.632691379	0.634643321	0.642493808	0.646212092	0.653796848	0.657574877	0.664929506
478	0.605840327	0.629213518	0.633468334	0.641233229	0.644989678	0.652522901	0.656266515	0.663584276
479	0.612796809	0.628865177	0.632950654	0.640055555	0.643789992	0.651222959	0.654921195	0.662160105
480	0.61631043	0.628142666	0.631358158	0.63875377	0.642482628	0.649962438	0.65363714	0.660962151
481	0.61633787	0.627041182	0.63042941	0.637537722	0.641199052	0.648677629	0.652317824	0.659379226
482	0.612835263	0.625555863	0.629294053	0.636410425	0.63994084	0.647368863	0.65101324	0.658337855
483	0.60575819	0.623681781	0.627949384	0.635160229	0.638709592	0.646103244	0.64972471	0.656909127
484	0.632371178	0.621413945	0.626392663	0.633785455	0.637506927	0.644815474	0.648453575	0.655401054
485	0.618247241	0.622434177	0.62552502	0.632720199	0.636334489	0.643573796	0.64714993	0.654133192
486	0.600414534	0.619388176	0.62445209	0.631533402	0.635055772	0.642311846	0.64591726	0.6527894
487	0.61684167	0.619668226	0.623171214	0.63022342	0.633808534	0.64103003	0.644601852	0.651695059
488	0.62994112	0.619582919	0.621679699	0.629011302	0.632594474	0.639798313	0.643360235	0.650198869
489	0.601193504	0.615345119	0.62090332	0.627900253	0.631415314	0.63854871	0.642089125	0.648955677
490	0.607279351	0.614491113	0.61992334	0.626667561	0.630272796	0.637281669	0.640788653	0.647637823
491	0.609910909	0.613257575	0.618737151	0.625539181	0.629025221	0.636068901	0.63956678	0.646244177
492	0.609045674	0.615495509	0.617342111	0.624289186	0.627815701	0.634840776	0.638317625	0.64511491
493	0.604640623	0.613513438	0.615735542	0.623146825	0.626646036	0.63359779	0.637041361	0.643913564
494	0.596652199	0.611137601	0.614874607	0.621882923	0.625371353	0.632340448	0.635793423	0.642639068
495	0.585036309	0.612292785	0.613809514	0.620730056	0.624138022	0.631142813	0.634519655	0.641290337
496	0.609918877	0.609140135	0.612537675	0.619691613	0.622947902	0.629858911	0.633276421	0.639866267
497	0.591164707	0.609558715	0.612035335	0.618296002	0.621802873	0.628636957	0.632065306	0.638722091
498	0.609309854	0.605609971	0.610348625	0.617254186	0.620704834	0.62747926	0.630830843	0.637506489
499	0.583244032	0.605273401	0.609439058	0.616092927	0.619503546	0.626236403	0.629573282	0.636218419
500	0.594485544	0.604564719	0.608325238	0.614810664	0.618350911	0.625060146	0.628350869	0.634856824
501	0.602334157	0.603479356	0.607004604	0.613650104	0.617094504	0.62379875	0.627106808	0.633789194
502	0.606749087	0.602012688	0.606485756	0.612614796	0.61588846	0.622606354	0.6259003	0.632280489
503	0.607689066	0.600160031	0.604750344	0.611460637	0.614734772	0.621407125	0.624673653	0.631069859
504	0.605112325	0.60207398	0.603824694	0.610186092	0.613635458	0.620201709	0.623487027	0.629787734
505	0.598976595	0.599461425	0.602695118	0.609040755	0.612433683	0.618990762	0.622281829	0.628433087
506	0.589239098	0.59644874	0.601359089	0.608028281	0.611288119	0.617855006	0.621058394	0.627389087
507	0.575856539	0.59726658	0.600858236	0.606897757	0.610200838	0.616635626	0.619817066	0.626276825
508	0.601953111	0.597727022	0.599108385	0.605647675	0.609011654	0.615412765	0.618619939	0.625095345
509	0.581412375	0.59353896	0.598202022	0.604534621	0.607882681	0.614269006	0.617468808	0.623843675
510	0.600777564	0.593245715	0.5970925	0.603562354	0.606651467	0.61304193	0.616240097	0.622520829
511	0.572909	0.592581818	0.595777329	0.60247305	0.605482441	0.611896639	0.615059113	0.621125806
512	0.585380632	0.591542826	0.595331821	0.601265231	0.60437777	0.610752009	0.613864042	0.62006089
513	0.594471727	0.590124239	0.593604687	0.600202575	0.603339642	0.609524465	0.612655299	0.618928289
514	0.600142639	0.588321507	0.592755864	0.599021999	0.602201044	0.608382843	0.611497941	0.61772707
515	0.602353255	0.590576466	0.591705102	0.597990775	0.600960693	0.607244212	0.610328747	0.616456288
516	0.601062993	0.588019055	0.590449958	0.596842279	0.599788886	0.606023161	0.609148168	0.615114985
517	0.596230795	0.585063769	0.588987956	0.595575048	0.598687885	0.604892306	0.607956664	0.614121715
518	0.587815121	0.586233782	0.588435731	0.59446179	0.597659972	0.603766887	0.606754704	0.612639824
519	0.575773941	0.582496631	0.587685628	0.593506502	0.596532315	0.602559634	0.60560986	0.611510685
520	0.560064732	0.582930351	0.58673528	0.592435392	0.595303657	0.601446987	0.604456528	0.610313869
521	0.58722597	0.583002816	0.585582292	0.59124703	0.59432782	0.600252948	0.603295211	0.609048463
522	0.564329456	0.5827098	0.58422424	0.590221472	0.593074543	0.599156528	0.602126427	0.608149645
523	0.58475901	0.58204703	0.582658669	0.589079479	0.592078819	0.597979202	0.600950702	0.606747696
524	0.55450917	0.58101018	0.582044424	0.587819624	0.590984346	0.596902569	0.599838169	0.605717221
525	0.568048846	0.579594875	0.581232045	0.586727549	0.589789899	0.595745556	0.598650686	0.604621265
526	0.578217807	0.577796687	0.580219192	0.585807434	0.588677853	0.594599756	0.597528516	0.603009381
527	0.584977529	0.575611135	0.579003496	0.584772675	0.587650659	0.593466107	0.596402632	0.602229436
528	0.588289046	0.573033687	0.57758256	0.583621882	0.586524725	0.592345556	0.595201981	0.600931798
529	0.588112949	0.574892948	0.577151109	0.582648237	0.585486142	0.591239068	0.594069913	0.599565146
530	0.564794192	0.571547202	0.575319801	0.581559551	0.584348879	0.590052371	0.592935907	0.598591906
531	0.562342455	0.572686046	0.574487768	0.580354437	0.583301521	0.588976283	0.591800575	0.597554796
532	0.561298028	0.568554295	0.573455552	0.579331804	0.582155575	0.587820643	0.590664541	0.596452994
533	0.561705191	0.569450547	0.572220818	0.578193797	0.581102143	0.586778949	0.589528437	0.595285662
534	0.563608656	0.568498925	0.572014913	0.577243186	0.579950252	0.585658406	0.588467658	0.594051954
535	0.562008995	0.567671241	0.57037554	0.576178315	0.578893536	0.584556621	0.587333881	0.592751009
536	0.561939768	0.566468554	0.569775112	0.574997823	0.577738525	0.583375379	0.586201995	0.591381957
537	0.558345241	0.565392873	0.568977674	0.574010311	0.576681407	0.582313585	0.585072675	0.590431735
538	0.556316165	0.564448689	0.567980958	0.572908355	0.575724835	0.581173105	0.583946605	0.589418799
539	0.555899153	0.56364054	0.566782669	0.572004483	0.574671567	0.580155581	0.58282448	0.588342359
540	0.557141254	0.562457935	0.565380485	0.570671553	0.573520447	0.579060185	0.581707004	0.587201611
541	0.55487314	0.561414684	0.563772057	0.569855783	0.572472818	0.577885967	0.580594892	0.585995744
542	0.554301629	0.560515447	0.563248778	0.568608276	0.571327607	0.576838704	0.579488869	0.584723933
543	0.55019978	0.559240944	0.562529852	0.567565344	0.57028877	0.575713482	0.578389672	0.583385342
544	0.553137459	0.558640928	0.561613056	0.566731635	0.569359071	0.574614113	0.577298045	0.582492023
545	0.552584006	0.557669222	0.560496142	0.565460229	0.56833358	0.573541749	0.576214745	0.581537554
546	0.548500702	0.556321657	0.559176834	0.564399412	0.567211171	0.572497552	0.575140539	0.580521182
547	0.546241585	0.555666071	0.557652833	0.563553912	0.566201063	0.571375843	0.574076204	0.578918422
548	0.545856832	0.554638379	0.557261692	0.562596623	0.565094418	0.57039082	0.572940235	0.57777226
549	0.547397054	0.553234431	0.55667685	0.561526257	0.564103122	0.569220997	0.571897461	0.57709296
550	0.545430921	0.552540365	0.555896137	0.560341508	0.563015708	0.568190266	0.57078355	0.575821238
551	0.545432472	0.551473974	0.553554169	0.559379059	0.562046746	0.567082597	0.569681606	0.574699109
552	0.541910882	0.550582431	0.55373829	0.558303728	0.560982124	0.566117894	0.568592452	0.573567603
553	0.540400668	0.549316485	0.552356691	0.55745633	0.559820735	0.564966182	0.567516924	0.57248167
554	0.54095441	0.548786984	0.550770287	0.556153438	0.558781204	0.563959934	0.566455864	0.571387825
555	0.537991323	0.547326687	0.550371737	0.555426304	0.557866497	0.562877448	0.565410129	0.570286438
556	0.537137685	0.546613299	0.549779855	0.554241127	0.55685715	0.561831123	0.56429381	0.569177888
557	0.538447287	0.545527793	0.547581675	0.553291229	0.555752077	0.560822248	0.563280761	0.56806256
558	0.536248478	0.544636096	0.546588654	0.552229097	0.554775384	0.559737376	0.56219775	0.566997334
559	0.536260221	0.54394359	0.546822728	0.551408103	0.55370354	0.558691108	0.561132441	0.565926886
560	0.532749622	0.542879402	0.545435909	0.550119828	0.55276342	0.557568546	0.560085736	0.564794377
561	0.537316961	0.541439481	0.543844832	0.549074397	0.551728761	0.55660273	0.558968909	0.56371434
562	0.532560882	0.54078515	0.543498678	0.548276933	0.550598493	0.555561825	0.557961581	0.562630334
563	0.530113084	0.539759764	0.542960213	0.547369441	0.549603677	0.554444967	0.556884827	0.561601197
564	0.530030154	0.538948409	0.540759645	0.546350695	0.548513906	0.553489663	0.555829223	0.560510943
565	0.532369095	0.537764405	0.539822016	0.545219454	0.547563064	0.552459662	0.554795719	0.559418037
566	0.531211056	0.536799302	0.540169881	0.544344068	0.546517961	0.551354109	0.553692722	0.558322933
567	0.526518697	0.536058819	0.538840987	0.543358034	0.54561532	0.550293587	0.552705719	0.55728606
568	0.530334988	0.534946666	0.537309072	0.542260128	0.544619152	0.549279507	0.551649994	0.556188341
569	0.524597861	0.534064196	0.537081181	0.541425232	0.543528414	0.548313294	0.550619086	0.555150586
570	0.527487014	0.532808642	0.535145152	0.540102074	0.542584114	0.547272666	0.54951907	0.554052157
571	0.526885185	0.532399856	0.534525659	0.539424366	0.541546022	0.546281266	0.5485402	0.553015458
572	0.522755438	0.531008037	0.533711373	0.538255966	0.540658031	0.545215303	0.547493051	0.55198023
573	0.521262207	0.530474892	0.532700204	0.537358882	0.539677066	0.54419996	0.546473568	0.550884631
574	0.522466131	0.5295727	0.531490036	0.536351413	0.538602102	0.543109924	0.545385464	0.549853474
575	0.520161458	0.528297544	0.530078733	0.535232354	0.537681389	0.542199495	0.544423822	0.548762177
576	0.520611134	0.527274031	0.530032793	0.53439211	0.53666754	0.541087478	0.543394446	0.547737173
577	0.517544403	0.526508305	0.528221492	0.533442347	0.535559531	0.540158078	0.542296576	0.546716246
578	0.517290325	0.525371281	0.527788525	0.532381879	0.534610027	0.539155355	0.541328958	0.545635569
579	0.51991157	0.524497726	0.527163222	0.531607868	0.53356727	0.538078495	0.540293774	0.544624027
580	0.519039237	0.523893915	0.526343549	0.530324676	0.532686893	0.537058159	0.539291254	0.543553022
581	0.514636937	0.522920715	0.525327451	0.529330096	0.531714211	0.536095901	0.538220898	0.542487488
582	0.513167253	0.521574255	0.52411285	0.528629777	0.530648225	0.53506023	0.537286395	0.541494008
583	0.514694494	0.521155298	0.522697647	0.527414461	0.529749045	0.534084196	0.536285044	0.540441542
584	0.512716955	0.519713318	0.522717896	0.526495633	0.528757554	0.533034735	0.535216106	0.539396274
585	0.513798835	0.519211776	0.520904118	0.525466944	0.527672758	0.532046503	0.534182929	0.538358795
586	0.511371416	0.518342211	0.520539313	0.524741616	0.526759296	0.531121109	0.533186657	0.537329703
587	0.512067054	0.517100806	0.519983333	0.523908725	0.525753569	0.530123113	0.532228442	0.536309602
588	0.509249519	0.516153374	0.519234188	0.522967134	0.524923262	0.529051726	0.531203469	0.535299104
589	0.509619831	0.515506577	0.518289869	0.52191569	0.524001771	0.528183528	0.530217625	0.534298828
590	0.506473757	0.514490459	0.517148342	0.520753229	0.522988124	0.527104119	0.529164839	0.533240037
591	0.506581478	0.513781414	0.515807554	0.519904656	0.521881341	0.5260909	0.528260165	0.53219188
592	0.503170268	0.51270251	0.514265429	0.518947466	0.52095525	0.525145545	0.527181137	0.53122521
593	0.50307997	0.511937237	0.514238625	0.517880517	0.519937157	0.524127783	0.526252624	0.530200667
594	0.5063794	0.510801636	0.51229684	0.517135829	0.519104001	0.523179624	0.525258143	0.529188693
595	0.499246982	0.509986344	0.511884539	0.516283854	0.518180017	0.522159164	0.524196985	0.528189948
596	0.502483937	0.508800322	0.511281027	0.515323474	0.51716425	0.521210078	0.52329066	0.527133164
597	0.502233993	0.50794141	0.510484347	0.514253559	0.516338327	0.520334093	0.522207076	0.526162452
598	0.498461886	0.507416656	0.509492519	0.513515697	0.515421843	0.519240738	0.521280818	0.525134187
599	0.498219065	0.505815494	0.508303545	0.512225724	0.514413854	0.518367581	0.520288968	0.52412099
600	0.494454324	0.505260721	0.506915403	0.511270379	0.513313403	0.517423325	0.519344555	0.523123554
601	0.494290715	0.504338182	0.507118426	0.510655815	0.512408447	0.516407223	0.518334474	0.522142578
602	0.497800371	0.503763941	0.505335347	0.50948336	0.511412306	0.515467996	0.517373079	0.521104214
603	0.497825926	0.502821836	0.505158118	0.508654333	0.51061614	0.514457112	0.516345955	0.520157847
604	0.494332504	0.501508158	0.502972074	0.507717638	0.509730108	0.513525003	0.51536879	0.519154644
605	0.494587448	0.500550016	0.502406785	0.506672169	0.508753283	0.51252145	0.514442895	0.518169885
606	0.491325856	0.499954808	0.501649206	0.505979083	0.50768473	0.511598601	0.513451881	0.517127975
607	0.491888076	0.498991731	0.500697398	0.504715221	0.506822055	0.510604542	0.512513454	0.516181868
608	0.488936954	0.498399089	0.499549406	0.503806493	0.505869025	0.509693151	0.511509896	0.515179201
609	0.489886301	0.497438703	0.500071213	0.50325926	0.504824716	0.508710805	0.510560265	0.514197056
610	0.487326261	0.496106904	0.498534638	0.502135497	0.503991635	0.50781312	0.509545504	0.513236193
611	0.488744559	0.495153268	0.496795964	0.50137605	0.503068698	0.50684476	0.508586038	0.512218797
612	0.486658196	0.494585452	0.496750131	0.500510132	0.502054991	0.505804994	0.507683239	0.511223316
613	0.488629257	0.493650346	0.49651761	0.499536669	0.501257963	0.504852068	0.506716032	0.510250528
614	0.487101163	0.493108939	0.494180428	0.498454575	0.500371638	0.50398789	0.505806901	0.509301218
615	0.482039496	0.492200601	0.493559283	0.497747608	0.499395113	0.503053651	0.504833414	0.508295772
616	0.481118711	0.490921707	0.492745774	0.496447543	0.498327475	0.502048636	0.503919439	0.507314478
617	0.484417247	0.490044739	0.491737996	0.495525552	0.497482839	0.501134633	0.502941175	0.506358141
618	0.484229732	0.489577615	0.490534024	0.494988244	0.496548621	0.500150199	0.501897966	0.505427572
619	0.48052212	0.48796065	0.491097231	0.493852074	0.495842299	0.499258912	0.501042387	0.504441335
620	0.481120541	0.487541769	0.489505094	0.493103602	0.494727915	0.498297561	0.500123348	0.503481581
621	0.478206673	0.486757457	0.487710952	0.492249255	0.493843007	0.497431524	0.499140206	0.502465953
622	0.479683298	0.485604143	0.48770811	0.491287984	0.492868313	0.496495814	0.498221033	0.501561198
623	0.477656263	0.484877671	0.487519389	0.490218727	0.492128098	0.495489729	0.497237874	0.500601313
624	0.480105412	0.483782872	0.485127917	0.489548517	0.491299726	0.494581366	0.496320221	0.499585738
625	0.479060356	0.483123479	0.484552005	0.488773443	0.490382326	0.493603042	0.495338718	0.498684054
626	0.474487343	0.482096515	0.483784661	0.487379131	0.489375014	0.492724685	0.494424284	0.497727454
627	0.474482611	0.481513652	0.482824023	0.486904571	0.488276899	0.491776804	0.49344615	0.496715382
628	0.470960144	0.480564062	0.481668209	0.485808679	0.487420856	0.490931165	0.492536675	0.495820282
629	0.472094634	0.479244201	0.482381127	0.485125035	0.486475709	0.490016463	0.491563669	0.494870513
630	0.469722458	0.478377728	0.48083963	0.483812681	0.485777818	0.489032012	0.490660937	0.493865528
631	0.472097155	0.477973138	0.479097284	0.482915827	0.484653592	0.488152356	0.489694859	0.492892716
632	0.470977111	0.477203734	0.479248837	0.482441461	0.483778372	0.487203435	0.488800697	0.491952977
633	0.466328942	0.476066017	0.477109528	0.481332619	0.483156542	0.486361663	0.487843392	0.491047218
634	0.466525235	0.475399817	0.476881061	0.480649583	0.482104044	0.485451135	0.48695967	0.490086959
635	0.463206143	0.4743664	0.476464955	0.479862034	0.481306736	0.484471177	0.486013027	0.489161543
636	0.464824449	0.473813763	0.47585942	0.478968962	0.480421289	0.48360102	0.485141659	0.488181523
637	0.462940982	0.472895093	0.475062644	0.477969349	0.479446849	0.482661966	0.484207608	0.487237225
638	0.466089092	0.471606908	0.474072803	0.476862163	0.478733896	0.481653343	0.483350551	0.486329586
639	0.46574992	0.470809536	0.472888051	0.476194696	0.477580683	0.480757232	0.482431069	0.485367705
640	0.461890536	0.470511867	0.471506527	0.475423105	0.476690828	0.479975816	0.481448553	0.484443393
641	0.463165887	0.468978687	0.472116979	0.474546391	0.476068869	0.478941978	0.480544912	0.483557606
642	0.460936376	0.468822824	0.470347085	0.47356355	0.475002314	0.478023418	0.479578512	0.482617973
643	0.463938826	0.467424553	0.468374803	0.472473564	0.474205575	0.477222354	0.478692769	0.481623971
644	0.454641832	0.466537099	0.468421048	0.471837563	0.473321093	0.476353471	0.477744559	0.480763744
645	0.459445187	0.466169581	0.468282639	0.471097971	0.472348028	0.475416117	0.476878811	0.479850104
646	0.460776774	0.46543817	0.467957849	0.470253808	0.471651348	0.474409632	0.475950909	0.478882533
647	0.458604192	0.464339456	0.465190221	0.469304081	0.470500428	0.473523818	0.475107302	0.477956357
648	0.452894736	0.463771467	0.464476632	0.468247789	0.469627886	0.472760943	0.47420187	0.477072576
649	0.452633718	0.462837809	0.463571294	0.467083921	0.469038407	0.471738473	0.473234021	0.476135337
650	0.457913712	0.461535067	0.462472407	0.46639051	0.467990363	0.470839601	0.472352499	0.475144125
651	0.450624585	0.460774076	0.463476457	0.465593208	0.467227423	0.47006663	0.471408909	0.474294196
652	0.448895436	0.459645727	0.461996116	0.46469104	0.466377449	0.469226508	0.470553542	0.473391315
653	0.45282022	0.459069475	0.460316815	0.46368302	0.46543962	0.468318601	0.469636474	0.472434979
654	0.453265029	0.458127685	0.460767967	0.463158599	0.46441311	0.467342267	0.468809549	0.471524104
655	0.450197773	0.457748468	0.458696478	0.461938802	0.463679607	0.466495207	0.467921309	0.470659733
656	0.452899536	0.457005628	0.458773943	0.461206397	0.462859538	0.465580435	0.466971175	0.469742457
657	0.452110071	0.455895812	0.458667409	0.46036998	0.461952094	0.464797658	0.466113334	0.468771775
658	0.447797312	0.455360186	0.455999762	0.459428583	0.460956459	0.463746557	0.465194005	0.467848688
659	0.449370992	0.454459596	0.455509053	0.458986127	0.460261896	0.463030554	0.46436895	0.466974263
660	0.447443178	0.453190688	0.454829148	0.457834787	0.459481319	0.462044966	0.463482834	0.466047023
661	0.441981842	0.452507828	0.453958309	0.457186287	0.458613931	0.461194896	0.462535083	0.465169551
662	0.442526718	0.451458762	0.452894781	0.456434789	0.457658926	0.46027736	0.461683838	0.464239327
663	0.43956085	0.451006733	0.451636794	0.455579345	0.456615494	0.459498155	0.460771405	0.463359996
664	0.442711372	0.450190704	0.452625749	0.454618998	0.455882493	0.458652278	0.459797214	0.462427989
665	0.442374884	0.44900736	0.450985048	0.453552781	0.455063315	0.457739111	0.458921807	0.461548015
666	0.438519756	0.448433333	0.449144561	0.453005235	0.454157168	0.456758031	0.458147024	0.460615453
667	0.440904861	0.447494298	0.449580025	0.451727375	0.453163251	0.455918951	0.457149277	0.459736085
668	0.439796063	0.447175892	0.447346272	0.45097224	0.452488206	0.455012783	0.456416166	0.458911031
669	0.435161801	0.446494887	0.447407963	0.450113377	0.451727705	0.454251519	0.455458974	0.45792674
670	0.436894002	0.445448005	0.447285883	0.449149839	0.450880967	0.453424016	0.454605008	0.457104758
671	0.435126494	0.444031941	0.446978381	0.448721186	0.449947207	0.452529669	0.453690186	0.456231001
672	0.439840603	0.443250473	0.443948712	0.447548491	0.44892563	0.451567865	0.452880734	0.455304992
673	0.431024192	0.443113986	0.443253724	0.446914839	0.448232724	0.450754781	0.452010951	0.454435764
674	0.428716186	0.441600501	0.44236818	0.4461788	0.44745439	0.449875121	0.451080288	0.453514418
675	0.433020318	0.440734614	0.443860546	0.44533945	0.446589853	0.44892828	0.450257438	0.452651086
676	0.433847812	0.440526852	0.442600597	0.444395858	0.445638334	0.448133611	0.449374254	0.451735784
677	0.431167663	0.439957757	0.441144984	0.443347082	0.445024295	0.447272671	0.448430188	0.450879746
678	0.424948591	0.439024105	0.439491945	0.44285404	0.443898479	0.44634486	0.447596427	0.449971898
679	0.425488919	0.437722643	0.440257205	0.441595177	0.443112606	0.445572732	0.446702352	0.449124581
680	0.43289445	0.437094104	0.438216171	0.440896362	0.442240661	0.444734672	0.445920826	0.448225627
681	0.426429748	0.436100586	0.438613748	0.440094818	0.441281871	0.443830087	0.445079574	0.447388492
682	0.426860129	0.435792212	0.436177823	0.439189627	0.440670822	0.443084755	0.44417806	0.446499902
683	0.423779597	0.435121791	0.436201094	0.438857232	0.439975452	0.442046411	0.443391667	0.445559396
684	0.427716876	0.434086123	0.436040624	0.437745129	0.438755585	0.441396831	0.442368853	0.444682112
685	0.428174201	0.432681976	0.435694795	0.437210234	0.438328741	0.440453062	0.441639393	0.443869276
686	0.425120943	0.431978381	0.432460626	0.435887537	0.43737588	0.439672676	0.440672438	0.443005389
687	0.418526205	0.430909358	0.431727051	0.435146519	0.436335656	0.438826556	0.439823545	0.442089994
688	0.419105457	0.430553501	0.430803092	0.434302643	0.435654968	0.437914117	0.439094738	0.4412405
689	0.416175377	0.429835372	0.432425024	0.433354999	0.434889531	0.43716877	0.438125995	0.440339721
690	0.420545816	0.428751793	0.431127622	0.433002152	0.434038597	0.436123033	0.437277994	0.439506209
691	0.421440072	0.42839576	0.429634846	0.431847451	0.433101412	0.435481632	0.436552785	0.438621648
692	0.418827825	0.427677544	0.427944972	0.431292114	0.432533196	0.434538682	0.435585202	0.437685584
693	0.412678487	0.426593986	0.428843501	0.430635786	0.431423342	0.433767125	0.434741089	0.436818296
694	0.413991857	0.426252604	0.426766924	0.429877586	0.430685146	0.432930184	0.43383717	0.436021064
695	0.411802513	0.425549261	0.427300106	0.429016623	0.42986189	0.432027284	0.433059149	0.435173287
696	0.4172062	0.42448081	0.424830103	0.428051997	0.428952828	0.431057847	0.432222023	0.434274522
697	0.419142556	0.42304408	0.4249915	0.426982803	0.428423729	0.430264202	0.431325272	0.43344737
698	0.417581611	0.422366177	0.424970714	0.426533401	0.42734295	0.429405117	0.430557234	0.432569504
699	0.412493136	0.421323501	0.421904288	0.425255645	0.426644898	0.428725183	0.429730294	0.431764698
700	0.41516592	0.421053055	0.421501927	0.424602432	0.425862328	0.427734645	0.428843939	0.430909466
701	0.414347818	0.420421449	0.420912553	0.423847617	0.424994506	0.426924386	0.428089158	0.430003367
702	0.410008794	0.419425574	0.420134553	0.422990321	0.424040695	0.426048681	0.427083313	0.429171944
703	0.413584135	0.419217323	0.419166305	0.422029658	0.42347951	0.425356676	0.426403078	0.428289957
704	0.413676343	0.417488517	0.418006168	0.42170974	0.422353666	0.424600384	0.425470758	0.427484134
705	0.410255593	0.417716111	0.419590609	0.420543023	0.421623304	0.423779249	0.424673308	0.426628062
706	0.4032918	0.416416942	0.41805473	0.420021924	0.42080834	0.422892713	0.423816939	0.425721306
707	0.404417593	0.415922989	0.416322049	0.41940059	0.419908046	0.421940212	0.422901142	0.424892388
708	0.402039435	0.41506615	0.417367494	0.417919842	0.419411919	0.42117665	0.42212319	0.424013115
709	0.407889536	0.41384333	0.415249376	0.417092098	0.418340979	0.420348321	0.421286605	0.423213214
710	0.398463985	0.413441718	0.415931878	0.416926569	0.417677134	0.41945467	0.420590475	0.4223633
711	0.409168815	0.412678105	0.41342178	0.415895652	0.416929448	0.418754099	0.419636031	0.421462945
712	0.404538979	0.411549417	0.413735084	0.414760141	0.416097207	0.417989434	0.41882286	0.420643692
713	0.396356399	0.411258186	0.410826347	0.414294397	0.415179691	0.417160129	0.417950875	0.419774355
714	0.396604312	0.410605982	0.410764092	0.413729114	0.414176173	0.416265633	0.417222823	0.418987698
715	0.405404538	0.409589754	0.410518132	0.412281425	0.41359163	0.415569048	0.416436799	0.418151326
716	0.398651583	0.408206427	0.410086924	0.411511115	0.412924106	0.4145437	0.41559231	0.417264819
717	0.400493559	0.40767919	0.409468907	0.410638699	0.412172899	0.413717532	0.414688863	0.416462779
718	0.398837866	0.406789092	0.408662511	0.410455667	0.411337306	0.413093559	0.4139329	0.415610988
719	0.393655118	0.406769743	0.407666151	0.409379932	0.410416612	0.412138001	0.413118847	0.414845284
720	0.397234526	0.405150013	0.406478227	0.408998754	0.4094101	0.411385935	0.412246213	0.413893353
721	0.39733086	0.404405393	0.405097127	0.407716283	0.408836242	0.410569611	0.411524244	0.413165406
722	0.393915001	0.403296196	0.406681964	0.407133603	0.408179675	0.409688489	0.410533913	0.412250399
723	0.399430981	0.403077047	0.404923317	0.406450633	0.406915989	0.409015236	0.409695143	0.411423531
724	0.388954821	0.402497805	0.402966666	0.405666538	0.406615647	0.408004103	0.40901027	0.410546894
725	0.387455862	0.401555471	0.404011573	0.404780471	0.405706786	0.40720218	0.408054632	0.40976007
726	0.395061221	0.400247021	0.401667865	0.403791583	0.404712418	0.406612566	0.407253811	0.408923904
727	0.386535127	0.399848306	0.40234958	0.403522748	0.404164722	0.405682259	0.406610167	0.408179242
728	0.387159924	0.399088102	0.399612399	0.402329224	0.402999535	0.404965631	0.405693368	0.407243793
729	0.384277224	0.397963412	0.399924809	0.401861132	0.402284238	0.404185312	0.404934688	0.406542812
730	0.390697789	0.397766168	0.400056962	0.400459574	0.40148525	0.403340775	0.404118251	0.405650231
731	0.39365864	0.39720919	0.396724524	0.399788893	0.400601878	0.402431487	0.403243578	0.404851319
732	0.393131282	0.396289511	0.396478098	0.399017436	0.400177917	0.401741119	0.40253038	0.404003153
733	0.389086989	0.395004141	0.396046853	0.398144372	0.399126042	0.400987413	0.401759917	0.403250399
734	0.381496796	0.394666643	0.395429272	0.398017555	0.398536867	0.400169847	0.400931719	0.402303148
735	0.383437405	0.393968349	0.394623824	0.396942399	0.397865228	0.399287895	0.400045311	0.401598143
736	0.381881526	0.3929063	0.393628967	0.395763124	0.397110451	0.398341028	0.399324278	0.400697838
737	0.37680051	0.392810437	0.392443146	0.395338449	0.396271853	0.397619149	0.398320995	0.399895194
738	0.381432662	0.391017445	0.394444824	0.394815243	0.395348748	0.396833809	0.397710112	0.399043453
739	0.382590317	0.391539583	0.392886601	0.393325906	0.394340443	0.395984491	0.396816039	0.398291167
740	0.380245151	0.390358713	0.391132763	0.392599579	0.393809615	0.39536487	0.396091322	0.39749029
741	0.374368611	0.388810253	0.389181702	0.39177227	0.393196983	0.394387298	0.395309482	0.396640425
742	0.378416212	0.388251754	0.390468409	0.391720957	0.391933754	0.393640914	0.394470055	0.395892085
743	0.378984531	0.387330858	0.388132641	0.390692925	0.391153119	0.392831009	0.393572573	0.394943711
744	0.376045352	0.387416272	0.389059811	0.389561447	0.390861602	0.391957065	0.392848505	0.394249612
745	0.383218515	0.38576737	0.386333124	0.389214576	0.389915064	0.391319121	0.392067438	0.39335469
746	0.373234387	0.385130096	0.386894855	0.388770018	0.388883349	0.390618666	0.391228912	0.392563668
747	0.373416159	0.385518342	0.387278626	0.387330739	0.388345986	0.389855196	0.390332462	0.391723929
748	0.370087457	0.384157947	0.383961226	0.386684734	0.38772695	0.389028203	0.389613564	0.39098996
749	0.377089656	0.383828518	0.383970613	0.385938643	0.387025585	0.388137176	0.388837827	0.390207826
750	0.366711046	0.383138732	0.383797646	0.385091661	0.386241229	0.387488582	0.388004795	0.38937714
751	0.366718377	0.382085694	0.383440868	0.384142978	0.385373216	0.38646925	0.387352968	0.388497513
752	0.37725104	0.380666486	0.382898807	0.384006819	0.384420874	0.385693927	0.386404986	0.387726115
753	0.370263257	0.380300694	0.382169981	0.382856102	0.383383525	0.384855129	0.385639324	0.386906345
754	0.373857086	0.379574353	0.381252896	0.382523836	0.382857869	0.384264544	0.384816568	0.386196725
755	0.373967907	0.378484582	0.380146045	0.381167858	0.382250816	0.383298592	0.384179295	0.385279738
756	0.370567923	0.378468206	0.37884791	0.380636327	0.38156172	0.382582466	0.383242017	0.384473486
757	0.363629112	0.378094149	0.377356959	0.380005864	0.380789928	0.381803475	0.382491364	0.383779625
758	0.367499567	0.377359568	0.379339349	0.379275681	0.379934784	0.380961119	0.381683859	0.382876572
759	0.367889227	0.376261598	0.377473228	0.378444987	0.378995624	0.380373675	0.380819049	0.382086512
760	0.364770461	0.374797349	0.375409719	0.377512986	0.378584077	0.37940442	0.380144665	0.381248123
761	0.358115418	0.374432666	0.376859478	0.376478872	0.377477429	0.378691734	0.379414149	0.380524711
762	0.362501481	0.373707634	0.374411826	0.376295114	0.376902109	0.377916347	0.378627059	0.379753589
763	0.363410811	0.372619405	0.37550414	0.37505828	0.376245184	0.377077766	0.377782948	0.378934383
764	0.36081596	0.372651426	0.372666306	0.374677964	0.375506014	0.376500939	0.377133708	0.378066715
765	0.354689264	0.370834119	0.373395459	0.374200129	0.37468395	0.37553583	0.376175267	0.377316659
766	0.359839692	0.370143148	0.370161307	0.372655214	0.373778341	0.374834175	0.375412902	0.376518779
767	0.361519338	0.370593401	0.37052149	0.371976137	0.372788531	0.374070045	0.374593834	0.375840544
768	0.359700952	0.369179927	0.370702414	0.371197209	0.37234646	0.373242949	0.373974165	0.374946597
769	0.354357072	0.368913892	0.370702684	0.37129823	0.371188862	0.372684591	0.373041426	0.374172949
770	0.360530503	0.368288468	0.370520894	0.370321222	0.370582846	0.37173146	0.372309321	0.373351387
771	0.363241028	0.367300846	0.366292846	0.369242022	0.369895177	0.37104881	0.37152087	0.372652193
772	0.362461611	0.365948193	0.365727437	0.369052282	0.369125218	0.370303969	0.370675635	0.371905755
773	0.358165008	0.365767584	0.364975587	0.367770341	0.36827233	0.369496453	0.370035041	0.37111171
774	0.350323759	0.365228343	0.364035847	0.367384251	0.367335868	0.368625777	0.369338926	0.370269689
775	0.354276561	0.364327683	0.366831032	0.365896416	0.366965893	0.368031862	0.368586863	0.369552807
776	0.354749131	0.363062793	0.36552672	0.365310898	0.365862976	0.36703479	0.36777842	0.368614441
777	0.351714452	0.362994981	0.364030188	0.364626499	0.36533049	0.366316276	0.366913162	0.367976821
778	0.345145298	0.362569497	0.36233994	0.363842455	0.364717106	0.365535432	0.36625789	0.367116988
779	0.350619999	0.361783575	0.360454465	0.362957997	0.364022202	0.365037729	0.365278781	0.366385121
780	0.352626182	0.360634428	0.362374379	0.362996907	0.363245149	0.364132188	0.364510963	0.365605947
781	0.351137078	0.359119247	0.360109969	0.361913394	0.362385317	0.363511619	0.363957268	0.364779105
782	0.346125707	0.358830002	0.361679072	0.360727146	0.361442068	0.362479466	0.363077363	0.364082745
783	0.353412135	0.358181469	0.359029938	0.360474171	0.361086531	0.361734135	0.362412908	0.363160205
784	0.341335977	0.357170888	0.360242771	0.360125081	0.359977222	0.360926408	0.361419201	0.362368875
785	0.341625434	0.357408795	0.357203036	0.358634254	0.359459692	0.360410186	0.360917168	0.361710581
786	0.338406539	0.355672023	0.358054055	0.358086651	0.358861562	0.359477664	0.360085035	0.360824299
787	0.347744087	0.355190645	0.354617749	0.357440695	0.358182218	0.35883853	0.359196157	0.360071798
788	0.337489547	0.354348605	0.355101324	0.356695638	0.357421043	0.358137946	0.358528308	0.359272024
789	0.339860823	0.353143147	0.355406867	0.355850724	0.356577414	0.357375445	0.357805082	0.358608253
790	0.338739758	0.353216102	0.355533031	0.354905193	0.355650704	0.356550559	0.357026062	0.357713603
791	0.33409971	0.352932705	0.351302382	0.354928015	0.35464028	0.355662815	0.356190824	0.356955721
792	0.342314545	0.352290247	0.351049769	0.353783174	0.354241507	0.355076098	0.355581605	0.356336471
793	0.347081324	0.351286001	0.35061358	0.352535425	0.353064514	0.354428458	0.354633792	0.355484547
794	0.331848981	0.349917216	0.349992427	0.352266326	0.352503383	0.353352206	0.353913401	0.354772036
795	0.346165917	0.349857371	0.34918491	0.351901197	0.35186151	0.352948577	0.353137357	0.354012743
796	0.340430836	0.349440246	0.34818962	0.350348656	0.351138288	0.35211541	0.352305245	0.353206317
797	0.331141907	0.348663144	0.347005134	0.349785102	0.350333106	0.351219469	0.351704944	0.352352407
798	0.335048914	0.347523344	0.34991967	0.349123316	0.349445346	0.350633328	0.350760576	0.351640996
799	0.335475228	0.346018108	0.348369101	0.348362558	0.349189582	0.349611902	0.350049458	0.350882905
800	0.332394611	0.345852996	0.346625109	0.347502087	0.348137607	0.348902276	0.34928288	0.350077788
