 TITLE = "RKPR density_T" 

  VARIABLES =T	rho_NIST_0.1Mpa	rho_RKPR_0.1Mpa	rho_NIST_1Mpa	rho_RKPR_1Mpa	rho_NIST_2Mpa	rho_RKPR_2Mpa	rho_NIST_3Mpa	rho_RKPR_3Mpa	rho_NIST_5Mpa	rho_RKPR_5Mpa	rho_NIST_10Mpa	rho_RKPR_10Mpa
300	725.09	736.6133725	725.82	737.2678675	726.63	737.979977	727.43	738.6767692	729.01	740.0266606	732.8	743.1698445
310	717.32	731.6959562	718.1	732.4184325	718.96	733.2036138	719.8	733.9710213	721.47	735.4552865	725.48	738.8994978
320	709.53	726.5586085	710.36	727.3562545	711.27	728.2220612	712.17	729.0672156	713.94	730.6989771	718.18	734.4715454
330	701.72	721.1887754	702.61	722.0696904	703.58	723.0246013	704.53	723.9554771	706.4	725.7493296	710.89	729.8803207
340	693.88	715.5727374	694.82	716.5460781	695.85	717.5996387	696.87	718.6251762	698.86	720.5973879	703.6	725.1199213
350	685.99	709.6954484	686.99	710.771604	688.09	711.9345954	689.17	713.0648466	691.28	715.2335926	696.31	720.1842031
360	678.04	703.540343	679.11	704.7311479	680.28	706.0157898	681.43	707.2620903	683.68	709.6477268	689	715.0667747
370	670.01	697.0891059	671.16	698.4080993	672.42	699.8282935	673.64	701.2034693	676.04	703.8288553	681.68	709.7609938
380	661.91	690.3213928	663.14	691.7841368	664.48	693.3557646	665.79	694.8743787	668.35	697.7652559	674.34	704.259965
390	653.7	683.2144882	655.02	684.8389635	656.46	686.5802489	657.87	688.2589004	660.6	691.4443443	666.97	698.5565404
400	645.38	675.7428843	646.81	677.5499851	648.35	679.4819434	649.86	681.3396309	652.78	684.8525881	659.56	692.6433231
410	636.93	667.8777534	638.47	669.8919147	640.13	672.038911	641.76	674.0974785	644.89	677.9754119	652.11	686.5126755
420	628.32	659.5862821	629.99	661.8362823	631.79	664.2267353	633.54	666.5114223	636.9	670.797089	644.62	680.1567313
430	619.54	650.8308151	621.36	653.3508201	623.31	656.0180966	625.2	658.5582254	628.82	663.3006212	637.06	673.5674153
440	610.56	641.5677411	612.54	644.3986788	614.67	647.3822465	616.72	650.2120872	620.62	655.4676017	629.45	666.7364709
450	4.0508	4.014148206	603.52	634.9374169	605.84	638.2843505	608.07	641.4442223	612.3	647.2780611	621.77	659.6554969
460	3.9401	3.912866989	594.27	624.9176733	596.81	628.6846522	599.25	632.2223432	603.84	638.7102941	614.01	652.3159976
470	3.8369	3.817094546	584.74	614.2813904	587.55	618.5373966	590.22	622.5100177	595.22	629.7406632	606.17	644.7094475
480	3.7403	3.726355378	574.9	602.9593846	578.01	607.7894202	580.96	612.2658641	586.43	620.3433788	598.25	636.8273748
490	3.6495	3.640230585	564.69	590.8679387	568.17	596.3782691	571.43	601.4425271	577.44	610.490253	590.23	628.6614675
500	3.5639	3.558349319	554.05	577.9038818	557.96	584.2296347	561.61	589.9853581	568.24	600.1504261	582.1	620.2037068
510	3.483	3.480381784	542.88	563.9372313	547.34	571.2537727	551.43	577.830687	558.79	589.2900675	573.87	611.4465332
520	3.4063	3.406033464	531.08	548.7997191	536.21	557.3403572	540.86	564.90352	549.07	577.8720556	565.52	602.3830517
530	3.3334	3.335040332	518.49	532.2659496	524.48	542.350836	529.81	551.1144082	539.05	565.855648	557.04	593.0072824
540	3.2641	3.267164838	504.88	514.0203572	512.03	526.1066035	518.22	536.3550959	528.68	553.1961673	548.44	583.3144641
550	3.198	3.202192539	489.92	493.5940552	498.65	508.3697818	505.97	520.4923139	517.94	539.8447459	539.7	573.3014178
560	3.1349	3.139929242	473.03	470.2288911	484.11	488.8099905	492.92	503.3586645	506.75	525.7482141	530.82	562.9669756
570	3.0745	3.080198575	43.456	43.1207129	468	466.942082	478.89	484.738779	495.08	510.8492766	521.79	552.3124806
580	3.0167	3.02283991	40.818	40.98071278	449.68	441.9959973	463.63	464.3474663	482.86	495.0872373	512.62	541.3423571
590	2.9612	2.967706578	38.719	39.1630177	427.97	412.5978367	446.78	441.7936678	470.01	478.3997195	503.3	530.0647455
600	2.908	2.914664329	36.976	37.58488128	400.15	375.7560022	427.82	416.5180807	456.47	460.7261476	493.83	518.4921881
610	2.8568	2.863589994	35.487	36.19217181	355.73	321.2124552	405.91	387.680382	442.14	442.0142621	484.21	506.6423371
620	2.8075	2.814370327	34.189	34.9474098	116.8	117.9381162	379.58	353.9550817	426.96	422.2316829	474.46	494.5386426
630	2.76	2.766900989	33.038	33.82351006	97.814	101.1531059	345.77	313.2604065	410.84	401.3853796	464.58	482.2109558
640	2.7143	2.721085658	32.007	32.80023148	87.804	91.62128515	296.49	263.66779	393.71	379.5521787	454.59	469.695966
650	2.6701	2.676835248	31.073	31.86203332	81.017	84.90650122	221.91	212.5811182	375.5	356.9210464	444.51	457.0373721
660	2.6275	2.634067219	30.219	30.99671511	75.911	79.72790997	172	176.7043296	356.14	333.8387567	434.35	444.2856816
670	2.5862	2.592704966	29.435	30.19451822	71.839	75.52340809	147.22	154.5039753	335.56	310.831906	424.13	431.4975412
680	2.5464	2.552677279	28.708	29.44751209	68.465	71.99344401	131.92	139.5750298	313.7	288.561705	413.87	418.7345383
690	2.5078	2.513917862	28.033	28.74916281	65.593	68.95866298	121.15	128.6470248	290.71	267.6897584	403.61	406.061468
700	2.4704	2.476364901	27.403	28.09402251	63.1	66.30289493	112.98	120.1571212	267.19	248.7087871	393.34	393.5441452
710	2.4342	2.43996068	26.811	27.47750088	60.902	63.94648532	106.46	113.2816082	244.44	231.8436389	383.1	381.246926
720	2.3991	2.404651239	26.255	26.89569395	58.94	61.83240041	101.08	107.5434075	223.96	217.0708149	372.91	369.2301718
730	2.365	2.37038606	25.729	26.34525377	57.17	59.9183868	96.52	102.6447298	206.52	204.2092731	362.77	357.5479248
740	2.3319	2.337117796	25.232	25.82328766	55.561	58.17226564	92.588	98.3885151	192.04	193.0125486	352.71	346.2460412
750	2.2998	2.30480201	24.76	25.32727934	54.086	56.56896549	89.142	94.6381958	180.03	183.2291194	342.74	335.360958
760	2.2686	2.273396956	24.311	24.8550265	52.728	55.08857444	86.084	91.29554078	169.95	174.6315791	332.88	324.9191687
770	2.2382	2.242863369	23.884	24.40459075	51.468	53.71501767	83.341	88.28770677	161.39	167.0261169	323.16	314.9373762
780	2.2087	2.213164279	23.475	23.97425725	50.296	52.43513342	80.859	85.55928787	154.02	160.2522762	313.61	305.4232047
790	2.18	2.184264842	23.084	23.56250171	49.2	51.23801157	78.598	83.0672277	147.59	154.1789138	304.24	296.3763066
800	2.152	2.156132185	22.71	23.16796332	48.172	50.11450973	76.523	80.77744747	141.91	148.699257	295.09	287.789688
810	2.1248	2.128735263	22.35	22.78942226	47.204	49.05689276	74.609	78.66254292	136.86	143.7262648	286.2	279.6510963
820	2.0982	2.102044735	22.005	22.42578103	46.29	48.05855957	72.834	76.70017	132.32	139.1886876	277.59	271.9443515
830	2.0724	2.076032841	21.673	22.07604868	45.425	47.11383311	71.182	74.87188723	128.22	135.0278685	269.29	264.6505417
840	2.0471	2.050673297	21.353	21.73932756	44.604	46.21779676	69.637	73.16230874	124.48	131.1952051	261.34	257.7490423
850	2.0225	2.025941196	21.045	21.41480203	43.823	45.36616525	68.188	71.55847365	121.05	127.6501519	253.73	251.2183475
860	1.9986	2.001812914	20.747	21.10172886	43.078	44.55518192	66.824	70.04936886	117.9	124.3586545	246.5	245.0367205
870	1.9751	1.978266032	20.459	20.79942895	42.367	43.78153588	65.536	68.62556288	114.98	121.2919197	239.63	239.1826833
880	1.9523	1.955279251	20.181	20.50728024	41.688	43.04229479	64.318	67.27892115	112.26	118.4254459	233.12	233.6353691
890	1.9299	1.932832328	19.911	20.22471153	41.036	42.33484984	63.163	66.00238219	109.73	115.7382558	226.97	228.3747631
900	1.9081	1.910906006	19.65	19.95119714	40.411	41.6568703	62.064	64.78977961	107.37	113.2122846	221.17	223.3818553
910	1.8868	1.889481956	19.397	19.68625223	39.811	41.00626573	61.018	63.63569931	105.14	110.8318897	215.69	218.638726
920	1.866	1.868542719	19.152	19.42942875	39.234	40.38115443	60.02	62.53536378	103.05	108.5834558	210.52	214.1285807
930	1.8456	1.848071652	18.914	19.18031182	38.677	39.77983683	59.065	61.48453766	101.07	106.4550738	205.64	209.8357494
940	1.8257	1.828052884	18.682	18.93851655	38.141	39.20077301	58.151	60.47945001	99.205	104.4362788	201.03	205.7456601
950	1.8062	1.808471268	18.457	18.7036853	37.623	38.64256351	57.274	59.51672996	97.432	102.5178354	196.68	201.8447955
960	1.7871	1.789312342	18.238	18.47548513	37.123	38.10393299	56.433	58.59335294	95.747	100.6915592	192.56	198.1206392
970	1.7684	1.770562285	18.025	18.25360567	36.639	37.58371614	55.624	57.70659567	94.142	98.9501697	188.66	194.5616162
980	1.7502	1.752207887	17.818	18.03775707	36.171	37.08084553	54.845	56.85399808	92.611	97.28716641	184.96	191.1570301
990	1.7323	1.734236512	17.616	17.82766834	35.717	36.59434112	54.094	56.03333107	91.149	95.6967256	181.45	187.8970012
1000	1.7148	1.716636066	17.419	17.62308569	35.278	36.12330104	53.369	55.24256895	89.749	94.17361267	178.11	184.7724047
