TITLE = "Trho sat" 

  VARIABLES = T_sat	rho_liq_sat	rho_vap_sat
100	438.89	0.67457
101	437.5	0.74143
102	436.12	0.81329
103	434.72	0.89039
104	433.32	0.97298
105	431.92	1.0613
106	430.5	1.1556
107	429.08	1.2562
108	427.65	1.3633
109	426.22	1.4772
110	424.78	1.5982
111	423.33	1.7266
112	421.87	1.8625
113	420.4	2.0065
114	418.93	2.1586
115	417.45	2.3193
116	415.96	2.4888
117	414.46	2.6675
118	412.95	2.8557
119	411.43	3.0537
120	409.9	3.2619
121	408.36	3.4805
122	406.82	3.7099
123	405.26	3.9506
124	403.69	4.2028
125	402.11	4.4669
126	400.52	4.7434
127	398.92	5.0325
128	397.3	5.3348
129	395.68	5.6506
130	394.04	5.9804
131	392.39	6.3246
132	390.72	6.6837
133	389.04	7.0581
134	387.35	7.4483
135	385.64	7.8549
136	383.92	8.2783
137	382.18	8.7191
138	380.42	9.1779
139	378.65	9.6552
140	376.87	10.152
141	375.06	10.668
142	373.24	11.205
143	371.39	11.763
144	369.53	12.343
145	367.65	12.945
146	365.74	13.571
147	363.82	14.221
148	361.87	14.897
149	359.9	15.599
150	357.9	16.328
151	355.88	17.085
152	353.83	17.871
153	351.75	18.688
154	349.64	19.537
155	347.51	20.419
156	345.34	21.336
157	343.14	22.288
158	340.9	23.279
159	338.63	24.31
160	336.31	25.382
161	333.96	26.498
162	331.57	27.66
163	329.13	28.87
164	326.64	30.132
165	324.1	31.448
166	321.5	32.822
167	318.85	34.257
168	316.14	35.758
169	313.35	37.328
170	310.5	38.974
171	307.57	40.7
172	304.56	42.514
173	301.45	44.422
174	298.25	46.434
175	294.94	48.559
176	291.5	50.808
177	287.93	53.197
178	284.21	55.74
179	280.32	58.458
180	276.23	61.375
181	271.91	64.523
182	267.33	67.94
183	262.43	71.679
184	257.14	75.81
185	251.36	80.435
186	244.93	85.704
187	237.61	91.867
188	228.93	99.377


