TITLE = "Decane T rho" 

  VARIABLES = T	rho_NIST_0.1Mpa	rho_Soave_0.1Mpa	rho_new_0.1Mpa	rho_NIST_1Mpa	rho_Soave_1Mpa	rho_new_1Mpa	rho_NIST_2Mpa	rho_Soave_2Mpa	rho_new_2Mpa	rho_NIST_3Mpa	rho_Soave_3Mpa	rho_new_3Mpa	rho_NIST_5Mpa	rho_Soave_5Mpa	rho_new_5Mpa	rho_NIST_10Mpa	rho_Soave_10Mpa	rho_new_10Mpa
350	685.99	644.8509087	686.7865627	686.99	645.9825904	687.217105	688.09	647.2029004	687.6879491	689.17	648.3862308	688.1510775	691.28	650.6497475	689.0550405	696.31	655.7831883	691.1939932
360	678.04	639.0706435	680.2715929	679.11	640.3185353	680.7834122	680.28	641.6617369	681.3422266	681.43	642.96191	681.890964	683.68	645.4428032	682.9594436	689	651.0414845	685.4745379
370	670.01	633.0244224	673.3605146	671.16	634.4016315	673.9668768	672.42	635.8811	674.6277174	673.64	637.3103809	675.2754435	676.04	640.0303287	676.5333363	681.68	646.1359132	679.4775656
380	661.91	626.6941587	666.0918434	663.14	628.2156993	666.8071213	664.48	629.8466581	667.5851111	665.79	631.4189178	668.3461195	668.35	634.4022287	669.8197513	674.34	641.0606713	673.2479303
390	653.7	620.0596286	658.512174	655.02	621.742792	659.3516681	656.46	623.5426474	660.2627767	657.87	625.2736355	661.1520361	660.6	628.5476527	662.8686505	666.97	635.8097299	666.8360728
400	645.38	613.0980889	650.6721074	646.81	614.9629061	651.6518648	648.35	616.9516618	652.7126846	649.86	618.8593374	653.7455992	652.78	622.4549201	655.7328498	659.56	630.3768357	660.2940098
410	636.93	605.7837971	642.6209824	638.47	607.8536258	643.7576715	640.13	610.0543984	644.9852547	641.76	612.1593362	646.1774831	644.89	616.1114361	648.463046	652.11	624.7555157	653.6706854
420	628.32	598.087404	634.4009527	629.99	600.3896806	635.7118667	631.79	602.8293487	637.1236973	633.54	605.1552398	638.4911028	636.9	609.503597	641.1025376	644.62	618.9390859	647.007275
430	619.54	589.9751705	626.0410973	621.36	592.542388	627.544365	623.31	595.2524184	629.1585449	625.2	597.8266955	630.7173441	628.82	602.6166818	633.6823242	637.06	612.9206649	640.3330778
440	610.56	581.4079439	617.5522494	612.54	584.2789427	619.2673274	614.67	587.2964556	621.1030452	616.72	590.1510802	622.8702157	620.62	595.4347308	626.2172133	629.45	606.693193	633.6625316
450	4.0508	4.010176976	4.051435671	603.52	575.5614968	610.8715662	605.84	578.9306578	612.9499053	608.07	582.1031229	614.9438902	612.3	587.9404065	618.7033674	621.77	600.2494593	626.9936707
460	3.9401	3.908806863	3.944241264	594.27	566.3459471	602.324458	596.81	570.119817	604.6695886	599.25	573.6544398	606.9113264	603.84	580.1148359	611.1174406	614.01	593.582139	620.3080857
470	3.8369	3.812972202	3.843839151	584.74	556.5803078	593.5692546	587.55	560.823344	596.2100614	590.22	564.7729561	598.7243621	595.22	571.9374313	603.4171823	606.17	586.6838411	613.57221
480	3.7403	3.722192357	3.749387392	574.9	546.202477	584.5254047	578.01	550.9939868	587.4976297	580.96	555.4221776	590.3149377	586.43	563.3856872	595.5431783	598.25	579.5471719	606.7396046
490	3.6495	3.636044347	3.660199265	564.69	535.1370912	575.089309	568.17	540.5761147	578.4383558	571.43	545.5602623	581.5969804	577.44	554.4349496	587.4213049	590.23	572.1648161	599.7538632
500	3.5639	3.554154055	3.575711315	554.05	523.2909644	565.1348266	557.96	529.5033727	568.9194918	561.61	535.1388191	572.4684587	568.24	545.0581573	578.9654852	582.1	564.5296394	592.5517989
510	3.483	3.476189055	3.495458482	542.88	510.5462327	554.51278	547.34	517.6953931	558.8103758	551.43	524.1013294	562.8131702	558.79	535.2255527	570.0804204	573.87	556.6348185	585.0666674
520	3.4063	3.401852707	3.41905443	531.08	496.7496012	543.0485777	536.21	505.0530527	547.9622561	540.86	512.3810347	552.5019076	549.07	524.904366	560.6640952	565.52	548.4740023	577.2312943
530	3.3334	3.330879253	3.346175799	518.49	481.6945604	530.5367408	524.48	491.451394	536.2064514	529.81	499.8980541	541.3927108	539.05	514.0584783	550.6099801	557.04	540.0415118	568.9810782
540	3.2641	3.263029732	3.276549512	504.88	465.0899241	516.7303063	512.03	476.7286208	523.3500353	518.22	486.5553579	529.3299155	528.68	502.6480813	539.8089568	548.44	531.3325851	560.256908
550	3.198	3.198088543	3.209942499	489.92	446.4990018	501.3211883	498.65	460.6681092	509.1676796	505.97	472.2329991	516.1416015	517.94	490.6293686	528.1510727	539.7	522.3436736	551.0080718
560	3.1349	3.13586054	3.146153378	473.03	425.2065221	483.9030069	484.11	442.967083	493.3870564	492.92	456.7795961	501.6347751	506.75	477.9543245	515.5272828	530.82	513.0727984	541.1952208
570	3.0745	3.076168563	3.085005754	43.456	42.46538159	46.40776322	468	423.1773913	475.6624296	478.89	439.999323	485.5870598	495.08	464.5707328	501.8313876	521.79	503.5199711	530.7934085
580	3.0167	3.018851332	3.026342858	40.818	40.3472337	43.03888626	449.68	400.5802155	455.5243537	463.63	421.6312364	467.7325809	482.86	450.4226282	486.9624439	512.62	493.6876836	519.7951343
590	2.9612	2.963761636	2.9700233	38.719	38.55277922	40.45859894	427.97	373.8735119	432.27502	446.78	401.3149202	447.737522	470.01	435.4515858	470.8280587	503.3	483.5814661	508.2132044
600	2.908	2.910764771	2.915917765	36.976	36.99753799	38.36891254	400.15	340.1472282	404.7385266	427.82	378.5305417	425.1561117	456.47	419.5995454	453.3492618	493.83	473.2105061	496.0830829
610	2.8568	2.859737192	2.863906481	35.487	35.62671259	36.6180585	355.73	288.6655559	370.5144127	405.91	352.4895817	399.3469166	442.14	402.8143585	434.4682074	484.21	462.5883109	483.4642723
620	2.8075	2.810565335	2.813877329	34.189	34.40259519	35.11692824	116.8	112.1492805	322.4682462	379.58	321.9365608	369.3025027	426.96	385.0600001	414.1609627	474.46	451.7333813	470.4401765
630	2.76	2.763144596	2.765724485	33.038	33.29806146	33.80811198	97.814	96.80328283	111.0662359	345.77	284.9021869	333.2808621	410.84	366.3343203	392.4592161	464.58	440.6698469	457.1159151
640	2.7143	2.717378428	2.719347468	32.007	32.29291375	32.65208181	87.804	87.94097917	93.81491098	296.49	239.8201385	288.0962056	393.71	346.6977085	369.4863641	454.59	429.4279931	443.613741
650	2.6701	2.673177556	2.674650535	31.073	31.37168889	31.62022085	81.017	81.65576871	84.73488829	221.91	194.6681782	230.8443247	375.5	326.3140595	345.5123495	444.51	418.0445887	430.0660848
660	2.6275	2.630459283	2.631542314	30.219	30.52227534	30.69098428	75.911	76.78865556	78.53692341	172	163.6555507	179.8499366	356.14	305.4966059	321.0197868	434.35	406.5629095	416.6067708
670	2.5862	2.58914687	2.589935635	29.435	29.7350039	29.84764163	71.839	72.82554454	73.85685982	147.22	144.2500074	151.3262647	335.56	284.7319792	296.7401905	424.13	395.0323515	403.3614959
680	2.5464	2.549168993	2.549747483	28.708	29.00202902	29.07687924	68.465	69.49075694	70.11830121	131.92	131.0088564	134.5365833	313.7	264.6377777	273.5783352	413.87	383.5075478	390.4390138
690	2.5078	2.51045926	2.510899032	28.033	28.31689535	28.36789908	65.593	66.61852815	67.01957874	121.15	121.2109184	123.1899029	290.71	245.8308307	252.3799213	403.61	372.0469506	377.9244619
700	2.4704	2.472955776	2.473315726	27.403	27.67422647	27.71181731	63.1	64.10114845	64.38171522	112.98	113.5386789	114.7990448	267.19	228.7623872	233.6636037	393.34	360.7109138	365.875849
710	2.4342	2.436600757	2.436927363	26.811	27.06949655	27.10125093	60.902	61.8645778	62.08934928	106.46	107.2880832	108.2189342	244.44	213.6271132	217.5252359	383.1	349.5594009	354.3240239
720	2.3991	2.401340186	2.401668164	26.255	26.49885953	26.53002523	58.94	59.85569189	60.06367203	101.08	102.0467893	102.8424789	223.96	200.3890377	203.7488032	372.91	338.6495286	343.2757196
730	2.365	2.367123497	2.36747681	25.729	25.95901938	25.99296088	57.17	58.03506367	58.24854485	96.52	97.5551358	98.31329657	206.52	188.8719116	191.9813243	362.77	328.0332104	332.7187519
740	2.3319	2.3339033	2.334296427	25.232	25.44712997	25.48571363	55.561	56.37262019	56.60275427	92.588	93.64006913	94.40631725	192.04	178.8455808	181.8576301	352.71	317.7551659	322.6282517
750	2.2998	2.301635127	2.302074521	24.76	24.96071674	25.00464931	54.086	54.84489855	55.09539314	89.142	90.1809558	90.97166005	180.03	170.0799156	173.0578665	342.74	307.8515088	312.9728906
760	2.2686	2.270277202	2.27076285	24.311	24.49761481	24.54674238	52.728	53.43324127	53.70294694	86.084	87.09059907	87.90557813	169.95	162.3694653	165.3226079	332.88	298.349026	303.7203146
770	2.2382	2.239790236	2.240317246	23.884	24.05591949	24.10949024	51.468	52.12256915	52.40736153	83.341	84.30406635	85.13420208	161.39	155.5405766	158.4491259	323.16	289.2651488	294.8413048
780	2.2087	2.210137242	2.210697371	23.475	23.63394625	23.69083829	50.296	50.90052282	51.19470163	80.859	81.77178847	82.60383567	154.02	149.4502657	152.2817256	313.61	280.6085192	286.3124643
790	2.18	2.181283359	2.181866452	23.084	23.23019817	23.28911267	49.2	49.75684734	50.05417975	78.598	79.45512115	80.27483338	147.59	143.9820861	146.7016165	304.24	272.3799912	278.1174583
800	2.152	2.153195701	2.153790955	22.71	22.84333916	22.90295876	48.172	48.68294161	48.97742715	76.523	77.32339034	78.11754937	141.91	139.0414425	141.6181516	295.09	264.5738862	270.2469927
810	2.1248	2.125843215	2.12644026	22.35	22.47217182	22.5312848	47.204	47.67152225	47.95793015	74.609	75.35186634	76.10954773	136.86	134.5513213	136.9617901	286.2	257.1793393	262.6978251
820	2.0982	2.099196551	2.099786306	22.005	22.11561897	22.17321015	46.29	46.71636873	46.99058527	72.834	73.52033886	74.23361912	132.32	130.4487214	132.6786334	277.59	250.1816045	255.4711481
830	2.0724	2.073227944	2.073803243	21.673	21.77270818	21.82801857	45.425	45.81212719	46.07134397	71.182	71.81209203	72.47633759	128.22	126.6817854	128.7262569	269.29	243.5632344	248.5706868
840	2.0471	2.047911107	2.048467099	21.353	21.44255863	21.49511649	44.604	44.95415753	45.19692832	69.637	70.21315243	70.82699519	124.48	123.2075377	125.0705708	261.34	237.3050876	242.0008063
850	2.0225	2.02322113	2.023755454	21.045	21.12437009	21.17399678	43.823	44.13841273	44.36460469	68.188	68.71172768	69.27681078	121.05	119.9901116	121.6834807	253.73	231.3871482	235.7648526
860	1.9986	1.999134389	1.999647154	20.747	20.81741342	20.86420799	43.078	43.36134258	43.57200604	66.824	67.29778075	67.81834342	117.9	116.9993649	118.5411641	246.5	225.789166	229.8638617
870	1.9751	1.975628464	1.976122056	20.459	20.52102241	20.56532917	42.367	42.61981616	42.81699539	65.536	65.96270256	66.44506158	114.98	114.2097939	115.6228187	239.63	220.4911346	224.2956891
880	1.9523	1.952682059	1.953160805	20.181	20.23458686	20.27695018	41.688	41.91105882	42.09756409	64.318	64.6990569	65.1510321	112.26	111.5996787	112.909767	233.12	215.4736332	219.0545452
890	1.9299	1.930274931	1.930744663	19.911	19.95754646	19.99865706	41.036	41.23260059	41.41175943	63.163	63.5003796	63.93070184	109.73	109.1504072	110.3848304	226.97	210.7180579	214.1308807
900	1.9081	1.908387829	1.908855369	19.65	19.68938558	19.73002224	40.411	40.58223347	40.75763669	62.064	62.36101844	62.77875085	107.37	106.845937	108.0319035	221.17	206.2067664	209.5115433
910	1.8868	1.887002424	1.887475045	19.397	19.42962866	19.47059896	39.811	39.95797606	40.13323128	61.018	61.27600463	61.69000071	105.14	104.6723638	105.8356772	215.69	201.9231564	205.1801301
920	1.866	1.866101262	1.866586139	19.152	19.17783622	19.21991942	39.234	39.35804381	39.53654717	60.02	60.24094841	60.65936515	103.05	102.6175735	103.7814728	210.52	197.8516961	201.1174642
930	1.8456	1.845667706	1.846171401	18.914	18.93360129	18.97749605	38.677	38.78082409	38.96555822	59.065	59.25195383	59.68183298	101.07	100.6709599	101.8551581	205.64	193.9779193	197.3021454
940	1.8257	1.825685889	1.826213889	18.682	18.69654637	18.74282532	38.141	38.22485498	38.41821957	58.151	58.30554842	58.7524754	99.205	98.8231942	100.0431258	201.03	190.2883975	193.7111369
950	1.8062	1.806140671	1.806696996	18.457	18.46632063	18.51539354	37.623	37.68880729	37.8924866	57.274	57.39862491	57.86647137	97.432	97.06603552	98.33231685	196.68	186.7706952	190.3203641
960	1.7871	1.787017592	1.787604495	18.238	18.24259752	18.29468399	37.123	37.17146914	37.38633906	56.433	56.52839255	57.01914592	95.747	95.39217398	96.71027968	192.56	183.4133172	187.1053132
970	1.7684	1.76830284	1.768920606	18.025	18.02507255	18.08018495	36.639	36.67173267	36.8978085	55.624	55.69233619	56.20601696	94.142	93.79510072	95.1652526	188.66	180.2056492	184.0416183
980	1.7502	1.74998321	1.750630048	17.818	17.81346144	17.87139804	36.171	36.18858266	36.42500719	54.845	54.88818175	55.4228466	92.611	92.26899895	93.68626227	184.96	177.1378974	181.1056309
990	1.7323	1.732046071	1.732718117	17.616	17.60749832	17.66784649	35.717	35.72108656	35.96615658	54.094	54.11386684	54.66569326	91.149	90.80865256	92.26322851	181.45	174.2010284	178.2749614
1000	1.7148	1.714479337	1.715170742	17.419	17.40693423	17.46908279	35.278	35.26838586	35.51961406	53.369	53.36751571	53.93096107	89.749	89.40936893	90.88706691	178.11	171.3867099	175.5289798
