TITLE = "Decane T rho" 

  VARIABLES = T	Soave_error_01Mpa	new_error_01Mpa	Soave_error_1Mpa	new_error_1Mpa	Soave_error_2Mpa	new_error_2Mpa	Soave_error_3Mpa	new_error_3Mpa	Soave_error_5Mpa	new_error_5Mpa	Soave_error_10Mpa	new_error_10Mpa
350	5.997039508	0.039784582	5.969142144	0.030169057	5.942115066	0.036816155	5.917809716	0.031074572	5.877539131	0.031569018	5.820225436	0.030156401
360	5.747353623	0.051509769	5.712103295	0.032687052	5.676818832	0.03386243	5.645200527	0.030169356	5.592849991	0.031343307	5.509218498	0.031247258
370	5.52015307	0.051779469	5.476841366	0.032229625	5.433940095	0.041959653	5.393031746	0.033369889	5.326559278	0.034892918	5.214189476	0.0336439
380	5.320336798	0.005693527	5.266504909	0.000724398	5.212096966	0.016584286	5.162450953	0.008134027	5.07934036	0.008456568	4.935096346	0.006825298
390	5.146148288	0.069990081	5.080334645	0.027653305	5.014372941	0.018472075	4.954833711	0.019450528	4.852005342	0.021023493	4.671914792	0.021996237
400	5.002000544	0.096861685	4.923716999	0.036453031	4.842806855	0.043877868	4.770360169	0.031670633	4.645528342	0.035543984	4.424641325	0.034877634
410	4.89005116	0.053557642	4.795272163	0.018386768	4.698358397	0.047923447	4.612419566	0.026384217	4.462553903	0.030849369	4.194765351	0.02781645
420	4.811655836	0.068745851	4.698537972	0.013874387	4.583904664	0.030215243	4.480342234	0.00720608	4.301523479	0.009027347	3.983884157	0.007686815
430	4.772061453	0.246859371	4.637828639	0.03935922	4.501384798	0.003024246	4.378327653	0.012598612	4.167061831	0.015327521	3.789177638	0.017545648
440	4.774642312	0.436778851	4.613748864	0.043428893	4.453372447	0.040221363	4.308100889	0.023892719	4.058082107	0.033393104	3.615347849	0.03242057
450	1.002839531	0.148899755	4.632572774	0.016915691	4.441658231	0.069187895	4.270376295	0.024400187	3.978375549	0.035805432	3.461173854	0.032643683
460	0.794221898	0.052823895	4.698883154	0.031111499	4.472140717	0.075256414	4.271265784	0.013153625	3.929048112	0.022871302	3.326959009	0.019319843
470	0.623623189	0.001443469	4.815762933	0.07460453	4.548830903	0.050886378	4.311450629	0.000218341	3.911590448	0.000908448	3.214635983	0.002074419
480	0.484122743	0.023100256	4.991741703	0.085832267	4.673969863	0.001051702	4.395797023	0.00956599	3.929593092	0.022233935	3.126256267	0.023290522
490	0.368698547	0.024527709	5.233474798	0.041115558	4.85662483	0.073376209	4.52719278	0.009793703	3.983972422	0.035959397	3.060702429	0.033950924
500	0.273462934	0.015475334	5.551671437	0.058576859	5.100119598	0.140326293	4.713445432	0.006016563	4.079586573	0.037142815	3.018443672	0.029719819
510	0.195548223	0.003330514	5.955969519	0.18349602	5.416122865	0.174913562	4.9559637	0.000394721	4.217048863	0.023291135	3.003325061	0.015371006
520	0.130560809	0.005301011	6.464261276	0.264369552	5.810586772	0.141631792	5.265496671	0.004454594	4.401193654	0.000918043	3.014216604	0.004949057
530	0.075620896	0.007760069	7.096653676	0.206511742	6.297400477	0.022672708	5.645787348	0.016617364	4.63621588	0.021686922	3.051574066	0.02379013
540	0.032789062	0.008230107	7.881095691	0.102783669	6.894396648	0.173316294	6.110270177	0.035917984	4.923946191	0.039191597	3.119286508	0.031747762
550	0.002768705	0.005024976	8.862875213	0.788210824	7.616943914	0.409279215	6.667786814	0.046718183	5.272933432	0.04223753	3.215921146	0.028877981
560	0.030640207	0.001830592	10.11003062	1.972384485	8.498671166	0.597155549	7.331900489	0.033092225	5.6824224	0.035746492	3.343355865	0.016445696
570	0.054271038	0.002103553	2.279589491	1.239933518	9.577480484	0.623869129	8.12100419	0.012757162	6.162492363	0.0177781	3.501414147	0.00124834
580	0.071314098	0.002678395	1.153330142	0.649297338	10.91882773	0.351776583	9.058681193	0.081482813	6.71775915	0.004274662	3.693245755	0.012476546
590	0.086506693	0.003826223	0.429300292	0.247429635	12.64025239	0.349388384	10.1761672	0.139963769	7.352697645	0.020872883	3.917848982	0.01808586
600	0.095074669	0.000672214	0.058248561	0.01833157	14.99506979	1.491127505	11.52107388	0.127725794	8.077300719	0.028289555	4.175423507	0.014000485
610	0.102814063	0.000771917	0.393700774	0.073187559	18.85262534	1.851720719	13.16065588	0.024873769	8.89438674	0.017079468	4.465353682	0.00198541
620	0.109183808	0.000848563	0.624748279	0.073371022	3.981780406	11.04884519	15.18611076	0.356546793	9.813565645	0.009469461	4.789996773	0.010083326
630	0.113934629	0.000149539	0.787158594	0.023216212	1.03330522	0.217046352	17.60355527	0.702728978	10.8328497	0.049433513	5.146616971	0.018797212
640	0.113415156	0.001766974	0.89328505	0.030677921	0.156005609	1.032924194	19.11358274	0.233426837	11.94084262	0.089363773	5.535099087	0.019226238
650	0.115259966	0.000469578	0.961248971	0.066985168	0.788437866	1.159135341	12.2760677	5.772926983	13.09878574	0.107800489	5.953839352	0.010333678
660	0.112627332	0.000591419	1.003591583	0.07815023	1.15616387	0.891972021	4.851424002	3.201409191	14.22008033	0.078411055	6.397396215	0.002840849
670	0.113945931	0.002951478	1.019208088	0.058965057	1.373271531	0.501452474	2.017383892	0.447488025	15.1472228	0.015772266	6.860549469	0.015130454
680	0.10874147	0.000317125	1.024205868	0.031274998	1.498220908	0.136930225	0.690678926	0.462191042	15.63985411	0.147985837	7.336229303	0.021343106
690	0.106039548	0.00041947	1.012718398	0.001343087	1.563471941	0.118338606	0.050283486	0.60355517	15.43777966	0.243613679	7.820185186	0.023308462
700	0.10345595	0.000936822	0.989769273	0.026356473	1.586606099	0.234940984	0.494493665	0.448801995	14.38212987	0.200252931	8.295389793	0.01387708
710	0.098626129	0.000366886	0.964143622	0.032368305	1.580535612	0.230589312	0.777835084	0.207605386	12.60550107	0.023573929	8.755050666	0.001231851
720	0.093376085	0.001569721	0.928811752	0.028999617	1.553600083	0.149614926	0.956459514	0.001015112	10.52463043	0.140513123	9.187329752	0.009452054
730	0.089788441	0.00058258	0.894008253	0.012644988	1.513142673	0.044874197	1.072457314	0.127383669	8.545462143	0.186598144	9.575430616	0.018465991
740	0.085908479	0.000546775	0.852607679	0.001765893	1.460773186	0.044125236	1.136291016	0.161229681	6.870661967	0.127546223	9.910360959	0.019782619
750	0.079795049	0.000291266	0.810649174	0.013531175	1.403133067	0.090177909	1.16550649	0.127014305	5.526903539	0.033581709	10.17928785	0.015424021
760	0.073931126	0.000809271	0.767614709	0.018323881	1.337508093	0.094327822	1.169321901	0.05934251	4.460449936	0.032994264	10.37340002	0.007392371
770	0.071049792	0.001559066	0.719810306	0.011980812	1.271798297	0.06200273	1.155573308	0.007626789	3.624402658	0.06419239	10.48856641	0.003275154
780	0.065071865	0.00063596	0.677087347	0.006394491	1.201930212	0.017804092	1.128864408	0.051755507	2.966974645	0.062931944	10.52309581	0.014637922
790	0.058869689	0.000742137	0.633331189	0.001204169	1.131803539	0.022135432	1.090512678	0.066721393	2.444551726	0.040120486	10.47199869	0.018178569
800	0.055562329	0.000562097	0.587138528	0.009232015	1.06066099	0.04374713	1.045947413	0.053519054	2.021392069	0.006014177	10.34129038	0.015464655
810	0.049097104	0.001454338	0.546630067	0.008043018	0.990429317	0.044904194	0.995679257	0.025089675	1.686890748	0.015440346	10.13999325	0.009737171
820	0.047495529	0.001272058	0.502699273	0.006900199	0.921081724	0.029833279	0.94233306	0.006026136	1.414206954	0.028726572	9.873696992	0.000839956
830	0.039950996	0.002029863	0.460057104	0.002789149	0.852233769	0.00712926	0.885184503	0.026980247	1.199668189	0.02433972	9.553553995	0.012834641
840	0.039622265	0.001805524	0.419419422	0.002662314	0.785036171	0.012724654	0.827365376	0.034528643	1.022222318	0.016808389	9.196798205	0.016881371
850	0.035655385	0.001932045	0.377144663	0.003720366	0.719742451	0.023245444	0.768064287	0.027712871	0.875579037	0.008978227	8.805758802	0.020826248
860	0.026738182	0.002957565	0.339390841	0.005341592	0.657743122	0.02152499	0.708997894	0.012700229	0.763897432	0.005817819	8.401961038	0.012227731
870	0.026756315	0.001031046	0.303154658	0.00456388	0.596728958	0.012597189	0.651096431	0.003135884	0.669860935	0.012782073	7.986840281	0.001516147
880	0.019569663	0.002220121	0.265531232	0.000455335	0.535067221	0.003203355	0.592457639	0.015885359	0.588207149	0.009746943	7.569649449	0.009052458
890	0.019427497	0.001545211	0.233772583	0.000920485	0.479092962	0.007862903	0.534141187	0.021178316	0.528199033	0.009327741	7.16039216	0.018485009
900	0.015084565	0.001072444	0.20043552	0.002824249	0.42372986	0.012409937	0.478567997	0.016448011	0.48809068	0.012909971	6.765489714	0.023802081
910	0.010728433	0.00050419	0.168214995	0.002716136	0.369184546	0.010265112	0.422833631	0.007182334	0.444774768	0.000222906	6.382699042	0.016323692
920	0.005426701	0.001166231	0.134900875	0.002971839	0.316164068	0.004091443	0.36812464	0.003561765	0.419627893	0.004266465	6.017624872	0.000702282
930	0.003668521	0.000463434	0.103633757	0.001474633	0.268438828	0.00062893	0.316522183	0.013373734	0.394815619	0.01510592	5.671114886	0.018323803
940	0.000772885	0.000899744	0.077863014	0.003748142	0.219855212	0.003792173	0.265770866	0.0165509	0.384865478	0.013916666	5.343283359	0.03286668
950	0.003284767	0.000649049	0.050499171	0.004272973	0.174912399	0.003801658	0.21759421	0.013335589	0.37561015	0.011299977	5.03828797	0.029917587
960	0.004611287	0.000564473	0.025208443	0.003188129	0.130563637	0.00328573	0.169036818	0.001863195	0.370587086	0.00162743	4.750042991	0.011001376
970	0.005494252	0.002216542	0.000402506	0.000384815	0.08933834	0.00142557	0.122853792	0.011179014	0.368485143	0.012299819	4.481263014	0.02266974
980	0.012386611	0.001800007	0.025471782	0.005721278	0.048609832	0.001809117	0.078734168	0.019201073	0.369287723	0.023232966	4.229077941	0.050336582
990	0.014658483	0.000399687	0.048261144	0.004827484	0.011441486	0.000204249	0.036726517	0.012308375	0.373396785	0.016866945	3.995024317	0.039261084
1000	0.01869972	0.000545897	0.069267863	0.006102221	0.027252504	0.005040203	0.00278118	0.022518114	0.378423234	0.032077407	3.774796506	0.066367259
