TITLE = "oxygen alpha prediction exponential Optimal theta 0.1273314 " 

  VARIABLES = Tr	model_uncorrected	model_corrected	bias	upper	lower
0.388098318	1.298761236	0.762556882	-0.536204354	0.818264033	0.706849731
0.390299743	1.297151333	0.763780183	-0.53337115	0.819320633	0.708239734
0.392501169	1.295549423	0.765012194	-0.530537229	0.820392074	0.709632315
0.394702594	1.293955408	0.76625269	-0.527702717	0.821478001	0.71102738
0.396904019	1.292369191	0.767501448	-0.524867743	0.822578059	0.712424837
0.399105444	1.290790678	0.768758246	-0.522032431	0.823691897	0.713824596
0.40130687	1.289219775	0.770022865	-0.51919691	0.824819164	0.715226567
0.403508295	1.287656393	0.771295088	-0.516361305	0.825959511	0.716630664
0.40570972	1.28610044	0.772574697	-0.513525742	0.827112593	0.718036802
0.407911145	1.284551828	0.77386148	-0.510690348	0.828278065	0.719444895
0.410112571	1.283010471	0.775155222	-0.507855249	0.829455584	0.720854861
0.412313996	1.281476284	0.776455714	-0.50502057	0.83064481	0.722266617
0.414515421	1.279949182	0.777762745	-0.502186437	0.831845407	0.723680083
0.416716846	1.278429083	0.779076107	-0.499352975	0.833057037	0.725095178
0.418918271	1.276915906	0.780395595	-0.496520311	0.834279369	0.726511822
0.421119697	1.275409572	0.781721004	-0.493688567	0.835512072	0.727929936
0.423321122	1.273910001	0.78305213	-0.490857871	0.836754819	0.729349442
0.425522547	1.272417117	0.784388772	-0.488028345	0.838007283	0.730770261
0.427723972	1.270930845	0.785730729	-0.485200115	0.839269142	0.732192317
0.429925398	1.269451108	0.787077804	-0.482373305	0.840540077	0.73361553
0.432126823	1.267977835	0.788429797	-0.479548038	0.841819771	0.735039823
0.434328248	1.266510952	0.789786514	-0.476724438	0.84310791	0.736465119
0.436529673	1.265050389	0.791147761	-0.473902628	0.844404182	0.73789134
0.438731098	1.263596076	0.792513344	-0.471082732	0.84570828	0.739318408
0.440932524	1.262147943	0.793883072	-0.468264872	0.847019897	0.740746246
0.443133949	1.260705924	0.795256754	-0.465449171	0.848338733	0.742174775
0.445335374	1.259269952	0.796634202	-0.46263575	0.849664487	0.743603916
0.447536799	1.25783996	0.798015228	-0.459824732	0.850996864	0.745033591
0.449738225	1.256415885	0.799399646	-0.457016239	0.852335572	0.74646372
0.45193965	1.254997662	0.800787271	-0.454210391	0.853680319	0.747894223
0.454141075	1.253585229	0.80217792	-0.451407309	0.85503082	0.74932502
0.4563425	1.252178525	0.803571411	-0.448607114	0.856386792	0.75075603
0.458543926	1.250777489	0.804967563	-0.445809926	0.857747954	0.752187172
0.460745351	1.249382061	0.806366196	-0.443015865	0.859114029	0.753618363
0.462946776	1.247992181	0.807767132	-0.440225049	0.860484744	0.75504952
0.465148201	1.246607793	0.809170194	-0.437437599	0.861859829	0.75648056
0.467349626	1.245228839	0.810575206	-0.434653633	0.863239015	0.757911398
0.469551052	1.243855263	0.811981994	-0.431873269	0.864622039	0.75934195
0.471752477	1.24248701	0.813390385	-0.429096625	0.866008641	0.760772129
0.473953902	1.241124024	0.814800206	-0.426323817	0.867398563	0.76220185
0.476155327	1.239766252	0.816211287	-0.423554964	0.86879155	0.763631024
0.478356753	1.238413641	0.817623459	-0.420790182	0.870187352	0.765059565
0.480558178	1.237066139	0.819036552	-0.418029587	0.871585722	0.766487382
0.482759603	1.235723694	0.8204504	-0.415273294	0.872986413	0.767914387
0.484961028	1.234386256	0.821864838	-0.412521418	0.874389186	0.769340489
0.487162454	1.233053774	0.823279699	-0.409774075	0.875793801	0.770765597
0.489363879	1.2317262	0.824694822	-0.407031379	0.877200025	0.772189618
0.491565304	1.230403485	0.826110043	-0.404293443	0.878607624	0.773612461
0.493766729	1.229085581	0.827525201	-0.40156038	0.880016371	0.775034032
0.495968154	1.227772441	0.828940138	-0.398832303	0.88142604	0.776454236
0.49816958	1.226464018	0.830354693	-0.396109325	0.882836407	0.777872978
0.500371005	1.225160267	0.831768709	-0.393391558	0.884247255	0.779290164
0.50257243	1.223861142	0.833182031	-0.390679111	0.885658365	0.780705696
0.504773855	1.222566599	0.834594502	-0.387972097	0.887069526	0.782119477
0.506975281	1.221276593	0.836005968	-0.385270625	0.888480526	0.783531411
0.509176706	1.219991082	0.837416278	-0.382574804	0.889891158	0.784941398
0.511378131	1.218710023	0.838825279	-0.379884744	0.891301217	0.78634934
0.513579556	1.217433373	0.84023282	-0.377200553	0.892710503	0.787755136
0.515780981	1.216161091	0.841638752	-0.374522339	0.894118815	0.789158688
0.517982407	1.214893136	0.843042926	-0.37185021	0.895525959	0.790559894
0.520183832	1.213629468	0.844445197	-0.369184271	0.896931741	0.791958653
0.522385257	1.212370046	0.845845417	-0.366524629	0.898335971	0.793354863
0.524586682	1.211114831	0.847243442	-0.363871389	0.899738461	0.794748423
0.526788108	1.209863785	0.848639128	-0.361224657	0.901139027	0.796139229
0.528989533	1.208616869	0.850032333	-0.358584536	0.902537487	0.797527179
0.531190958	1.207374045	0.851422914	-0.355951131	0.90393366	0.798912169
0.533392383	1.206135276	0.852810733	-0.353324543	0.905327371	0.800294095
0.535593809	1.204900526	0.854195649	-0.350704876	0.906718446	0.801672853
0.537795234	1.203669757	0.855577526	-0.348092232	0.908106712	0.803048339
0.539996659	1.202442934	0.856956224	-0.34548671	0.909492	0.804420449
0.542198084	1.201220022	0.858331611	-0.342888412	0.910874145	0.805789076
0.544399509	1.200000986	0.859703549	-0.340297437	0.912252981	0.807154117
0.546600935	1.198785791	0.861071906	-0.337713884	0.913628348	0.808515465
0.54880236	1.197574403	0.862436551	-0.335137852	0.915000087	0.809873015
0.551003785	1.196366788	0.86379735	-0.332569438	0.916368039	0.811226661
0.55320521	1.195162915	0.865154175	-0.33000874	0.917732052	0.812576298
0.555406636	1.193962749	0.866506896	-0.327455853	0.919091973	0.81392182
0.557608061	1.192766258	0.867855386	-0.324910872	0.920447651	0.815263121
0.559809486	1.191573411	0.869199518	-0.322373894	0.92179894	0.816600095
0.562010911	1.190384177	0.870539165	-0.319845011	0.923145695	0.817932636
0.564212337	1.189198523	0.871874205	-0.317324318	0.924487772	0.819260638
0.566413762	1.188016419	0.873204513	-0.314811906	0.92582503	0.820583996
0.568615187	1.186837836	0.874529967	-0.312307869	0.927157331	0.821902603
0.570816612	1.185662742	0.875850446	-0.309812296	0.928484537	0.823216356
0.573018037	1.184491109	0.877165831	-0.307325278	0.929806515	0.824525147
0.575219463	1.183322907	0.878476002	-0.304846905	0.931123132	0.825828871
0.577420888	1.182158108	0.879780842	-0.302377266	0.932434258	0.827127425
0.579622313	1.180996683	0.881080233	-0.299916449	0.933739764	0.828420703
0.581823738	1.179838603	0.882374062	-0.297464541	0.935039524	0.8297086
0.584025164	1.178683841	0.883662213	-0.295021628	0.936333413	0.830991013
0.586226589	1.17753237	0.884944573	-0.292587797	0.937621309	0.832267837
0.588428014	1.176384162	0.88622103	-0.290163132	0.938903092	0.833538969
0.590629439	1.175239191	0.887491474	-0.287747717	0.940178642	0.834804306
0.592830864	1.17409743	0.888755794	-0.285341636	0.941447843	0.836063745
0.59503229	1.172958853	0.890013882	-0.282944971	0.94271058	0.837317184
0.597233715	1.171823434	0.89126563	-0.280557804	0.943966739	0.83856452
0.59943514	1.170691148	0.892510932	-0.278180216	0.94521621	0.839805653
0.601636565	1.169561969	0.893749682	-0.275812286	0.946458883	0.841040482
0.603837991	1.168435872	0.894981778	-0.273454095	0.94769465	0.842268905
0.606039416	1.167312833	0.896207114	-0.271105719	0.948923405	0.843490824
0.608240841	1.166192828	0.89742559	-0.268767238	0.950145042	0.844706138
0.610442266	1.165075832	0.898637105	-0.266438727	0.951359461	0.845914749
0.612643692	1.163961822	0.89984156	-0.264120262	0.952566559	0.84711656
0.614845117	1.162850774	0.901038855	-0.261811919	0.953766238	0.848311471
0.617046542	1.161742664	0.902228893	-0.259513771	0.954958399	0.849499387
0.619247967	1.160637471	0.903411579	-0.257225892	0.956142946	0.850680212
0.621449392	1.15953517	0.904586817	-0.254948353	0.957319785	0.851853849
0.623650818	1.158435741	0.905754513	-0.252681227	0.958488822	0.853020204
0.625852243	1.15733916	0.906914575	-0.250424584	0.959649967	0.854179184
0.628053668	1.156245405	0.908066911	-0.248178494	0.960803128	0.855330693
0.630255093	1.155154456	0.90921143	-0.245943026	0.961948218	0.856474641
0.632456519	1.15406629	0.910348043	-0.243718247	0.96308515	0.857610935
0.634657944	1.152980886	0.911476661	-0.241504225	0.964213839	0.858739484
0.636859369	1.151898224	0.912597199	-0.239301025	0.965334199	0.859860198
0.639060794	1.150818282	0.913709568	-0.237108714	0.966446149	0.860972988
0.64126222	1.149741041	0.914813686	-0.234927355	0.967549607	0.862077765
0.643463645	1.148666479	0.915909468	-0.232757011	0.968644495	0.863174442
0.64566507	1.147594578	0.916996832	-0.230597746	0.969730732	0.864262931
0.647866495	1.146525316	0.918075695	-0.228449621	0.970808243	0.865343148
0.65006792	1.145458675	0.919145979	-0.226312696	0.971876952	0.866415006
0.652269346	1.144394635	0.920207603	-0.224187032	0.972936784	0.867478423
0.654470771	1.143333178	0.921260491	-0.222072687	0.973987667	0.868533315
0.656672196	1.142274283	0.922304564	-0.219969719	0.975029528	0.869579599
0.658873621	1.141217932	0.923339747	-0.217878185	0.976062299	0.870617196
0.661075047	1.140164107	0.924365967	-0.215798141	0.977085909	0.871646024
0.663276472	1.13911279	0.925383148	-0.213729642	0.978100291	0.872666005
0.665477897	1.138063961	0.92639122	-0.211672742	0.979105379	0.87367706
0.667679322	1.137017604	0.92739011	-0.209627494	0.980101107	0.874679113
0.669880748	1.135973701	0.928379749	-0.207593952	0.981087412	0.875672087
0.672082173	1.134932234	0.929360068	-0.205572165	0.98206423	0.876655907
0.674283598	1.133893185	0.930331	-0.203562185	0.983031501	0.877630499
0.676485023	1.132856538	0.931292477	-0.201564061	0.983989164	0.87859579
0.678686448	1.131822275	0.932244434	-0.199577841	0.984937159	0.87955171
0.680887874	1.13079038	0.933186808	-0.197603572	0.98587543	0.880498185
0.683089299	1.129760836	0.934119534	-0.195641302	0.986803919	0.881435148
0.685290724	1.128733626	0.93504255	-0.193691076	0.987722571	0.88236253
0.687492149	1.127708735	0.935955797	-0.191752938	0.988631331	0.883280262
0.689693575	1.126686145	0.936859213	-0.189826932	0.989530147	0.88418828
0.691895	1.125665842	0.937752741	-0.187913101	0.990418966	0.885086517
0.694096425	1.124647809	0.938636323	-0.186011486	0.991297737	0.885974909
0.69629785	1.123632031	0.939509902	-0.184122129	0.99216641	0.886853394
0.698499275	1.122618492	0.940373424	-0.182245068	0.993024937	0.887721911
0.700700701	1.121607177	0.941226834	-0.180380344	0.99387327	0.888580397
0.702902126	1.120598071	0.942070079	-0.178527993	0.994711362	0.889428795
0.705103551	1.119591159	0.942903107	-0.176688052	0.995539169	0.890267045
0.707304976	1.118586426	0.943725868	-0.174860558	0.996356645	0.891095091
0.709506402	1.117583857	0.944538312	-0.173045544	0.997163748	0.891912876
0.711707827	1.116583437	0.945340391	-0.171243047	0.997960435	0.892720347
0.713909252	1.115585154	0.946132057	-0.169453097	0.998746665	0.893517449
0.716110677	1.114588991	0.946913264	-0.167675727	0.999522398	0.89430413
0.718312103	1.113594935	0.947683967	-0.165910968	1.000287595	0.89508034
0.720513528	1.112602973	0.948444122	-0.16415885	1.001042217	0.895846027
0.722714953	1.111613089	0.949193687	-0.162419403	1.001786228	0.896601145
0.724916378	1.110625272	0.949932618	-0.160692653	1.002519592	0.897345644
0.727117803	1.109639506	0.950660877	-0.158978629	1.003242274	0.898079479
0.729319229	1.108655779	0.951378423	-0.157277356	1.00395424	0.898802605
0.731520654	1.107674077	0.952085217	-0.15558886	1.004655457	0.899514978
0.733722079	1.106694388	0.952781224	-0.153913164	1.005345893	0.900216555
0.735923504	1.105716698	0.953466405	-0.152250292	1.006025516	0.900907295
0.73812493	1.104740994	0.954140728	-0.150600266	1.006694298	0.901587157
0.740326355	1.103767264	0.954804156	-0.148963107	1.007352209	0.902256104
0.74252778	1.102795494	0.955456659	-0.147338836	1.00799922	0.902914097
0.744729205	1.101825673	0.956098203	-0.145727471	1.008635306	0.903561099
0.746930631	1.100857789	0.956728758	-0.144129031	1.009260439	0.904197076
0.749132056	1.099891828	0.957348294	-0.142543533	1.009874595	0.904821994
0.751333481	1.098927778	0.957956784	-0.140970994	1.01047775	0.905435818
0.753534906	1.097965629	0.9585542	-0.139411429	1.01106988	0.906038519
0.755736331	1.097005367	0.959140515	-0.137864852	1.011650963	0.906630066
0.757937757	1.096046981	0.959715704	-0.136331277	1.012220978	0.90721043
0.760139182	1.095090459	0.960279743	-0.134810716	1.012779905	0.907779582
0.762340607	1.09413579	0.960832609	-0.13330318	1.013327723	0.908337496
0.764542032	1.093182962	0.961374281	-0.131808681	1.013864415	0.908884147
0.766743458	1.092231964	0.961904736	-0.130327227	1.014389963	0.90941951
0.768944883	1.091282784	0.962423956	-0.128858828	1.01490435	0.909943562
0.771146308	1.090335412	0.962931921	-0.127403491	1.01540756	0.910456282
0.773347733	1.089389837	0.963428615	-0.125961222	1.01589958	0.910957649
0.775549158	1.088446047	0.963914019	-0.124532028	1.016380394	0.911447644
0.777750584	1.087504031	0.964388119	-0.123115912	1.01684999	0.911926248
0.779952009	1.08656378	0.9648509	-0.121712879	1.017308356	0.912393445
0.782153434	1.085625282	0.965302349	-0.120322933	1.01775548	0.912849218
0.784354859	1.084688527	0.965742453	-0.118946073	1.018191353	0.913293554
0.786556285	1.083753504	0.966171202	-0.117582302	1.018615965	0.913726438
0.78875771	1.082820203	0.966588583	-0.11623162	1.019029307	0.914147859
0.790959135	1.081888614	0.966994589	-0.114894025	1.019431373	0.914557805
0.79316056	1.080958727	0.967389211	-0.113569516	1.019822154	0.914956267
0.795361986	1.080030532	0.967772441	-0.11225809	1.020201647	0.915343236
0.797563411	1.079104018	0.968144274	-0.110959743	1.020569844	0.915718704
0.799764836	1.078179176	0.968504705	-0.109674471	1.020926744	0.916082666
0.801966261	1.077255996	0.968853728	-0.108402267	1.021272342	0.916435115
0.804167686	1.076334468	0.969191342	-0.107143126	1.021606636	0.916776048
0.806369112	1.075414584	0.969517544	-0.10589704	1.021929625	0.917105462
0.808570537	1.074496332	0.969832332	-0.104664001	1.022241308	0.917423356
0.810771962	1.073579705	0.970135707	-0.103443998	1.022541686	0.917729728
0.812973387	1.072664692	0.970427669	-0.102237023	1.022830759	0.918024579
0.815174813	1.071751284	0.970708221	-0.101043063	1.023108531	0.91830791
0.817376238	1.070839473	0.970977365	-0.099862108	1.023375004	0.918579725
0.819577663	1.069929248	0.971235104	-0.098694144	1.023630181	0.918840027
0.821779088	1.069020602	0.971481445	-0.097539157	1.023874068	0.919088822
0.823980514	1.068113524	0.971716392	-0.096397132	1.02410667	0.919326114
0.826181939	1.067208007	0.971939953	-0.095268055	1.024327994	0.919551912
0.828383364	1.066304042	0.972152134	-0.094151908	1.024538045	0.919766223
0.830584789	1.065401619	0.972352945	-0.093048674	1.024736834	0.919969056
0.832786214	1.064500731	0.972542396	-0.091958335	1.024924368	0.920160423
0.83498764	1.063601368	0.972720496	-0.090880872	1.025100658	0.920340334
0.837189065	1.062703523	0.972887258	-0.089816265	1.025265714	0.920508802
0.83939049	1.061807186	0.973042693	-0.088764493	1.025419547	0.92066584
0.841591915	1.06091235	0.973186816	-0.087725534	1.02556217	0.920811462
0.843793341	1.060019006	0.97331964	-0.086699366	1.025693596	0.920945685
0.845994766	1.059127147	0.973441181	-0.085685965	1.025813839	0.921068524
0.848196191	1.058236763	0.973551456	-0.084685307	1.025922913	0.921179998
0.850397616	1.057347847	0.97365048	-0.083697368	1.026020835	0.921280124
0.852599041	1.056460392	0.973738272	-0.08272212	1.026107621	0.921368922
0.854800467	1.055574389	0.973814851	-0.081759538	1.026183288	0.921446413
0.857001892	1.05468983	0.973880236	-0.080809594	1.026247854	0.921512618
0.859203317	1.053806707	0.973934449	-0.079872258	1.026301338	0.92156756
0.861404742	1.052925014	0.973977511	-0.078947503	1.02634376	0.921611261
0.863606168	1.052044742	0.974009444	-0.078035298	1.02637514	0.921643747
0.865807593	1.051165884	0.974030271	-0.077135613	1.0263955	0.921665042
0.868009018	1.050288432	0.974040018	-0.076248414	1.026404862	0.921675173
0.870210443	1.049412379	0.974038708	-0.075373671	1.026403249	0.921674167
0.872411869	1.048537717	0.974026367	-0.07451135	1.026390684	0.921662051
0.874613294	1.04766444	0.974003023	-0.073661417	1.026367192	0.921638855
0.876814719	1.04679254	0.973968703	-0.072823837	1.026332798	0.921604608
0.879016144	1.045922009	0.973923435	-0.071998574	1.02628753	0.921559341
0.881217569	1.045052841	0.973867249	-0.071185592	1.026231412	0.921503086
0.883418995	1.044185029	0.973800174	-0.070384855	1.026164474	0.921435875
0.88562042	1.043318566	0.973722242	-0.069596324	1.026086743	0.921357741
0.887821845	1.042453444	0.973633484	-0.06881996	1.025998249	0.921268718
0.89002327	1.041589657	0.973533932	-0.068055725	1.025899022	0.921168842
0.892224696	1.040727198	0.97342362	-0.067303578	1.025789093	0.921058148
0.894426121	1.03986606	0.973302583	-0.066563478	1.025668493	0.920936672
0.896627546	1.039006237	0.973170853	-0.065835384	1.025537255	0.920804452
0.898828971	1.038147722	0.973028469	-0.065119253	1.025395411	0.920661526
0.901030397	1.037290508	0.972875465	-0.064415043	1.025242996	0.920507934
0.903231822	1.036434588	0.972711879	-0.06372271	1.025080044	0.920343714
0.905433247	1.035579958	0.972537749	-0.063042209	1.02490659	0.920168907
0.907634672	1.034726608	0.972353113	-0.062373495	1.02472267	0.919983555
0.909836097	1.033874535	0.972158011	-0.061716524	1.024528322	0.9197877
0.912037523	1.03302373	0.971952483	-0.061071247	1.024323583	0.919581384
0.914238948	1.032174188	0.97173657	-0.060437618	1.02410849	0.91936465
0.916440373	1.031325903	0.971510314	-0.05981559	1.023883084	0.919137543
0.918641798	1.030478869	0.971273756	-0.059205113	1.023647403	0.918900108
0.920843224	1.029633078	0.97102694	-0.058606138	1.023401489	0.918652391
0.923044649	1.028788526	0.970769909	-0.058018617	1.023145381	0.918394437
0.925246074	1.027945206	0.970502708	-0.057442498	1.022879123	0.918126293
0.927447499	1.027103112	0.970225382	-0.05687773	1.022602756	0.917848008
0.929648924	1.026262239	0.969937977	-0.056324262	1.022316324	0.917559629
0.93185035	1.02542258	0.969640538	-0.055782042	1.022019871	0.917261205
0.934051775	1.02458413	0.969333114	-0.055251016	1.021713441	0.916952787
0.9362532	1.023746882	0.969015751	-0.054731131	1.021397079	0.916634423
0.938454625	1.022910831	0.968688499	-0.054222332	1.021070832	0.916306166
0.940656051	1.022075972	0.968351406	-0.053724566	1.020734746	0.915968066
0.942857476	1.021242299	0.968004522	-0.053237777	1.020388868	0.915620175
0.945058901	1.020409805	0.967647897	-0.052761909	1.020033247	0.915262547
0.947260326	1.019578486	0.967281581	-0.052296905	1.01966793	0.914895233
0.949461752	1.018748336	0.966905628	-0.051842709	1.019292967	0.914518289
0.951663177	1.01791935	0.966520088	-0.051399262	1.018908407	0.914131768
0.953864602	1.017091522	0.966125014	-0.050966508	1.018514302	0.913735725
0.956066027	1.016264846	0.965720459	-0.050544387	1.018110703	0.913330216
0.958267452	1.015439318	0.965306478	-0.05013284	1.01769766	0.912915297
0.960468878	1.014614932	0.964883125	-0.049731807	1.017275226	0.912491024
0.962670303	1.013791683	0.964450454	-0.049341228	1.016843455	0.912057454
0.964871728	1.012969565	0.964008522	-0.048961043	1.0164024	0.911614645
0.967073153	1.012148574	0.963557384	-0.048591189	1.015952114	0.911162654
0.969274579	1.011328703	0.963097097	-0.048231606	1.015492653	0.910701541
0.971476004	1.010509949	0.962627718	-0.047882232	1.015024071	0.910231365
0.973677429	1.009692307	0.962149305	-0.047543002	1.014546425	0.909752184
0.975878854	1.00887577	0.961661915	-0.047213855	1.014059771	0.909264059
0.97808028	1.008060334	0.961165608	-0.046894726	1.013564166	0.90876705
0.980281705	1.007245995	0.960660443	-0.046585552	1.013059668	0.908261218
0.98248313	1.006432746	0.960146479	-0.046286268	1.012546333	0.907746624
0.984684555	1.005620584	0.959623776	-0.045996808	1.012024222	0.90722333
0.98688598	1.004809504	0.959092396	-0.045717108	1.011493393	0.906691398
0.989087406	1.0039995	0.958552398	-0.045447102	1.010953906	0.906150891
0.991288831	1.003190568	0.958003845	-0.045186723	1.01040582	0.905601871
0.993490256	1.002382704	0.957446799	-0.044935905	1.009849197	0.905044401
0.995691681	1.001575902	0.956881322	-0.04469458	1.009284097	0.904478547
0.997893107	1.000770158	0.956307477	-0.044462681	1.008710583	0.903904371
1.000094532	0.999965467	0.955725326	-0.044240141	1.008128716	0.903321937
1.002295957	0.999161825	0.955134935	-0.04402689	1.007538558	0.902731312
1.004497382	0.998359227	0.954536366	-0.043822861	1.006940173	0.902132559
1.006698807	0.997557669	0.953929685	-0.043627984	1.006333625	0.901525745
1.008900233	0.996757146	0.953314956	-0.04344219	1.005718977	0.900910935
1.011101658	0.995957654	0.952692244	-0.04326541	1.005096293	0.900288195
1.013303083	0.995159188	0.952061615	-0.043097573	1.004465638	0.899657592
1.015504508	0.994361743	0.951423135	-0.042938608	1.003827078	0.899019192
1.017705934	0.993565317	0.95077687	-0.042788446	1.003180678	0.898373063
1.019907359	0.992769904	0.950122888	-0.042647016	1.002526505	0.897719271
1.022108784	0.991975499	0.949461254	-0.042514245	1.001864623	0.897057885
1.024310209	0.9911821	0.948792037	-0.042390063	1.001195101	0.896388972
1.026511635	0.990389701	0.948115303	-0.042274397	1.000518006	0.895712601
1.02871306	0.989598298	0.947431122	-0.042167176	0.999833404	0.895028839
1.030914485	0.988807887	0.946739561	-0.042068327	0.999141365	0.894337756
1.03311591	0.988018465	0.946040688	-0.041977777	0.998441956	0.893639421
1.035317335	0.987230026	0.945334573	-0.041895453	0.997735245	0.892933902
1.037518761	0.986442568	0.944621285	-0.041821282	0.997021303	0.892221268
1.039720186	0.985656085	0.943900894	-0.041755191	0.996300197	0.89150159
1.041921611	0.984870574	0.943173468	-0.041697106	0.995571998	0.890774938
1.044123036	0.98408603	0.942439078	-0.041646953	0.994836776	0.89004138
1.046324462	0.983302451	0.941697794	-0.041604658	0.9940946	0.889300988
1.048525887	0.982519832	0.940949686	-0.041570146	0.993345541	0.888553831
1.050727312	0.981738169	0.940194825	-0.041543343	0.99258967	0.88779998
1.052928737	0.980957458	0.939433282	-0.041524175	0.991827058	0.887039506
1.055130163	0.980177695	0.938665128	-0.041512567	0.991057776	0.88627248
1.057331588	0.979398877	0.937890435	-0.041508442	0.990281896	0.885498973
1.059533013	0.978621	0.937109273	-0.041511727	0.98949949	0.884719056
1.061734438	0.977844059	0.936321714	-0.041522345	0.988710629	0.883932799
1.063935863	0.977068053	0.935527831	-0.041540222	0.987915386	0.883140275
1.066137289	0.976292975	0.934727694	-0.041565281	0.987113833	0.882341556
1.068338714	0.975518824	0.933921377	-0.041597447	0.986306043	0.881536712
1.070540139	0.974745595	0.933108952	-0.041636643	0.985492088	0.880725815
1.072741564	0.973973285	0.932290491	-0.041682794	0.984672043	0.879908939
1.07494299	0.973201889	0.931466066	-0.041735823	0.983845979	0.879086153
1.077144415	0.972431406	0.930635751	-0.041795655	0.983013971	0.878257531
1.07934584	0.97166183	0.929799618	-0.041862212	0.982176092	0.877423145
1.081547265	0.970893159	0.928957741	-0.041935418	0.981332415	0.876583066
1.08374869	0.970125388	0.928110191	-0.042015197	0.980483015	0.875737368
1.085950116	0.969358515	0.927257044	-0.042101472	0.979627965	0.874886122
1.088151541	0.968592536	0.92639837	-0.042194166	0.97876734	0.874029401
1.090352966	0.967827448	0.925534245	-0.042293203	0.977901214	0.873167277
1.092554391	0.967063247	0.924664742	-0.042398505	0.977029661	0.872299823
1.094755817	0.96629993	0.923789933	-0.042509997	0.976152755	0.871427111
1.096957242	0.965537493	0.922909893	-0.0426276	0.975270571	0.870549214
1.099158667	0.964775934	0.922024694	-0.042751239	0.974383184	0.869666204
1.101360092	0.964015248	0.921134411	-0.042880836	0.973490668	0.868778155
1.103561518	0.963255433	0.920239118	-0.043016315	0.972593098	0.867885138
1.105762943	0.962496485	0.919338887	-0.043157598	0.971690549	0.866987226
1.107964368	0.961738401	0.918433793	-0.043304608	0.970783095	0.866084491
1.110165793	0.960981178	0.917523909	-0.043457269	0.969870811	0.865177007
1.112367218	0.960224813	0.916609309	-0.043615504	0.968953772	0.864264846
1.114568644	0.959469302	0.915690066	-0.043779236	0.968032053	0.863348079
1.116770069	0.958714643	0.914766255	-0.043948388	0.967105729	0.862426781
1.118971494	0.957960832	0.913837948	-0.044122884	0.966174874	0.861501022
1.121172919	0.957207866	0.91290522	-0.044302646	0.965239564	0.860570876
1.123374345	0.956455742	0.911968144	-0.044487598	0.964299873	0.859636415
1.12557577	0.955704457	0.911026794	-0.044677664	0.963355876	0.858697711
1.127777195	0.954954008	0.910081242	-0.044872766	0.962407648	0.857754836
1.12997862	0.954204392	0.909131563	-0.04507283	0.961455263	0.856807862
1.132180046	0.953455606	0.908177829	-0.045277777	0.960498796	0.855856862
1.134381471	0.952707647	0.907220114	-0.045487533	0.959538322	0.854901907
1.136582896	0.951960512	0.906258492	-0.04570202	0.958573915	0.853943069
1.138784321	0.951214198	0.905293034	-0.045921164	0.957605649	0.85298042
1.140985746	0.950468702	0.904323815	-0.046144887	0.956633598	0.852014032
1.143187172	0.949724021	0.903350907	-0.046373114	0.955657838	0.851043976
1.145388597	0.948980153	0.902374382	-0.046605771	0.954678441	0.850070323
1.147590022	0.948237094	0.901394314	-0.04684278	0.953695483	0.849093145
1.149791447	0.947494842	0.900410775	-0.047084067	0.952709036	0.848112513
1.151992873	0.946753393	0.899423836	-0.047329557	0.951719174	0.847128499
1.154194298	0.946012746	0.898433572	-0.047579174	0.950725971	0.846141172
1.156395723	0.945272897	0.897440053	-0.047832844	0.949729501	0.845150604
1.158597148	0.944533843	0.896443351	-0.048090492	0.948729836	0.844156865
1.160798573	0.943795582	0.895443538	-0.048352044	0.94772705	0.843160027
1.162999999	0.943058111	0.894440686	-0.048617425	0.946721215	0.842160158
1.165201424	0.942321427	0.893434867	-0.048886561	0.945712405	0.841157329
1.167402849	0.941585528	0.89242615	-0.049159378	0.944700691	0.84015161
1.169604274	0.940850411	0.891414608	-0.049435803	0.943686146	0.839143071
1.1718057	0.940116073	0.890400312	-0.049715762	0.942668842	0.838131782
1.174007125	0.939382512	0.889383331	-0.049999181	0.941648851	0.837117811
1.17620855	0.938649725	0.888363736	-0.050285989	0.940626244	0.836101228
1.178409975	0.937917709	0.887341598	-0.050576111	0.939601093	0.835082102
1.180611401	0.937186462	0.886316986	-0.050869476	0.93857347	0.834060501
1.182812826	0.936455981	0.88528997	-0.051166011	0.937543445	0.833036495
1.185014251	0.935726264	0.88426062	-0.051465644	0.936511088	0.832010151
1.187215676	0.934997308	0.883229004	-0.051768304	0.935476471	0.830981538
1.189417101	0.93426911	0.882195193	-0.052073918	0.934439662	0.829950723
1.191618527	0.933541669	0.881159254	-0.052382416	0.933400733	0.828917774
1.193819952	0.932814982	0.880121256	-0.052693726	0.932359753	0.827882758
1.196021377	0.932089045	0.879081267	-0.053007778	0.931316791	0.826845743
1.198222802	0.931363857	0.878039355	-0.053324502	0.930271915	0.825806796
1.200424228	0.930639416	0.876995589	-0.053643827	0.929225195	0.824765982
1.202625653	0.929915718	0.875950034	-0.053965684	0.9281767	0.823723368
1.204827078	0.929192762	0.874902759	-0.054290003	0.927126496	0.822679021
1.207028503	0.928470544	0.87385383	-0.054616715	0.926074653	0.821633007
1.209229929	0.927749064	0.872803313	-0.054945751	0.925021236	0.820585389
1.211431354	0.927028318	0.871751275	-0.055277043	0.923966314	0.819536235
1.213632779	0.926308303	0.870697781	-0.055610522	0.922909953	0.818485609
1.215834204	0.925589018	0.869642897	-0.055946121	0.92185222	0.817433575
1.218035629	0.924870461	0.868586689	-0.056283772	0.920793179	0.816380199
1.220237055	0.924152629	0.867529221	-0.056623408	0.919732899	0.815325543
1.22243848	0.923435519	0.866470557	-0.056964962	0.918671442	0.814269672
1.224639905	0.922719129	0.865410762	-0.057308368	0.917608875	0.813212648
1.22684133	0.922003458	0.864349899	-0.057653559	0.916545261	0.812154536
1.229042756	0.921288503	0.863288032	-0.058000471	0.915480666	0.811095398
1.231244181	0.920574261	0.862225225	-0.058349037	0.914415153	0.810035297
1.233445606	0.919860731	0.861161539	-0.058699192	0.913348784	0.808974294
1.235647031	0.919147911	0.860097038	-0.059050873	0.912281624	0.807912451
1.237848456	0.918435797	0.859031782	-0.059404015	0.911213735	0.80684983
1.240049882	0.917724388	0.857965835	-0.059758553	0.910145179	0.805786491
1.242251307	0.917013682	0.856899256	-0.060114426	0.909076017	0.804722496
1.244452732	0.916303677	0.855832108	-0.060471569	0.908006311	0.803657905
1.246654157	0.91559437	0.85476445	-0.06082992	0.906936122	0.802592777
1.248855583	0.914885759	0.853696342	-0.061189417	0.905865511	0.801527173
1.251057008	0.914177842	0.852627844	-0.061549998	0.904794536	0.800461152
1.253258433	0.913470618	0.851559016	-0.061911602	0.903723259	0.799394772
1.255459858	0.912764084	0.850489915	-0.062274169	0.902651738	0.798328093
1.257661284	0.912058238	0.849420601	-0.062637636	0.901580032	0.797261171
1.259862709	0.911353078	0.848351132	-0.063001945	0.900508199	0.796194065
1.262064134	0.910648601	0.847281565	-0.063367036	0.899436297	0.795126833
1.264265559	0.909944807	0.846211957	-0.06373285	0.898364383	0.79405953
1.266466984	0.909241692	0.845142364	-0.064099328	0.897292514	0.792992215
1.26866841	0.908539255	0.844072844	-0.064466411	0.896220746	0.791924942
1.270869835	0.907837494	0.843003452	-0.064834043	0.895149136	0.790857767
1.27307126	0.907136407	0.841934243	-0.065202164	0.894077739	0.789790746
1.275272685	0.906435992	0.840865272	-0.06557072	0.89300661	0.788723934
1.277474111	0.905736247	0.839796594	-0.065939653	0.891935803	0.787657385
1.279675536	0.90503717	0.838728263	-0.066308907	0.890865372	0.786591154
1.281876961	0.904338759	0.837660332	-0.066678426	0.889795372	0.785525292
1.284078386	0.903641012	0.836592854	-0.067048157	0.888725854	0.784459855
1.286279812	0.902943927	0.835525883	-0.067418044	0.887656871	0.783394894
1.288481237	0.902247502	0.834459469	-0.067788033	0.886588476	0.782330462
1.290682662	0.901551736	0.833393666	-0.068158071	0.88552072	0.781266611
1.292884087	0.900856627	0.832328523	-0.068528104	0.884453654	0.780203392
1.295085512	0.900162172	0.831264092	-0.06889808	0.883387329	0.779140856
1.297286938	0.899468371	0.830200423	-0.069267947	0.882321794	0.778079053
1.299488363	0.89877522	0.829137566	-0.069637654	0.881257098	0.777018034
1.301689788	0.898082718	0.82807557	-0.070007149	0.880193292	0.775957847
1.303891213	0.897390864	0.827014483	-0.070376381	0.879130423	0.774898543
1.306092639	0.896699656	0.825954355	-0.070745301	0.87806854	0.773840169
1.308294064	0.896009091	0.824895232	-0.071113859	0.877007689	0.772782775
1.310495489	0.895319168	0.823837162	-0.071482006	0.875947918	0.771726406
1.312696914	0.894629885	0.822780193	-0.071849693	0.874889273	0.770671112
1.314898339	0.893941241	0.821724369	-0.072216872	0.8738318	0.769616938
1.317099765	0.893253234	0.820669737	-0.072583497	0.872775544	0.76856393
1.31930119	0.892565861	0.819616342	-0.072949519	0.87172055	0.767512135
1.321502615	0.891879122	0.81856423	-0.073314893	0.870666862	0.766461597
1.32370404	0.891193014	0.817513443	-0.073679572	0.869614524	0.765412361
1.325905466	0.890507536	0.816464026	-0.074043511	0.868563579	0.764364472
1.328106891	0.889822687	0.815416022	-0.074406665	0.86751407	0.763317973
1.330308316	0.889138463	0.814369473	-0.07476899	0.866466039	0.762272908
1.332509741	0.888454864	0.813324423	-0.075130442	0.865419527	0.761229319
1.334711167	0.887771889	0.812280912	-0.075490977	0.864374575	0.760187248
1.336912592	0.887089534	0.811238981	-0.075850554	0.863331224	0.759146737
1.339114017	0.8864078	0.810198671	-0.076209129	0.862289514	0.758107828
1.341315442	0.885726683	0.809160022	-0.076566661	0.861249484	0.75707056
1.343516867	0.885046183	0.808123074	-0.076923109	0.860211173	0.756034975
1.345718293	0.884366298	0.807087866	-0.077278432	0.85917462	0.755001112
1.347919718	0.883687026	0.806054435	-0.077632591	0.858139861	0.753969009
1.350121143	0.883008366	0.80502282	-0.077985545	0.857106935	0.752938706
1.352322568	0.882330315	0.803993059	-0.078337256	0.856075877	0.751910241
1.354523994	0.881652873	0.802965188	-0.078687686	0.855046725	0.750883651
1.356725419	0.880976038	0.801939243	-0.079036796	0.854019513	0.749858972
1.358926844	0.880299809	0.80091526	-0.079384549	0.852994276	0.748836243
1.361128269	0.879624183	0.799893274	-0.079730909	0.85197105	0.747815498
1.363329695	0.878949159	0.79887332	-0.080075838	0.850949868	0.746796773
1.36553112	0.878274735	0.797855433	-0.080419303	0.849930763	0.745780103
1.367732545	0.877600911	0.796839645	-0.080761266	0.848913768	0.744765522
1.36993397	0.876927685	0.79582599	-0.081101695	0.847898916	0.743753064
1.372135395	0.876255054	0.7948145	-0.081440554	0.846886238	0.742742763
1.374336821	0.875583018	0.793805207	-0.081777811	0.845875765	0.74173465
1.376538246	0.874911576	0.792798143	-0.082113432	0.844867528	0.740728758
1.378739671	0.874240724	0.791793338	-0.082447386	0.843861557	0.73972512
1.380941096	0.873570463	0.790790823	-0.08277964	0.842857882	0.738723765
1.383142522	0.872900791	0.789790628	-0.083110163	0.841856531	0.737724725
1.385343947	0.872231706	0.788792781	-0.083438924	0.840857534	0.736728029
1.387545372	0.871563206	0.787797312	-0.083765894	0.839860917	0.735733707
1.389746797	0.870895291	0.786804248	-0.084091043	0.838866709	0.734741787
1.391948222	0.870227958	0.785813617	-0.084414341	0.837874935	0.733752299
1.394149648	0.869561207	0.784825446	-0.084735761	0.836885624	0.732765269
1.396351073	0.868895036	0.783839762	-0.085055273	0.835898799	0.731780726
1.398552498	0.868229443	0.782856591	-0.085372852	0.834914486	0.730798695
1.400753923	0.867564428	0.781875957	-0.085688471	0.833932711	0.729819204
1.402955349	0.866899988	0.780897887	-0.086002102	0.832953497	0.728842277
1.405156774	0.866236123	0.779922403	-0.08631372	0.831976867	0.727867939
1.407358199	0.865572831	0.77894953	-0.086623301	0.831002845	0.726896216
1.409559624	0.86491011	0.777979292	-0.086930819	0.830031453	0.72592713
1.41176105	0.86424796	0.77701171	-0.08723625	0.829062714	0.724960706
1.413962475	0.863586379	0.776046807	-0.087539572	0.828096648	0.723996966
1.4161639	0.862925365	0.775084604	-0.08784076	0.827133276	0.723035933
1.418365325	0.862264917	0.774125124	-0.088139794	0.82617262	0.722077627
1.42056675	0.861605034	0.773168385	-0.08843665	0.825214698	0.721122071
1.422768176	0.860945715	0.772214408	-0.088731307	0.824259531	0.720169285
1.424969601	0.860286958	0.771263213	-0.089023746	0.823307136	0.719219289
1.427171026	0.859628762	0.770314818	-0.089313944	0.822357533	0.718272103
1.429372451	0.858971126	0.769369242	-0.089601884	0.821410739	0.717327745
1.431573877	0.858314048	0.768426502	-0.089887545	0.82046677	0.716386234
1.433775302	0.857657526	0.767486617	-0.09017091	0.819525645	0.715447588
1.435976727	0.857001561	0.766549602	-0.090451959	0.81858738	0.714511824
1.438178152	0.85634615	0.765615474	-0.090730676	0.817651989	0.713578959
1.440379578	0.855691292	0.764684248	-0.091007044	0.816719488	0.712649009
1.442581003	0.855036986	0.763755941	-0.091281045	0.815789892	0.71172199
1.444782428	0.854383231	0.762830566	-0.091552665	0.814863215	0.710797917
1.446983853	0.853730025	0.761908137	-0.091821888	0.81393947	0.709876805
1.449185278	0.853077368	0.760988669	-0.092088698	0.813018672	0.708958667
1.451386704	0.852425257	0.760072175	-0.092353082	0.812100832	0.708043517
1.453588129	0.851773692	0.759158666	-0.092615026	0.811185962	0.707131369
1.455789554	0.851122672	0.758248155	-0.092874517	0.810274075	0.706222235
1.457990979	0.850472194	0.757340654	-0.093131541	0.809365182	0.705316126
1.460192405	0.849822259	0.756436173	-0.093386086	0.808459292	0.704413054
1.46239383	0.849172865	0.755534723	-0.093638141	0.807556417	0.703513029
1.464595255	0.84852401	0.754636315	-0.093887695	0.806656567	0.702616064
1.46679668	0.847875694	0.753740957	-0.094134737	0.805759749	0.701722166
1.468998105	0.847227915	0.75284866	-0.094379256	0.804865974	0.700831345
1.471199531	0.846580672	0.75195943	-0.094621243	0.803975249	0.699943611
1.473400956	0.845933965	0.751073276	-0.094860688	0.803087583	0.69905897
1.475602381	0.845287791	0.750190207	-0.095097584	0.802202981	0.698177432
1.477803806	0.844642149	0.749310228	-0.095331921	0.801321453	0.697299004
1.480005232	0.843997039	0.748433347	-0.095563693	0.800443003	0.696423691
1.482206657	0.84335246	0.747559569	-0.095792891	0.799567637	0.6955515
1.484408082	0.842708409	0.7466889	-0.09601951	0.798695362	0.694682437
1.486609507	0.842064887	0.745821345	-0.096243542	0.797826182	0.693816507
1.488810933	0.841421891	0.744956909	-0.096464983	0.796960102	0.692953715
1.491012358	0.840779422	0.744095595	-0.096683827	0.796097125	0.692094065
1.493213783	0.840137477	0.743237408	-0.096900069	0.795237256	0.691237561
1.495415208	0.839496056	0.742382351	-0.097113704	0.794380497	0.690384205
1.497616633	0.838855157	0.741530426	-0.09732473	0.793526852	0.689534001
1.499818059	0.838214779	0.740681636	-0.097533143	0.792676322	0.68868695
1.502019484	0.837574922	0.739835983	-0.09773894	0.79182891	0.687843055
1.504220909	0.836935584	0.738993467	-0.097942118	0.790984616	0.687002317
1.506422334	0.836296764	0.738154089	-0.098142675	0.790143443	0.686164736
1.50862376	0.835658462	0.737317851	-0.09834061	0.78930539	0.685330313
1.510825185	0.835020675	0.736484752	-0.098535923	0.788470457	0.684499048
1.51302661	0.834383403	0.735654792	-0.098728611	0.787638644	0.683670939
1.515228035	0.833746645	0.734827969	-0.098918676	0.786809951	0.682845987
1.517429461	0.8331104	0.734004283	-0.099106117	0.785984377	0.682024188
1.519630886	0.832474666	0.733183731	-0.099290936	0.785161919	0.681205543
1.521832311	0.831839444	0.732366311	-0.099473132	0.784342576	0.680390047
1.524033736	0.831204731	0.731552021	-0.099652709	0.783526345	0.679577698
1.526235161	0.830570526	0.730740858	-0.099829668	0.782713224	0.678768492
1.528436587	0.82993683	0.729932818	-0.100004011	0.781903209	0.677962427
1.530638012	0.829303639	0.729127897	-0.100175742	0.781096297	0.677159497
1.532839437	0.828670955	0.728326091	-0.100344864	0.780292485	0.676359698
1.535040862	0.828038775	0.727527396	-0.10051138	0.779491766	0.675563025
1.537242288	0.827407099	0.726731805	-0.100675294	0.778694137	0.674769472
1.539443713	0.826775925	0.725939314	-0.100836612	0.777899593	0.673979034
1.541645138	0.826145253	0.725149916	-0.100995337	0.777108128	0.673191704
1.543846563	0.825515082	0.724363605	-0.101151476	0.776319736	0.672407474
1.546047988	0.82488541	0.723580375	-0.101305035	0.775534411	0.67162634
1.548249414	0.824256237	0.722800218	-0.101456018	0.774752146	0.670848291
1.550450839	0.823627561	0.722023127	-0.101604434	0.773972933	0.670073321
1.552652264	0.822999383	0.721249094	-0.101750288	0.773196767	0.669301422
1.554853689	0.8223717	0.720478111	-0.101893588	0.772423638	0.668532584
1.557055115	0.821744511	0.719710169	-0.102034342	0.77165354	0.667766798
1.55925654	0.821117817	0.718945259	-0.102172558	0.770886462	0.667004055
1.561457965	0.820491616	0.718183371	-0.102308244	0.770122397	0.666244345
1.56365939	0.819865906	0.717424497	-0.102441409	0.769361335	0.665487658
1.565860816	0.819240688	0.716668625	-0.102572063	0.768603267	0.664733983
1.568062241	0.818615959	0.715915746	-0.102700213	0.767848183	0.663983309
1.570263666	0.81799172	0.715165848	-0.102825872	0.767096072	0.663235624
1.572465091	0.817367969	0.714418921	-0.102949048	0.766346925	0.662490918
1.574666516	0.816744705	0.713674954	-0.103069752	0.76560073	0.661749178
1.576867942	0.816121928	0.712933933	-0.103187995	0.764857475	0.661010391
1.579069367	0.815499636	0.712195848	-0.103303788	0.764117151	0.660274545
1.581270792	0.814877829	0.711460685	-0.103417144	0.763379743	0.659541628
1.583472217	0.814256506	0.710728433	-0.103528073	0.762645242	0.658811624
1.585673643	0.813635665	0.709999077	-0.103636587	0.761913633	0.658084522
1.587875068	0.813015306	0.709272605	-0.103742701	0.761184904	0.657360306
1.590076493	0.812395428	0.708549003	-0.103846425	0.760459043	0.656638963
1.592277918	0.81177603	0.707828256	-0.103947774	0.759736035	0.655920478
1.594479344	0.811157112	0.707110351	-0.10404676	0.759015867	0.655204836
1.596680769	0.810538672	0.706395273	-0.104143398	0.758298526	0.654492021
1.598882194	0.809920709	0.705683007	-0.104237702	0.757583996	0.653782019
1.601083619	0.809303223	0.704973538	-0.104329685	0.756872263	0.653074813
1.603285044	0.808686213	0.70426685	-0.104419363	0.756163312	0.652370388
1.60548647	0.808069678	0.703562928	-0.10450675	0.755457129	0.651668726
1.607687895	0.807453617	0.702861755	-0.104591862	0.754753698	0.650969813
1.60988932	0.806838029	0.702163316	-0.104674713	0.754053002	0.650273629
1.612090745	0.806222913	0.701467593	-0.10475532	0.753355027	0.649580159
1.614292171	0.805608269	0.700774571	-0.104833698	0.752659756	0.648889386
1.616493596	0.804994096	0.700084231	-0.104909865	0.751967172	0.64820129
1.618695021	0.804380392	0.699396557	-0.104983835	0.751277259	0.647515855
1.620896446	0.803767158	0.698711532	-0.105055626	0.75059	0.646833063
1.623097871	0.803154392	0.698029136	-0.105125255	0.749905378	0.646152895
1.625299297	0.802542093	0.697349353	-0.10519274	0.749223374	0.645475332
1.627500722	0.801930261	0.696672164	-0.105258096	0.748543972	0.644800356
1.629702147	0.801318894	0.695997551	-0.105321343	0.747867154	0.644127948
1.631903572	0.800707993	0.695325494	-0.105382498	0.747192901	0.643458088
1.634104998	0.800097555	0.694655976	-0.105441579	0.746521194	0.642790757
1.636306423	0.799487581	0.693988976	-0.105498605	0.745852016	0.642125936
1.638507848	0.79887807	0.693324476	-0.105553594	0.745185348	0.641463605
1.640709273	0.79826902	0.692662456	-0.105606564	0.744521169	0.640803743
1.642910699	0.797660432	0.692002897	-0.105657535	0.743859462	0.640146331
1.645112124	0.797052303	0.691345777	-0.105706526	0.743200206	0.639491348
1.647313549	0.796444634	0.690691078	-0.105753556	0.742543383	0.638838774
1.649514974	0.795837424	0.690038779	-0.105798645	0.741888971	0.638188587
1.651716399	0.795230671	0.689388859	-0.105841812	0.741236951	0.637540768
1.653917825	0.794624376	0.688741299	-0.105883077	0.740587303	0.636895294
1.65611925	0.794018537	0.688096076	-0.105922461	0.739940006	0.636252146
1.658320675	0.793413153	0.68745317	-0.105959983	0.73929504	0.635611301
1.6605221	0.792808225	0.686812561	-0.105995664	0.738652383	0.634972739
1.662723526	0.79220375	0.686174226	-0.106029524	0.738012015	0.634336437
1.664924951	0.791599729	0.685538144	-0.106061585	0.737373914	0.633702373
1.667126376	0.79099616	0.684904293	-0.106091867	0.73673806	0.633070527
1.669327801	0.790393043	0.684272653	-0.10612039	0.73610443	0.632440876
1.671529227	0.789790377	0.683643201	-0.106147177	0.735473003	0.631813398
1.673730652	0.789188162	0.683015914	-0.106172248	0.734843758	0.63118807
1.675932077	0.788586396	0.682390771	-0.106195625	0.734216671	0.630564871
1.678133502	0.787985079	0.68176775	-0.106217329	0.733591722	0.629943779
1.680334927	0.78738421	0.681146829	-0.106237382	0.732968888	0.629324769
1.682536353	0.786783789	0.680527984	-0.106255805	0.732348146	0.628707821
1.684737778	0.786183814	0.679911193	-0.106272621	0.731729474	0.628092912
1.686939203	0.785584286	0.679296433	-0.106287852	0.731112849	0.627480018
1.689140628	0.784985202	0.678683683	-0.106301519	0.730498249	0.626869117
1.691342054	0.784386563	0.678072918	-0.106313645	0.72988565	0.626260186
1.693543479	0.783788368	0.677464116	-0.106324253	0.72927503	0.625653202
1.695744904	0.783190617	0.676857254	-0.106333363	0.728666365	0.625048142
1.697946329	0.782593307	0.676252308	-0.106340999	0.728059633	0.624444983
1.700147754	0.78199644	0.675649256	-0.106347184	0.727454809	0.623843702
1.70234918	0.781400014	0.675048074	-0.10635194	0.726851871	0.623244276
1.704550605	0.780804028	0.674448738	-0.106355289	0.726250795	0.622646682
1.70675203	0.780208481	0.673851226	-0.106357255	0.725651557	0.622050895
1.708953455	0.779613374	0.673255514	-0.10635786	0.725054133	0.621456894
1.711154881	0.779018705	0.672661578	-0.106357127	0.724458501	0.620864655
1.713356306	0.778424474	0.672069395	-0.106355079	0.723864635	0.620274155
1.715557731	0.777830679	0.671478941	-0.106351739	0.723272513	0.619685369
1.717759156	0.777237321	0.670890192	-0.106347129	0.722682109	0.619098275
1.719960582	0.776644399	0.670303125	-0.106341274	0.722093401	0.61851285
1.722162007	0.776051912	0.669717717	-0.106334195	0.721506363	0.61792907
1.724363432	0.775459859	0.669133942	-0.106325917	0.720920972	0.617346912
1.726564857	0.774868239	0.668551778	-0.106316462	0.720337203	0.616766353
1.728766282	0.774277053	0.6679712	-0.106305853	0.719755033	0.616187368
1.730967708	0.773686299	0.667392186	-0.106294113	0.719174436	0.615609936
1.733169133	0.773095977	0.66681471	-0.106281267	0.718595389	0.615034032
1.735370558	0.772506086	0.66623875	-0.106267336	0.718017867	0.614459633
1.737571983	0.771916625	0.665664281	-0.106252344	0.717441846	0.613886716
1.739773409	0.771327594	0.665091279	-0.106236315	0.716867301	0.613315257
1.741974834	0.770738992	0.664519721	-0.106219271	0.716294208	0.612745235
1.744176259	0.770150819	0.663949583	-0.106201235	0.715722543	0.612176624
1.746377684	0.769563074	0.663380842	-0.106182232	0.71515228	0.611609403
1.74857911	0.768975755	0.662813472	-0.106162283	0.714583396	0.611043548
1.750780535	0.768388864	0.662247451	-0.106141413	0.714015866	0.610479036
1.75298196	0.767802398	0.661682755	-0.106119643	0.713449666	0.609915844
1.755183385	0.767216358	0.66111936	-0.106096998	0.71288477	0.60935395
1.75738481	0.766630743	0.660557243	-0.1060735	0.712321156	0.608793329
1.759586236	0.766045551	0.659996379	-0.106049172	0.711758798	0.608233961
1.761787661	0.765460784	0.659436746	-0.106024038	0.711197671	0.60767582
1.763989086	0.764876439	0.658878319	-0.10599812	0.710637752	0.607118886
1.766190511	0.764292516	0.658321076	-0.10597144	0.710079017	0.606563136
1.768391937	0.763709016	0.657764993	-0.105944023	0.70952144	0.606008546
1.770593362	0.763125936	0.657210046	-0.10591589	0.708964998	0.605455095
1.772794787	0.762543277	0.656656213	-0.105887064	0.708409666	0.604902759
1.774996212	0.761961038	0.656103469	-0.105857569	0.707855421	0.604351518
1.777197637	0.761379218	0.655551793	-0.105827425	0.707302237	0.603801348
1.779399063	0.760797817	0.65500116	-0.105796657	0.706750092	0.603252227
1.781600488	0.760216834	0.654451548	-0.105765286	0.706198961	0.602704134
1.783801913	0.759636268	0.653902933	-0.105733335	0.70564882	0.602157046
1.786003338	0.75905612	0.653355294	-0.105700826	0.705099646	0.601610942
1.788204764	0.758476388	0.652808607	-0.105667781	0.704551414	0.6010658
1.790406189	0.757897072	0.65226285	-0.105634222	0.704004101	0.600521598
1.792607614	0.757318171	0.651717999	-0.105600171	0.703457684	0.599978315
1.794809039	0.756739684	0.651174034	-0.105565651	0.702912138	0.599435929
1.797010465	0.756161612	0.65063093	-0.105530682	0.702367441	0.59889442
1.79921189	0.755583953	0.650088667	-0.105495287	0.701823568	0.598353765
1.801413315	0.755006708	0.649547221	-0.105459487	0.701280498	0.597813943
1.80361474	0.754429874	0.649006571	-0.105423303	0.700738207	0.597274935
1.805816165	0.753853453	0.648466695	-0.105386758	0.700196672	0.596736718
1.808017591	0.753277443	0.647927571	-0.105349872	0.699655869	0.596199273
1.810219016	0.752701843	0.647389178	-0.105312666	0.699115777	0.595662578
1.812420441	0.752126654	0.646851493	-0.105275161	0.698576372	0.595126614
1.814621866	0.751551874	0.646314496	-0.105237378	0.698037633	0.594591359
1.816823292	0.750977504	0.645778165	-0.105199339	0.697499536	0.594056794
1.819024717	0.750403542	0.64524248	-0.105161062	0.69696206	0.593522899
1.821226142	0.749829988	0.644707418	-0.10512257	0.696425183	0.592989653
1.823427567	0.749256841	0.64417296	-0.105083882	0.695888882	0.592457037
1.825628993	0.748684102	0.643639084	-0.105045018	0.695353136	0.591925031
1.827830418	0.748111768	0.64310577	-0.105005999	0.694817923	0.591393616
1.830031843	0.747539841	0.642572997	-0.104966844	0.694283222	0.590862772
1.832233268	0.746968319	0.642040746	-0.104927573	0.693749012	0.59033248
1.834434693	0.746397202	0.641508996	-0.104888206	0.693215271	0.589802721
1.836636119	0.745826488	0.640977727	-0.104848761	0.692681978	0.589273476
1.838837544	0.745256179	0.640446919	-0.10480926	0.692149113	0.588744726
1.841038969	0.744686273	0.639916554	-0.104769719	0.691616655	0.588216452
1.843240394	0.744116769	0.63938661	-0.104730159	0.691084584	0.587688637
1.84544182	0.743547668	0.63885707	-0.104690598	0.690552879	0.587161261
1.847643245	0.742978968	0.638327914	-0.104651055	0.69002152	0.586634307
1.84984467	0.74241067	0.637799122	-0.104611548	0.689490488	0.586107756
1.852046095	0.741842772	0.637270677	-0.104572095	0.688959763	0.58558159
1.85424752	0.741275274	0.636742559	-0.104532715	0.688429326	0.585055793
1.856448946	0.740708176	0.636214751	-0.104493425	0.687899156	0.584530345
1.858650371	0.740141477	0.635687234	-0.104454243	0.687369236	0.584005231
1.860851796	0.739575176	0.635159989	-0.104415187	0.686839547	0.583480432
1.863053221	0.739009274	0.634633	-0.104376274	0.686310069	0.582955931
1.865254647	0.738443769	0.634106249	-0.10433752	0.685780785	0.582431712
1.867456072	0.737878661	0.633579717	-0.104298944	0.685251676	0.581907758
1.869657497	0.73731395	0.633053388	-0.104260562	0.684722724	0.581384052
1.871858922	0.736749635	0.632527245	-0.10422239	0.684193913	0.580860578
1.874060348	0.736185716	0.632001271	-0.104184445	0.683665223	0.580337319
1.876261773	0.735622191	0.631475449	-0.104146742	0.683136639	0.579814259
1.878463198	0.735059062	0.630949763	-0.104109299	0.682608143	0.579291383
1.880664623	0.734496326	0.630424196	-0.10407213	0.682079718	0.578768674
1.882866048	0.733933984	0.629898733	-0.104035251	0.681551349	0.578246118
1.885067474	0.733372036	0.629373358	-0.103998678	0.681023018	0.577723698
1.887268899	0.73281048	0.628848054	-0.103962425	0.680494709	0.577201399
1.889470324	0.732249316	0.628322808	-0.103926508	0.679966408	0.576679207
1.891671749	0.731688544	0.627797602	-0.103890942	0.679438098	0.576157106
1.893873175	0.731128163	0.627272423	-0.10385574	0.678909765	0.575635082
1.8960746	0.730568173	0.626747256	-0.103820917	0.678381393	0.575113119
1.898276025	0.730008574	0.626222086	-0.103786487	0.677852968	0.574591204
1.90047745	0.729449364	0.625696899	-0.103752465	0.677324476	0.574069323
1.902678876	0.728890544	0.625171681	-0.103718863	0.676795901	0.573547461
1.904880301	0.728332113	0.624646418	-0.103685695	0.676267231	0.573025604
1.907081726	0.72777407	0.624121095	-0.103652974	0.675738452	0.572503739
1.909283151	0.727216415	0.623595701	-0.103620714	0.675209551	0.571981852
1.911484576	0.726659148	0.623070222	-0.103588926	0.674680513	0.57145993
1.913686002	0.726102267	0.622544644	-0.103557624	0.674151328	0.570937959
1.915887427	0.725545774	0.622018955	-0.103526819	0.673621982	0.570415927
1.918088852	0.724989667	0.621493142	-0.103496524	0.673092464	0.569893821
1.920290277	0.724433945	0.620967194	-0.103466751	0.67256276	0.569371628
1.922491703	0.723878609	0.620441098	-0.103437511	0.672032861	0.568849336
1.924693128	0.723323657	0.619914843	-0.103408815	0.671502754	0.568326932
1.926894553	0.72276909	0.619388416	-0.103380674	0.670972428	0.567804404
1.929095978	0.722214907	0.618861807	-0.1033531	0.670441873	0.567281741
1.931297403	0.721661108	0.618335005	-0.103326103	0.669911079	0.56675893
1.933498829	0.721107692	0.617807998	-0.103299694	0.669380035	0.56623596
1.935700254	0.720554658	0.617280776	-0.103273882	0.668848732	0.56571282
1.937901679	0.720002006	0.616753329	-0.103248677	0.668317159	0.565189498
1.940103104	0.719449736	0.616225646	-0.10322409	0.667785308	0.564665984
1.94230453	0.718897848	0.615697718	-0.10320013	0.667253171	0.564142266
1.944505955	0.71834634	0.615169535	-0.103176805	0.666720738	0.563618333
1.94670738	0.717795213	0.614641088	-0.103154125	0.666188001	0.563094176
1.948908805	0.717244466	0.614112368	-0.103132098	0.665654952	0.562569784
1.951110231	0.716694099	0.613583365	-0.103110734	0.665121583	0.562045147
1.953311656	0.71614411	0.613054071	-0.103090039	0.664587888	0.561520254
1.955513081	0.715594501	0.612524478	-0.103070023	0.664053859	0.560995097
1.957714506	0.71504527	0.611994577	-0.103050693	0.663519489	0.560469665
1.959915931	0.714496416	0.611464361	-0.103032056	0.662984772	0.559943949
1.962117357	0.713947941	0.610933821	-0.10301412	0.662449702	0.559417941
1.964318782	0.713399842	0.610402951	-0.102996891	0.661914273	0.55889163
1.966520207	0.71285212	0.609871743	-0.102980377	0.661378479	0.558365008
1.968721632	0.712304774	0.609340191	-0.102964583	0.660842316	0.557838066
1.970923058	0.711757805	0.608808287	-0.102949517	0.660305778	0.557310797
1.973124483	0.71121121	0.608276026	-0.102935184	0.659768861	0.556783191
1.975325908	0.710664991	0.607743401	-0.10292159	0.659231561	0.55625524
1.977527333	0.710119146	0.607210405	-0.102908741	0.658693873	0.555726937
1.979728759	0.709573675	0.606677035	-0.102896641	0.658155795	0.555198274
1.981930184	0.709028579	0.606143283	-0.102885296	0.657617322	0.554669244
1.984131609	0.708483855	0.605609145	-0.10287471	0.657078452	0.554139838
1.986333034	0.707939505	0.605074616	-0.102864889	0.656539182	0.55361005
1.988534459	0.707395527	0.604539691	-0.102855836	0.655999509	0.553079873
1.990735885	0.706851922	0.604004366	-0.102847556	0.655459432	0.5525493
1.99293731	0.706308688	0.603468636	-0.102840052	0.654918948	0.552018325
1.995138735	0.705765826	0.602932499	-0.102833327	0.654378057	0.55148694
1.99734016	0.705223335	0.602395949	-0.102827386	0.653836756	0.550955141
1.999541586	0.704681214	0.601858983	-0.102822231	0.653295046	0.55042292
2.001743011	0.704139464	0.601321599	-0.102817865	0.652752924	0.549890273
2.003944436	0.703598083	0.600783793	-0.102814291	0.652210392	0.549357193
2.006145861	0.703057072	0.600245562	-0.10281151	0.651667449	0.548823675
2.008347286	0.70251643	0.599706904	-0.102809526	0.651124095	0.548289714
2.010548712	0.701976157	0.599167818	-0.102808339	0.650580331	0.547755305
2.012750137	0.701436252	0.5986283	-0.102807952	0.650036157	0.547220443
2.014951562	0.700896715	0.598088349	-0.102808365	0.649491575	0.546685123
2.017152987	0.700357545	0.597547964	-0.102809581	0.648946587	0.546149341
2.019354413	0.699818743	0.597007143	-0.1028116	0.648401193	0.545613093
2.021555838	0.699280307	0.596465885	-0.102814422	0.647855396	0.545076375
2.023757263	0.698742238	0.59592419	-0.102818048	0.647309198	0.544539182
2.025958688	0.698204535	0.595382057	-0.102822478	0.646762602	0.544001512
2.028160114	0.697667197	0.594839485	-0.102827712	0.64621561	0.543463361
2.030361539	0.697130225	0.594296475	-0.10283375	0.645668225	0.542924725
2.032562964	0.696593618	0.593753027	-0.102840591	0.645120451	0.542385603
2.034764389	0.696057375	0.593209141	-0.102848234	0.644572291	0.54184599
2.036965814	0.695521497	0.592664817	-0.102856679	0.64402375	0.541305884
2.03916724	0.694985982	0.592120057	-0.102865925	0.64347483	0.540765284
2.041368665	0.69445083	0.591574862	-0.102875969	0.642925537	0.540224187
2.04357009	0.693916042	0.591029233	-0.10288681	0.642375875	0.53968259
2.045771515	0.693381617	0.590483171	-0.102898446	0.641825849	0.539140493
2.047972941	0.692847554	0.589936679	-0.102910875	0.641275464	0.538597893
2.050174366	0.692313852	0.589389758	-0.102924094	0.640724725	0.538054791
2.052375791	0.691780513	0.588842411	-0.102938102	0.640173638	0.537511183
2.054577216	0.691247535	0.58829464	-0.102952895	0.639622209	0.53696707
2.056778642	0.690714917	0.587746447	-0.10296847	0.639070442	0.536422452
2.058980067	0.690182661	0.587197836	-0.102984824	0.638518346	0.535877327
2.061181492	0.689650764	0.58664881	-0.103001954	0.637965926	0.535331695
2.063382917	0.689119227	0.586099373	-0.103019855	0.637413188	0.534785557
2.065584342	0.68858805	0.585549527	-0.103038523	0.63686014	0.534238913
2.067785768	0.688057232	0.584999276	-0.103057956	0.636306788	0.533691764
2.069987193	0.687526773	0.584448625	-0.103078148	0.635753141	0.53314411
2.072188618	0.686996672	0.583897578	-0.103099094	0.635199204	0.532595951
2.074390043	0.686466929	0.583346139	-0.103120791	0.634644986	0.532047291
2.076591469	0.685937544	0.582794312	-0.103143232	0.634090495	0.531498129
2.078792894	0.685408517	0.582242103	-0.103166413	0.633535739	0.530948468
2.080994319	0.684879847	0.581689517	-0.103190329	0.632980725	0.53039831
2.083195744	0.684351533	0.581136559	-0.103214974	0.632425463	0.529847656
2.085397169	0.683823576	0.580583235	-0.103240341	0.63186996	0.52929651
2.087598595	0.683295974	0.580029549	-0.103266425	0.631314225	0.528744873
2.08980002	0.682768729	0.579475508	-0.103293221	0.630758267	0.52819275
2.092001445	0.682241839	0.578921119	-0.10332072	0.630202095	0.527640142
2.09420287	0.681715304	0.578366386	-0.103348917	0.629645718	0.527087054
2.096404296	0.681189123	0.577811317	-0.103377806	0.629089146	0.526533489
2.098605721	0.680663297	0.577255919	-0.103407378	0.628532387	0.525979451
2.100807146	0.680137825	0.576700198	-0.103437627	0.627975451	0.525424945
2.103008571	0.679612707	0.576144161	-0.103468546	0.627418348	0.524869974
2.105209997	0.679087942	0.575587816	-0.103500126	0.626861088	0.524314544
2.107411422	0.67856353	0.57503117	-0.103532361	0.62630368	0.523758659
2.109612847	0.678039471	0.57447423	-0.103565241	0.625746134	0.523202325
2.111814272	0.677515764	0.573917004	-0.10359876	0.62518846	0.522645547
2.114015697	0.67699241	0.5733595	-0.103632909	0.624630669	0.522088331
2.116217123	0.676469407	0.572801727	-0.103667679	0.624072771	0.521530683
2.118418548	0.675946755	0.572243693	-0.103703062	0.623514776	0.52097261
2.120619973	0.675424455	0.571685405	-0.103739049	0.622956694	0.520414116
2.122821398	0.674902505	0.571126874	-0.103775631	0.622398537	0.519855211
2.125022824	0.674380906	0.570568107	-0.103812799	0.621840313	0.5192959
2.127224249	0.673859657	0.570009114	-0.103850543	0.621282035	0.518736192
2.129425674	0.673338758	0.569449903	-0.103888855	0.620723713	0.518176093
2.131627099	0.672818208	0.568890485	-0.103927723	0.620165358	0.517615612
2.133828525	0.672298007	0.568330868	-0.10396714	0.619606979	0.517054756
2.13602995	0.671778156	0.567771062	-0.104007093	0.619048589	0.516493535
2.138231375	0.671258652	0.567211078	-0.104047575	0.618490198	0.515931957
2.1404328	0.670739498	0.566650924	-0.104088574	0.617931817	0.515370031
2.142634225	0.670220691	0.566090611	-0.104130079	0.617373456	0.514807767
2.144835651	0.669702231	0.56553015	-0.104172081	0.616815128	0.514245173
2.147037076	0.669184119	0.564969551	-0.104214568	0.616256842	0.51368226
2.149238501	0.668666354	0.564408824	-0.10425753	0.615698609	0.513119038
2.151439926	0.668148936	0.56384798	-0.104300956	0.615140442	0.512555518
2.153641352	0.667631864	0.56328703	-0.104344834	0.614582349	0.51199171
2.155842777	0.667115138	0.562725984	-0.104389154	0.614024344	0.511427625
2.158044202	0.666598758	0.562164855	-0.104433903	0.613466436	0.510863274
2.160245627	0.666082723	0.561603653	-0.10447907	0.612908636	0.510298669
2.162447052	0.665567034	0.561042389	-0.104524644	0.612350956	0.509733822
2.164648478	0.665051689	0.560481076	-0.104570613	0.611793406	0.509168745
2.166849903	0.664536689	0.559919724	-0.104616965	0.611235997	0.508603451
2.169051328	0.664022033	0.559358346	-0.104663687	0.61067874	0.508037951
2.171252753	0.663507721	0.558796953	-0.104710768	0.610121646	0.507472259
2.173454179	0.662993753	0.558235557	-0.104758195	0.609564726	0.506906389
2.175655604	0.662480128	0.557674172	-0.104805956	0.60900799	0.506340353
2.177857029	0.661966846	0.557112807	-0.104854039	0.608451449	0.505774166
2.180058454	0.661453907	0.556551477	-0.10490243	0.607895113	0.505207842
2.18225988	0.660941311	0.555990194	-0.104951117	0.607338993	0.504641395
2.184461305	0.660429056	0.55542897	-0.105000087	0.606783101	0.504074839
2.18666273	0.659917144	0.554867817	-0.105049327	0.606227445	0.50350819
2.188864155	0.659405573	0.55430675	-0.105098823	0.605672036	0.502941463
2.19106558	0.658894344	0.553745779	-0.105148564	0.605116886	0.502374673
2.193267006	0.658383455	0.55318492	-0.105198535	0.604562003	0.501807836
2.195468431	0.657872907	0.552624183	-0.105248724	0.604007398	0.501240969
2.197669856	0.6573627	0.552063584	-0.105299116	0.603453082	0.500674086
2.199871281	0.656852833	0.551503134	-0.105349698	0.602899064	0.500107205
2.202072707	0.656343305	0.550942848	-0.105400457	0.602345353	0.499540343
2.204274132	0.655834118	0.550382739	-0.105451379	0.601791961	0.498973517
2.206475557	0.655325269	0.54982282	-0.105502449	0.601238896	0.498406744
2.208676982	0.65481676	0.549263105	-0.105553655	0.600686168	0.497840041
2.210878408	0.654308589	0.548703607	-0.105604982	0.600133787	0.497273427
2.213079833	0.653800757	0.548144341	-0.105656416	0.599581762	0.496706919
2.215281258	0.653293263	0.54758532	-0.105707943	0.599030103	0.496140536
2.217482683	0.652786107	0.547026558	-0.105759549	0.598478819	0.495574297
2.219684108	0.652279288	0.546468069	-0.105811219	0.597927918	0.495008219
2.221885534	0.651772807	0.545909867	-0.10586294	0.59737741	0.494442323
2.224086959	0.651266662	0.545351966	-0.105914697	0.596827304	0.493876627
2.226288384	0.650760855	0.54479438	-0.105966475	0.596277609	0.493311151
2.228489809	0.650255384	0.544237124	-0.10601826	0.595728333	0.492745915
2.230691235	0.649750249	0.543680212	-0.106070038	0.595179486	0.492180938
2.23289266	0.649245451	0.543123658	-0.106121793	0.594631075	0.491616241
2.235094085	0.648740988	0.542567476	-0.106173512	0.594083109	0.491051843
2.23729551	0.64823686	0.542011681	-0.106225179	0.593535596	0.490487766
2.239496935	0.647733067	0.541456287	-0.10627678	0.592988545	0.48992403
2.241698361	0.64722961	0.54090131	-0.1063283	0.592441963	0.489360656
2.243899786	0.646726487	0.540346762	-0.106379724	0.59189586	0.488797665
2.246101211	0.646223698	0.53979266	-0.106431038	0.591350242	0.488235078
2.248302636	0.645721243	0.539239017	-0.106482226	0.590805117	0.487672918
2.250504062	0.645219122	0.538685849	-0.106533273	0.590260494	0.487111204
2.252705487	0.644717335	0.53813317	-0.106584165	0.58971638	0.486549959
2.254906912	0.644215881	0.537580994	-0.106634887	0.589172782	0.485989206
2.257108337	0.643714759	0.537029336	-0.106685423	0.588629708	0.485428965
2.259309763	0.643213971	0.536478212	-0.106735759	0.588087165	0.484869259
2.261511188	0.642713515	0.535927636	-0.106785879	0.587545161	0.48431011
2.263712613	0.642213391	0.535377622	-0.106835769	0.587003703	0.483751542
2.265914038	0.641713599	0.534828186	-0.106885413	0.586462798	0.483193575
2.268115463	0.641214139	0.534279342	-0.106934796	0.585922452	0.482636233
2.270316889	0.64071501	0.533731106	-0.106983904	0.585382674	0.482079538
2.272518314	0.640216213	0.533183492	-0.107032721	0.58484347	0.481523513
2.274719739	0.639717746	0.532636514	-0.107081232	0.584304847	0.480968181
2.276921164	0.63921961	0.532090188	-0.107129421	0.583766812	0.480413565
2.27912259	0.638721804	0.531544529	-0.107177274	0.583229372	0.479859687
2.281324015	0.638224328	0.530999552	-0.107224776	0.582692533	0.479306571
2.28352544	0.637727182	0.530455271	-0.107271912	0.582156302	0.478754239
2.285726865	0.637230366	0.5299117	-0.107318666	0.581620686	0.478202715
2.287928291	0.636733879	0.529368856	-0.107365023	0.581085691	0.477652022
2.290129716	0.636237722	0.528826753	-0.107410969	0.580551325	0.477102181
2.292331141	0.635741893	0.528285405	-0.107456487	0.580017593	0.476553218
2.294532566	0.635246392	0.527744828	-0.107501564	0.579484504	0.476005153
2.296733991	0.63475122	0.527205036	-0.107546184	0.578952062	0.475458011
2.298935417	0.634256376	0.526666044	-0.107590332	0.578420275	0.474911813
2.301136842	0.63376186	0.526127867	-0.107633993	0.57788915	0.474366584
2.303338267	0.633267672	0.525590519	-0.107677153	0.577358694	0.473822344
2.305539692	0.632773811	0.525054015	-0.107719795	0.576828912	0.473279118
2.307741118	0.632280277	0.52451837	-0.107761906	0.576299813	0.472736927
2.309942543	0.631787069	0.523983598	-0.107803471	0.575771403	0.472195794
2.312143968	0.631294189	0.523449715	-0.107844474	0.575243688	0.471655741
2.314345393	0.630801634	0.522916733	-0.107884901	0.574716677	0.47111679
2.316546818	0.630309406	0.522384669	-0.107924737	0.574190376	0.470578962
2.318748244	0.629817504	0.521853536	-0.107963968	0.573664792	0.47004228
2.320949669	0.629325927	0.521323349	-0.108002578	0.573139933	0.469506765
2.323151094	0.628834676	0.520794123	-0.108040553	0.572615807	0.468972438
2.325352519	0.628343749	0.52026587	-0.108077879	0.57209242	0.468439321
2.327553945	0.627853148	0.519738607	-0.108114541	0.571569781	0.467907433
2.32975537	0.627362871	0.519212347	-0.108150524	0.571047898	0.467376796
2.331956795	0.626872919	0.518687104	-0.108185815	0.570526779	0.466847429
2.33415822	0.626383291	0.518162893	-0.108220398	0.570006432	0.466319353
2.336359646	0.625893986	0.517639727	-0.108254259	0.569486866	0.465792588
2.338561071	0.625405006	0.51711762	-0.108287385	0.568968089	0.465267151
2.340762496	0.624916348	0.516596587	-0.108319761	0.568450111	0.464743063
2.342963921	0.624428014	0.516076641	-0.108351373	0.567932941	0.464220342
2.345165346	0.623940003	0.515557796	-0.108382207	0.567416587	0.463699005
2.347366772	0.623452315	0.515040066	-0.108412248	0.566901061	0.463179071
2.349568197	0.622964949	0.514523465	-0.108441484	0.566386373	0.462660557
2.351769622	0.622477905	0.514008006	-0.1084699	0.565872531	0.46214348
2.353971047	0.621991184	0.513493702	-0.108497482	0.565359548	0.461627855
2.356172473	0.621504784	0.512980567	-0.108524217	0.564847435	0.461113699
2.358373898	0.621018706	0.512468615	-0.108550091	0.564336202	0.460601027
2.360575323	0.620532949	0.511957858	-0.108575091	0.563825862	0.460089854
2.362776748	0.620047513	0.51144831	-0.108599202	0.563316427	0.459580194
2.364978174	0.619562398	0.510939985	-0.108622413	0.56280791	0.45907206
2.367179599	0.619077603	0.510432894	-0.108644709	0.562300323	0.458565465
2.369381024	0.618593129	0.509927052	-0.108666078	0.561793681	0.458060423
2.371582449	0.618108975	0.50942247	-0.108686505	0.561287997	0.457556943
2.373783874	0.617625141	0.508919162	-0.108705979	0.560783286	0.457055038
2.3759853	0.617141627	0.50841714	-0.108724487	0.560279563	0.456554717
2.378186725	0.616658432	0.507916417	-0.108742015	0.559776844	0.456055991
2.38038815	0.616175557	0.507417006	-0.108758551	0.559275144	0.455558867
2.382589575	0.615693	0.506918918	-0.108774082	0.558774482	0.455063355
2.384791001	0.615210762	0.506422167	-0.108788596	0.558274873	0.45456946
2.386992426	0.614728843	0.505926763	-0.10880208	0.557776337	0.45407719
2.389193851	0.614247242	0.50543272	-0.108814522	0.557278891	0.453586549
2.391395276	0.61376596	0.504940049	-0.10882591	0.556782556	0.453097543
2.393596701	0.613284995	0.504448763	-0.108836232	0.556287351	0.452610175
2.395798127	0.612804347	0.503958872	-0.108845475	0.555793297	0.452124447
2.397999552	0.612324018	0.503470389	-0.108853629	0.555300416	0.451640362
2.400200977	0.611844005	0.502983325	-0.10886068	0.554808731	0.451157919
2.402402402	0.61136431	0.502497691	-0.108866618	0.554318263	0.45067712
2.404603828	0.610884931	0.5020135	-0.108871431	0.553829038	0.450197961
2.406805253	0.610405869	0.501530761	-0.108875107	0.553341081	0.449720442
2.409006678	0.609927123	0.501049487	-0.108877636	0.552854417	0.449244557
2.411208103	0.609448693	0.500569688	-0.108879005	0.552369072	0.448770303
2.413409529	0.608970579	0.500091374	-0.108879204	0.551885075	0.448297673
2.415610954	0.608492781	0.499614558	-0.108878223	0.551402454	0.447826661
2.417812379	0.608015298	0.499139248	-0.108876049	0.55092124	0.447357257
2.420013804	0.60753813	0.498665457	-0.108872673	0.550441461	0.446889452
2.422215229	0.607061278	0.498193193	-0.108868084	0.549963151	0.446423236
2.424416655	0.60658474	0.497722468	-0.108862272	0.549486342	0.445958594
2.42661808	0.606108517	0.497253291	-0.108855225	0.549011068	0.445495515
2.428819505	0.605632608	0.496785673	-0.108846935	0.548537364	0.445033982
2.43102093	0.605157013	0.496319623	-0.10883739	0.548065267	0.444573979
2.433222356	0.604681732	0.495855151	-0.108826582	0.547594813	0.444115488
2.435423781	0.604206765	0.495392266	-0.108814499	0.547126043	0.44365849
2.437625206	0.603732112	0.494930979	-0.108801133	0.546658995	0.443202963
2.439826631	0.603257772	0.494471297	-0.108786475	0.546193711	0.442748884
2.442028057	0.602783745	0.494013231	-0.108770514	0.545730233	0.442296229
2.444229482	0.60231003	0.49355679	-0.108753241	0.545268607	0.441844973
2.446430907	0.601836629	0.493101982	-0.108734647	0.544808876	0.441395087
2.448632332	0.60136354	0.492648816	-0.108714724	0.544351088	0.440946543
2.450833757	0.600890763	0.4921973	-0.108693462	0.543895292	0.440499309
2.453035183	0.600418298	0.491747444	-0.108670854	0.543441537	0.440053352
2.455236608	0.599946145	0.491299256	-0.108646889	0.542989874	0.439608638
2.457438033	0.599474303	0.490852743	-0.10862156	0.542540355	0.439165131
2.459639458	0.599002773	0.490407914	-0.108594859	0.542093037	0.438722792
2.461840884	0.598531555	0.489964777	-0.108566777	0.541647974	0.43828158
2.464042309	0.598060647	0.489523339	-0.108537307	0.541205224	0.437841455
2.466243734	0.59759005	0.489083609	-0.108506441	0.540764846	0.437402371
2.468445159	0.597119763	0.488645592	-0.108474171	0.540326901	0.436964283
2.470646584	0.596649787	0.488209298	-0.108440489	0.539891453	0.436527143
2.47284801	0.596180121	0.487774733	-0.108405388	0.539458565	0.4360909
2.475049435	0.595710765	0.487341903	-0.108368861	0.539028303	0.435655503
2.47725086	0.595241718	0.486910817	-0.108330902	0.538600736	0.435220898
2.479452285	0.594772982	0.48648148	-0.108291502	0.538175933	0.434787027
2.481653711	0.594304554	0.486053899	-0.108250655	0.537753965	0.434353833
2.483855136	0.593836436	0.485628081	-0.108208355	0.537334907	0.433921255
2.486056561	0.593368626	0.485204032	-0.108164595	0.536918833	0.433489231
2.488257986	0.592901126	0.484781757	-0.108119368	0.53650582	0.433057695
2.490459412	0.592433934	0.484361264	-0.10807267	0.536095948	0.43262658
2.492660837	0.59196705	0.483942557	-0.108024492	0.535689297	0.432195817
2.494862262	0.591500474	0.483525643	-0.107974831	0.535285951	0.431765335
2.497063687	0.591034206	0.483110526	-0.10792368	0.534885993	0.43133506
2.499265112	0.590568246	0.482697213	-0.107871033	0.534489511	0.430904915
2.501466538	0.590102594	0.482285708	-0.107816886	0.534096593	0.430474823
2.503667963	0.589637248	0.481876016	-0.107761233	0.533707329	0.430044702
2.505869388	0.58917221	0.481468142	-0.107704068	0.533321814	0.429614471
2.508070813	0.588707479	0.481062091	-0.107645388	0.532940139	0.429184044
2.510272239	0.588243055	0.480657868	-0.107585186	0.532562403	0.428753333
2.512473664	0.587778937	0.480255477	-0.10752346	0.532188703	0.42832225
2.514675089	0.587315125	0.479854921	-0.107460204	0.53181914	0.427890702
2.516876514	0.58685162	0.479456206	-0.107395413	0.531453816	0.427458597
2.51907794	0.58638842	0.479059335	-0.107329085	0.531092834	0.427025836
2.521279365	0.585925526	0.478664311	-0.107261215	0.5307363	0.426592323
2.52348079	0.585462938	0.478271139	-0.107191799	0.530384323	0.426157956
2.525682215	0.585000655	0.477879822	-0.107120833	0.530037011	0.425722633
2.52788364	0.584538677	0.477490363	-0.107048314	0.529694476	0.425286249
2.530085066	0.584077004	0.477102764	-0.10697424	0.529356831	0.424848698
2.532286491	0.583615636	0.47671703	-0.106898606	0.52902419	0.424409871
2.534487916	0.583154573	0.476333163	-0.106821409	0.528696671	0.423969656
2.536689341	0.582693813	0.475951166	-0.106742648	0.52837439	0.423527942
2.538890767	0.582233358	0.47557104	-0.106662318	0.528057468	0.423084613
2.541092192	0.581773207	0.475192789	-0.106580419	0.527746025	0.422639553
2.543293617	0.58131336	0.474816414	-0.106496946	0.527440184	0.422192644
2.545495042	0.580853817	0.474441918	-0.106411899	0.527140069	0.421743766
2.547696467	0.580394577	0.474069302	-0.106325275	0.526845805	0.421292798
2.549897893	0.57993564	0.473698567	-0.106237072	0.526557519	0.420839616
2.552099318	0.579477006	0.473329716	-0.106147289	0.526275338	0.420384095
2.554300743	0.579018675	0.47296275	-0.106055924	0.52599939	0.41992611
2.556502168	0.578560646	0.47259767	-0.105962976	0.525729807	0.419465534
2.558703594	0.57810292	0.472234477	-0.105868443	0.525466717	0.419002237
2.560905019	0.577645496	0.471873172	-0.105772325	0.525210253	0.418536091
2.563106444	0.577188375	0.471513755	-0.10567462	0.524960547	0.418066963
2.565307869	0.576731555	0.471156227	-0.105575328	0.524717732	0.417594723
2.567509295	0.576275037	0.470800589	-0.105474448	0.52448194	0.417119238
2.56971072	0.57581882	0.47044684	-0.10537198	0.524253307	0.416640374
2.571912145	0.575362905	0.470094982	-0.105267924	0.524031965	0.416157998
2.57411357	0.574907291	0.469745012	-0.105162279	0.52381805	0.415671975
2.576314995	0.574451978	0.469396933	-0.105055046	0.523611695	0.41518217
2.578516421	0.573996966	0.469050742	-0.104946224	0.523413035	0.414688448
2.580717846	0.573542254	0.468706439	-0.104835815	0.523222205	0.414190674
2.582919271	0.573087843	0.468364025	-0.104723818	0.523039338	0.413688712
2.585120696	0.572633732	0.468023497	-0.104610235	0.522864567	0.413182426
2.587322122	0.57217992	0.467684855	-0.104495066	0.522698027	0.412671683

		
		
		
		
		
		
		
		
		
		
		
		
		
		
		
		
		
		
		
		
		
		
		
		
		
		
		
		
		
		
		
		
		
		
		
		
		
		
		
		
		
		
		
		
		
		
		
		
		
		
		
		
		
		
		
		
		
		
		
		
		
		
		
		
		
		
