TITLE = "oxygen alpha prediction MODEL 1" 

  VARIABLES = Tr	model_uncorrected	model_corrected	bias	upper	lower
0.388098318	0.927873931	0.765181244	-0.162692687	0.821005293	0.709357195
0.390299743	0.927464808	0.766370832	-0.161093976	0.822055243	0.710686421
0.392501169	0.927055684	0.767566509	-0.159489175	0.823116015	0.712017004
0.394702594	0.926646561	0.76876817	-0.157878391	0.824187415	0.713348925
0.396904019	0.926237437	0.769975707	-0.15626173	0.825269247	0.714682167
0.399105444	0.925828314	0.771189014	-0.1546393	0.826361313	0.716016716
0.40130687	0.92541919	0.772407983	-0.153011207	0.827463415	0.717352552
0.403508295	0.925010067	0.773632506	-0.151377561	0.828575354	0.718689658
0.40570972	0.924600943	0.774862473	-0.14973847	0.82969693	0.720028016
0.407911145	0.92419182	0.776097775	-0.148094045	0.830827941	0.721367609
0.410112571	0.923782696	0.777338301	-0.146444395	0.831968186	0.722708416
0.412313996	0.923373573	0.778583941	-0.144789632	0.833117463	0.724050418
0.414515421	0.922964449	0.779834582	-0.143129867	0.834275569	0.725393595
0.416716846	0.922555326	0.781090113	-0.141465212	0.835442301	0.726737926
0.418918271	0.922146202	0.782350422	-0.13979578	0.836617455	0.728083389
0.421119697	0.921737079	0.783615394	-0.138121685	0.837800827	0.729429961
0.423321122	0.921327955	0.784884916	-0.136443039	0.838992213	0.730777619
0.425522547	0.920918832	0.786158874	-0.134759958	0.84019141	0.732126338
0.427723972	0.920509708	0.787437152	-0.133072556	0.841398213	0.733476092
0.429925398	0.920100585	0.788719636	-0.131380949	0.842612418	0.734826854
0.432126823	0.919691461	0.790006209	-0.129685252	0.84383382	0.736178598
0.434328248	0.919282338	0.791296755	-0.127985582	0.845062217	0.737531293
0.436529673	0.918873214	0.792591158	-0.126282056	0.846297405	0.73888491
0.438731098	0.918464091	0.793889299	-0.124574792	0.84753918	0.740239418
0.440932524	0.918054967	0.795191061	-0.122863906	0.84878734	0.741594782
0.443133949	0.917645844	0.796496326	-0.121149518	0.850041682	0.742950971
0.445335374	0.91723672	0.797804975	-0.119431745	0.851302004	0.744307947
0.447536799	0.916827597	0.79911689	-0.117710707	0.852568105	0.745665674
0.449738225	0.916418473	0.800431949	-0.115986524	0.853839784	0.747024115
0.45193965	0.91600935	0.801750035	-0.114259315	0.855116841	0.748383228
0.454141075	0.915600226	0.803071026	-0.1125292	0.856399077	0.749742974
0.4563425	0.915191103	0.804394802	-0.110796301	0.857686294	0.75110331
0.458543926	0.914781979	0.805721242	-0.109060738	0.858978292	0.752464191
0.460745351	0.914372856	0.807050224	-0.107322632	0.860274876	0.753825572
0.462946776	0.913963732	0.808381628	-0.105582105	0.861575849	0.755187406
0.465148201	0.913554609	0.80971533	-0.103839278	0.862881017	0.756549643
0.467349626	0.913145485	0.81105121	-0.102094275	0.864190185	0.757912234
0.469551052	0.912736362	0.812389143	-0.100347218	0.865503159	0.759275127
0.471752477	0.912327238	0.813729009	-0.098598229	0.866819749	0.760638269
0.473953902	0.911918115	0.815070683	-0.096847432	0.868139762	0.762001604
0.476155327	0.911508991	0.816414042	-0.095094949	0.869463009	0.763365075
0.478356753	0.911099868	0.817758963	-0.093340904	0.870789302	0.764728625
0.480558178	0.910690744	0.819105323	-0.091585421	0.872118451	0.766092195
0.482759603	0.91028162	0.820452996	-0.089828624	0.873450271	0.767455721
0.484961028	0.909872497	0.82180186	-0.088070637	0.874784576	0.768819143
0.487162454	0.909463373	0.823151789	-0.086311584	0.876121183	0.770182395
0.489363879	0.90905425	0.82450266	-0.08455159	0.877459908	0.771545412
0.491565304	0.908645126	0.825854348	-0.082790779	0.878800569	0.772908126
0.493766729	0.908236003	0.827206727	-0.081029276	0.880142987	0.774270468
0.495968154	0.907826879	0.828559674	-0.079267205	0.881486981	0.775632367
0.49816958	0.907417756	0.829913064	-0.077504692	0.882832375	0.776993753
0.500371005	0.907008632	0.831266771	-0.075741862	0.884178991	0.77835455
0.50257243	0.906599509	0.83262067	-0.073978839	0.885526655	0.779714685
0.504773855	0.906190385	0.833974636	-0.072215749	0.886875191	0.781074081
0.506975281	0.905781262	0.835328544	-0.070452718	0.888224428	0.78243266
0.509176706	0.905372138	0.836682269	-0.068689869	0.889574195	0.783790344
0.511378131	0.904963015	0.838035686	-0.066927329	0.890924321	0.785147051
0.513579556	0.904553891	0.839388669	-0.065165223	0.892274637	0.7865027
0.515780981	0.904144768	0.840741092	-0.063403675	0.893624976	0.787857208
0.517982407	0.903735644	0.842092832	-0.061642812	0.894975173	0.789210491
0.520183832	0.903326521	0.843443762	-0.059882758	0.896325062	0.790562463
0.522385257	0.902917397	0.844793758	-0.058123639	0.897674481	0.791913036
0.524586682	0.902508274	0.846142695	-0.056365579	0.899023266	0.793262124
0.526788108	0.90209915	0.847490447	-0.054608703	0.900371258	0.794609636
0.528989533	0.901690027	0.84883689	-0.052853137	0.901718298	0.795955483
0.531190958	0.901280903	0.850181899	-0.051099004	0.903064227	0.797299572
0.533392383	0.90087178	0.85152535	-0.04934643	0.904408888	0.798641811
0.535593809	0.900462656	0.852867117	-0.047595539	0.905752127	0.799982107
0.537795234	0.900053533	0.854207077	-0.045846455	0.90709379	0.801320365
0.539996659	0.899644409	0.855545106	-0.044099303	0.908433723	0.802656489
0.542198084	0.899235286	0.856881079	-0.042354206	0.909771776	0.803990383
0.544399509	0.898826162	0.858214873	-0.040611289	0.911107798	0.805321949
0.546600935	0.898417039	0.859546365	-0.038870674	0.912441641	0.806651089
0.54880236	0.898007915	0.86087543	-0.037132485	0.913773157	0.807977703
0.551003785	0.897598792	0.862201947	-0.035396845	0.915102201	0.809301692
0.55320521	0.897189668	0.863525791	-0.033663877	0.916428628	0.810622955
0.555406636	0.896780545	0.864846842	-0.031933703	0.917752294	0.81194139
0.557608061	0.896371421	0.866164975	-0.030206446	0.919073056	0.813256894
0.559809486	0.895962298	0.86748007	-0.028482227	0.920390775	0.814569365
0.562010911	0.895553174	0.868792005	-0.026761169	0.921705311	0.8158787
0.564212337	0.895144051	0.870100658	-0.025043392	0.923016524	0.817184793
0.566413762	0.894734927	0.871405909	-0.023329018	0.924324278	0.818487541
0.568615187	0.894325804	0.872707637	-0.021618166	0.925628438	0.819786837
0.570816612	0.89391668	0.874005722	-0.019910958	0.926928868	0.821082576
0.573018037	0.893507557	0.875300044	-0.018207513	0.928225435	0.822374652
0.575219463	0.893098433	0.876590483	-0.01650795	0.929518007	0.823662958
0.577420888	0.892689309	0.87787692	-0.014812389	0.930806453	0.824947387
0.579622313	0.892280186	0.879159237	-0.013120949	0.932090644	0.826227831
0.581823738	0.891871062	0.880437316	-0.011433746	0.933370451	0.827504182
0.584025164	0.891461939	0.88171104	-0.009750899	0.934645747	0.828776332
0.586226589	0.891052815	0.882980289	-0.008072526	0.935916405	0.830044174
0.588428014	0.890643692	0.884244949	-0.006398743	0.937182302	0.831307597
0.590629439	0.890234568	0.885504903	-0.004729665	0.938443312	0.832566494
0.592830864	0.889825445	0.886760035	-0.00306541	0.939699315	0.833820755
0.59503229	0.889416321	0.88801023	-0.001406092	0.940950188	0.835070271
0.597233715	0.889007198	0.889255372	0.000248175	0.942195812	0.836314933
0.59943514	0.888598074	0.890495349	0.001897275	0.943436066	0.837554632
0.601636565	0.888188951	0.891730047	0.003541096	0.944670835	0.838789259
0.603837991	0.887779827	0.892959352	0.005179525	0.945900001	0.840018703
0.606039416	0.887370704	0.894183152	0.006812448	0.947123448	0.841242857
0.608240841	0.88696158	0.895401336	0.008439756	0.948341062	0.84246161
0.610442266	0.886552457	0.896613792	0.010061335	0.94955273	0.843674853
0.612643692	0.886143333	0.897820409	0.011677076	0.950758341	0.844882478
0.614845117	0.88573421	0.899021079	0.013286869	0.951957782	0.846084376
0.617046542	0.885325086	0.900215691	0.014890605	0.953150944	0.847280438
0.619247967	0.884915963	0.901404137	0.016488175	0.954337719	0.848470556
0.621449392	0.884506839	0.90258631	0.01807947	0.955517998	0.849654622
0.623650818	0.884097716	0.903762101	0.019664385	0.956691675	0.850832527
0.625852243	0.883688592	0.904931405	0.021242813	0.957858646	0.852004165
0.628053668	0.883279469	0.906094116	0.022814647	0.959018805	0.853169427
0.630255093	0.882870345	0.907250129	0.024379783	0.960172049	0.854328208
0.632456519	0.882461222	0.908399339	0.025938117	0.961318276	0.855480401
0.634657944	0.882052098	0.909541643	0.027489545	0.962457386	0.8566259
0.636859369	0.881642975	0.910676938	0.029033964	0.963589277	0.857764599
0.639060794	0.881233851	0.911805123	0.030571272	0.964713852	0.858896394
0.64126222	0.880824728	0.912926096	0.032101369	0.965831013	0.86002118
0.643463645	0.880415604	0.914039757	0.033624153	0.966940662	0.861138852
0.64566507	0.880006481	0.915146006	0.035139525	0.968042704	0.862249308
0.647866495	0.879597357	0.916244745	0.036647387	0.969137045	0.863352444
0.65006792	0.879188234	0.917335875	0.038147641	0.97022359	0.864448159
0.652269346	0.87877911	0.9184193	0.039640189	0.971302248	0.865536351
0.654470771	0.878369987	0.919494923	0.041124936	0.972372927	0.866616918
0.656672196	0.877960863	0.920562649	0.042601786	0.973435537	0.867689762
0.658873621	0.87755174	0.921622384	0.044070645	0.974489987	0.868754782
0.661075047	0.877142616	0.922674035	0.045531419	0.975536191	0.869811879
0.663276472	0.876733493	0.923717508	0.046984015	0.97657406	0.870860956
0.665477897	0.876324369	0.924752712	0.048428343	0.977603509	0.871901915
0.667679322	0.875915245	0.925779556	0.049864311	0.978624452	0.87293466
0.669880748	0.875506122	0.926797951	0.051291829	0.979636805	0.873959096
0.672082173	0.875096998	0.927807806	0.052710808	0.980640486	0.874975127
0.674283598	0.874687875	0.928809036	0.054121161	0.981635411	0.87598266
0.676485023	0.874278751	0.929801552	0.0555228	0.982621501	0.876981603
0.678686448	0.873869628	0.930785268	0.056915641	0.983598675	0.877971862
0.680887874	0.873460504	0.931760101	0.058299596	0.984566854	0.878953347
0.683089299	0.873051381	0.932725964	0.059674583	0.985525961	0.879925968
0.685290724	0.872642257	0.933682777	0.061040519	0.986475918	0.880889636
0.687492149	0.872233134	0.934630455	0.062397322	0.987416649	0.881844261
0.689693575	0.87182401	0.93556892	0.063744909	0.988348081	0.882789759
0.691895	0.871414887	0.93649809	0.065083203	0.989270139	0.883726041
0.694096425	0.871005763	0.937417887	0.066412124	0.99018275	0.884653024
0.69629785	0.87059664	0.938328233	0.067731593	0.991085843	0.885570623
0.698499275	0.870187516	0.939229051	0.069041535	0.991979347	0.886478755
0.700700701	0.869778393	0.940120266	0.070341873	0.992863193	0.887377338
0.702902126	0.869369269	0.941001802	0.071632533	0.993737312	0.888266292
0.705103551	0.868960146	0.941873587	0.072913441	0.994601636	0.889145537
0.707304976	0.868551022	0.942735547	0.074184525	0.995456099	0.890014995
0.709506402	0.868141899	0.943587612	0.075445713	0.996300636	0.890874588
0.711707827	0.867732775	0.944429711	0.076696936	0.997135182	0.89172424
0.713909252	0.867323652	0.945261775	0.077938123	0.997959673	0.892563877
0.716110677	0.866914528	0.946083736	0.079169208	0.998774048	0.893393424
0.718312103	0.866505405	0.946895527	0.080390122	0.999578245	0.894212809
0.720513528	0.866096281	0.947697083	0.081600801	1.000372204	0.895021961
0.722714953	0.865687158	0.948488338	0.08280118	1.001155866	0.895820809
0.724916378	0.865278034	0.949269229	0.083991195	1.001929172	0.896609286
0.727117803	0.864868911	0.950039694	0.085170783	1.002692066	0.897387322
0.729319229	0.864459787	0.950799672	0.086339885	1.003444491	0.898154853
0.731520654	0.864050664	0.951549102	0.087498439	1.004186392	0.898911813
0.733722079	0.86364154	0.952287927	0.088646387	1.004917716	0.899658137
0.735923504	0.863232417	0.953016087	0.089783671	1.00563841	0.900393765
0.73812493	0.862823293	0.953733528	0.090910235	1.006348421	0.901118634
0.740326355	0.86241417	0.954440193	0.092026023	1.0070477	0.901832685
0.74252778	0.862005046	0.955136028	0.093130982	1.007736196	0.90253586
0.744729205	0.861595923	0.95582098	0.094225058	1.008413861	0.9032281
0.746930631	0.861186799	0.956494999	0.0953082	1.009080646	0.903909351
0.749132056	0.860777676	0.957158032	0.096380357	1.009736507	0.904579558
0.751333481	0.860368552	0.957810032	0.09744148	1.010381397	0.905238667
0.753534906	0.859959429	0.95845095	0.098491522	1.011015272	0.905886628
0.755736331	0.859550305	0.959080739	0.099530434	1.011638089	0.906523389
0.757937757	0.859141182	0.959699354	0.100558172	1.012249806	0.907148902
0.760139182	0.858732058	0.960306749	0.101574691	1.012850381	0.907763118
0.762340607	0.858322934	0.960902883	0.102579949	1.013439774	0.908365992
0.764542032	0.857913811	0.961487713	0.103573902	1.014017948	0.908957479
0.766743458	0.857504687	0.962061199	0.104556512	1.014584863	0.909537535
0.768944883	0.857095564	0.962623301	0.105527737	1.015140484	0.910106118
0.771146308	0.85668644	0.96317398	0.10648754	1.015684774	0.910663187
0.773347733	0.856277317	0.963713201	0.107435884	1.016217699	0.911208703
0.775549158	0.855868193	0.964240927	0.108372733	1.016739226	0.911742628
0.777750584	0.85545907	0.964757124	0.109298054	1.017249322	0.912264926
0.779952009	0.855049946	0.965261758	0.110211812	1.017747956	0.91277556
0.782153434	0.854640823	0.965754799	0.111113976	1.018235099	0.913274499
0.784354859	0.854231699	0.966236214	0.112004515	1.01871072	0.913761708
0.786556285	0.853822576	0.966705976	0.1128834	1.019174793	0.914237158
0.78875771	0.853413452	0.967164055	0.113750602	1.019627291	0.914700819
0.790959135	0.853004329	0.967610425	0.114606096	1.020068188	0.915152662
0.79316056	0.852595205	0.96804506	0.115449854	1.020497459	0.915592661
0.795361986	0.852186082	0.968467936	0.116281854	1.020915081	0.91602079
0.797563411	0.851776958	0.968879029	0.117102071	1.021321032	0.916437027
0.799764836	0.851367835	0.969278319	0.117910484	1.021715291	0.916841347
0.801966261	0.850958711	0.969665784	0.118707073	1.022097839	0.91723373
0.804167686	0.850549588	0.970041406	0.119491818	1.022468655	0.917614157
0.806369112	0.850140464	0.970405166	0.120264701	1.022827722	0.917982609
0.808570537	0.849731341	0.970757047	0.121025706	1.023175025	0.918339068
0.810771962	0.849322217	0.971097034	0.121774816	1.023510547	0.91868352
0.812973387	0.848913094	0.971425113	0.122512019	1.023834274	0.919015951
0.815174813	0.84850397	0.97174127	0.1232373	1.024146194	0.919336347
0.817376238	0.848094847	0.972045495	0.123950649	1.024446293	0.919644697
0.819577663	0.847685723	0.972337777	0.124652054	1.024734563	0.919940991
0.821779088	0.8472766	0.972618106	0.125341507	1.025010991	0.920225221
0.823980514	0.846867476	0.972886475	0.126018999	1.025275571	0.920497379
0.826181939	0.846458353	0.973142877	0.126684525	1.025528295	0.92075746
0.828383364	0.846049229	0.973387307	0.127338078	1.025769157	0.921005458
0.830584789	0.845640106	0.973619761	0.127979655	1.025998151	0.921241371
0.832786214	0.845230982	0.973840235	0.128609253	1.026215274	0.921465196
0.83498764	0.844821859	0.974048728	0.12922687	1.026420523	0.921676934
0.837189065	0.844412735	0.974245241	0.129832505	1.026613896	0.921876585
0.83939049	0.844003612	0.974429772	0.130426161	1.026795394	0.922064151
0.841591915	0.843594488	0.974602326	0.131007838	1.026965016	0.922239636
0.843793341	0.843185365	0.974762904	0.13157754	1.027122765	0.922403044
0.845994766	0.842776241	0.974911512	0.132135271	1.027268643	0.922554382
0.848196191	0.842367118	0.975048156	0.132681039	1.027402656	0.922693657
0.850397616	0.841957994	0.975172842	0.133214848	1.027524808	0.922820877
0.852599041	0.841548871	0.975285579	0.133736709	1.027635105	0.922936054
0.854800467	0.841139747	0.975386377	0.13424663	1.027733556	0.923039197
0.857001892	0.840730623	0.975475245	0.134744622	1.02782017	0.92313032
0.859203317	0.8403215	0.975552196	0.135230696	1.027894956	0.923209437
0.861404742	0.839912376	0.975617244	0.135704867	1.027957925	0.923276562
0.863606168	0.839503253	0.975670401	0.136167148	1.02800909	0.923331712
0.865807593	0.839094129	0.975711685	0.136617555	1.028048465	0.923374905
0.868009018	0.838685006	0.975741111	0.137056105	1.028076063	0.923406159
0.870210443	0.838275882	0.975758697	0.137482815	1.028091901	0.923425494
0.872411869	0.837866759	0.975764463	0.137897705	1.028095995	0.923432932
0.874613294	0.837457635	0.975758429	0.138300794	1.028088364	0.923428495
0.876814719	0.837048512	0.975740617	0.138692105	1.028069026	0.923412207
0.879016144	0.836639388	0.975711048	0.139071659	1.028038002	0.923384093
0.881217569	0.836230265	0.975669746	0.139439482	1.027995314	0.923344179
0.883418995	0.835821141	0.975616738	0.139795596	1.027940984	0.923292491
0.88562042	0.835412018	0.975552047	0.14014003	1.027875035	0.92322906
0.887821845	0.835002894	0.975475703	0.140472808	1.027797493	0.923153913
0.89002327	0.834593771	0.975387732	0.140793962	1.027708383	0.923067082
0.892224696	0.834184647	0.975288165	0.141103518	1.027607733	0.922968598
0.894426121	0.833775524	0.975177032	0.141401509	1.02749557	0.922858495
0.896627546	0.8333664	0.975054365	0.141687965	1.027371924	0.922736807
0.898828971	0.832957277	0.974920197	0.14196292	1.027236825	0.922603568
0.901030397	0.832548153	0.97477456	0.142226407	1.027090305	0.922458815
0.903231822	0.83213903	0.974617491	0.142478462	1.026932397	0.922302586
0.905433247	0.831729906	0.974449026	0.14271912	1.026763133	0.922134919
0.907634672	0.831320783	0.974269201	0.142948418	1.026582549	0.921955853
0.909836097	0.830911659	0.974078055	0.143166396	1.02639068	0.92176543
0.912037523	0.830502536	0.973875626	0.143373091	1.026187564	0.921563689
0.914238948	0.830093412	0.973661956	0.143568544	1.025973238	0.921350675
0.916440373	0.829684289	0.973437086	0.143752797	1.025747741	0.921126431
0.918641798	0.829275165	0.973201057	0.143925892	1.025511113	0.920891001
0.920843224	0.828866042	0.972953914	0.144087873	1.025263396	0.920644432
0.923044649	0.828456918	0.972695701	0.144238783	1.025004632	0.92038677
0.925246074	0.828047795	0.972426462	0.144378668	1.024734863	0.920118062
0.927447499	0.827638671	0.972146246	0.144507575	1.024454135	0.919838357
0.929648924	0.827229548	0.971855098	0.14462555	1.024162491	0.919547705
0.93185035	0.826820424	0.971553067	0.144732643	1.023859979	0.919246156
0.934051775	0.826411301	0.971240204	0.144828903	1.023546646	0.918933761
0.9362532	0.826002177	0.970916557	0.14491438	1.023222539	0.918610574
0.938454625	0.825593054	0.970582178	0.144989124	1.022887708	0.918276647
0.940656051	0.82518393	0.970237119	0.145053189	1.022542204	0.917932035
0.942857476	0.824774807	0.969881435	0.145106628	1.022186077	0.917576792
0.945058901	0.824365683	0.969515177	0.145149494	1.02181938	0.917210975
0.947260326	0.82395656	0.969138402	0.145181843	1.021442165	0.91683464
0.949461752	0.823547436	0.968751166	0.14520373	1.021054486	0.916447845
0.951663177	0.823138312	0.968353524	0.145215211	1.020656399	0.916050648
0.953864602	0.822729189	0.967945535	0.145216346	1.02024796	0.91564311
0.956066027	0.822320065	0.967527257	0.145207191	1.019829224	0.915225289
0.958267452	0.821910942	0.967098749	0.145187807	1.019400251	0.914797248
0.960468878	0.821501818	0.966660072	0.145158254	1.018961098	0.914359047
0.962670303	0.821092695	0.966211287	0.145118592	1.018511824	0.913910749
0.964871728	0.820683571	0.965752455	0.145068883	1.018052491	0.913452418
0.967073153	0.820274448	0.965283638	0.145009191	1.017583159	0.912984118
0.969274579	0.819865324	0.964804902	0.144939577	1.01710389	0.912505913
0.971476004	0.819456201	0.964316309	0.144860108	1.016614748	0.91201787
0.973677429	0.819047077	0.963817925	0.144770847	1.016115796	0.911520054
0.975878854	0.818637954	0.963309815	0.144671861	1.015607098	0.911012532
0.97808028	0.81822883	0.962792046	0.144563216	1.01508872	0.910495372
0.980281705	0.817819707	0.962264685	0.144444978	1.014560727	0.909968643
0.98248313	0.817410583	0.961727801	0.144317217	1.014023188	0.909432414
0.984684555	0.81700146	0.961181461	0.144180001	1.013476169	0.908886753
0.98688598	0.816592336	0.960625736	0.1440334	1.012919739	0.908331733
0.989087406	0.816183213	0.960060695	0.143877483	1.012353967	0.907767423
0.991288831	0.815774089	0.95948641	0.143712321	1.011778924	0.907193896
0.993490256	0.815364966	0.958902951	0.143537986	1.011194679	0.906611224
0.995691681	0.814955842	0.958310391	0.143354549	1.010601304	0.906019479
0.997893107	0.814546719	0.957708803	0.143162084	1.009998871	0.905418735
1.000094532	0.814137595	0.95709826	0.142960665	1.009387453	0.904809067
1.002295957	0.813728472	0.956478836	0.142750364	1.008767124	0.904190548
1.004497382	0.813319348	0.955850605	0.142531257	1.008137956	0.903563254
1.006698807	0.812910225	0.955213644	0.142303419	1.007500026	0.902927261
1.008900233	0.812501101	0.954568027	0.142066926	1.006853408	0.902282645
1.011101658	0.812091978	0.953913831	0.141821853	1.006198179	0.901629483
1.013303083	0.811682854	0.953251133	0.141568279	1.005534415	0.900967852
1.015504508	0.811273731	0.952580011	0.141306281	1.004862192	0.90029783
1.017705934	0.810864607	0.951900543	0.141035935	1.00418159	0.899619495
1.019907359	0.810455484	0.951212806	0.140757322	1.003492686	0.898932926
1.022108784	0.81004636	0.950516881	0.14047052	1.002795559	0.898238202
1.024310209	0.809637237	0.949812846	0.140175609	1.002090289	0.897535403
1.026511635	0.809228113	0.949100782	0.139872669	1.001376955	0.896824608
1.02871306	0.80881899	0.948380769	0.139561779	1.000655638	0.896105899
1.030914485	0.808409866	0.947652888	0.139243022	0.999926419	0.895379357
1.03311591	0.808000743	0.946917221	0.138916478	0.99918938	0.894645062
1.035317335	0.807591619	0.946173849	0.13858223	0.998444601	0.893903096
1.037518761	0.807182496	0.945422854	0.138240359	0.997692166	0.893153542
1.039720186	0.806773372	0.94466432	0.137890948	0.996932158	0.892396482
1.041921611	0.806364249	0.943898329	0.13753408	0.996164659	0.891631999
1.044123036	0.805955125	0.943124964	0.137169839	0.995389753	0.890860175
1.046324462	0.805546001	0.94234431	0.136798308	0.994607525	0.890081095
1.048525887	0.805136878	0.94155645	0.136419572	0.993818058	0.889294842
1.050727312	0.804727754	0.940761469	0.136033715	0.993021438	0.8885015
1.052928737	0.804318631	0.939959452	0.135640821	0.99221775	0.887701154
1.055130163	0.803909507	0.939150483	0.135240976	0.991407079	0.886893887
1.057331588	0.803500384	0.938334649	0.134834265	0.990589511	0.886079786
1.059533013	0.80309126	0.937512034	0.134420773	0.989765132	0.885258936
1.061734438	0.802682137	0.936682725	0.134000588	0.988934028	0.884431421
1.063935863	0.802273013	0.935846807	0.133573794	0.988096287	0.883597327
1.066137289	0.80186389	0.935004368	0.133140478	0.987251996	0.882756741
1.068338714	0.801454766	0.934155494	0.132700728	0.98640124	0.881909748
1.070540139	0.801045643	0.933300272	0.132254629	0.985544109	0.881056435
1.072741564	0.800636519	0.932438788	0.131802269	0.98468069	0.880196887
1.07494299	0.800227396	0.931571131	0.131343735	0.98381107	0.879331192
1.077144415	0.799818272	0.930697387	0.130879115	0.982935338	0.878459437
1.07934584	0.799409149	0.929817645	0.130408496	0.982053582	0.877581707
1.081547265	0.799000025	0.928931991	0.129931966	0.98116589	0.876698092
1.08374869	0.798590902	0.928040514	0.129449612	0.980272352	0.875808676
1.085950116	0.798181778	0.927143302	0.128961524	0.979373056	0.874913548
1.088151541	0.797772655	0.926240443	0.128467788	0.97846809	0.874012796
1.090352966	0.797363531	0.925332026	0.127968494	0.977557545	0.873106506
1.092554391	0.796954408	0.924418137	0.12746373	0.976641509	0.872194766
1.094755817	0.796545284	0.923498867	0.126953583	0.97572007	0.871277664
1.096957242	0.796136161	0.922574303	0.126438143	0.974793319	0.870355288
1.099158667	0.795727037	0.921644535	0.125917497	0.973861345	0.869427724
1.101360092	0.795317914	0.920709649	0.125391736	0.972924237	0.868495061
1.103561518	0.79490879	0.919769736	0.124860946	0.971982085	0.867557387
1.105762943	0.794499667	0.918824883	0.124325216	0.971034978	0.866614788
1.107964368	0.794090543	0.917875179	0.123784636	0.970083005	0.865667354
1.110165793	0.79368142	0.916920713	0.123239294	0.969126255	0.864715172
1.112367218	0.793272296	0.915961574	0.122689278	0.968164819	0.863758328
1.114568644	0.792863173	0.914997849	0.122134676	0.967198786	0.862796912
1.116770069	0.792454049	0.914029627	0.121575578	0.966228244	0.86183101
1.118971494	0.792044926	0.913056996	0.121012071	0.965253283	0.86086071
1.121172919	0.791635802	0.912080046	0.120444244	0.964273992	0.8598861
1.123374345	0.791226679	0.911098863	0.119872185	0.96329046	0.858907266
1.12557577	0.790817555	0.910113536	0.119295981	0.962302776	0.857924297
1.127777195	0.790408432	0.909124154	0.118715722	0.961311029	0.856937278
1.12997862	0.789999308	0.908130803	0.118131495	0.960315308	0.855946298
1.132180046	0.789590185	0.907133572	0.117543387	0.959315701	0.854951443
1.134381471	0.789181061	0.906132548	0.116951487	0.958312296	0.853952799
1.136582896	0.788771937	0.905127818	0.116355881	0.957305182	0.852950454
1.138784321	0.788362814	0.904119471	0.115756657	0.956294447	0.851944494
1.140985746	0.78795369	0.903107592	0.115153901	0.955280179	0.850935004
1.143187172	0.787544567	0.902092268	0.114547701	0.954262464	0.849922072
1.145388597	0.787135443	0.901073587	0.113938143	0.953241391	0.848905783
1.147590022	0.78672632	0.900051634	0.113325314	0.952217047	0.847886222
1.149791447	0.786317196	0.899026497	0.1127093	0.951189519	0.846863475
1.151992873	0.785908073	0.89799826	0.112090187	0.950158893	0.845837627
1.154194298	0.785498949	0.896967009	0.11146806	0.949125255	0.844808763
1.156395723	0.785089826	0.89593283	0.110843004	0.948088693	0.843776967
1.158597148	0.784680702	0.894895808	0.110215106	0.947049291	0.842742325
1.160798573	0.784271579	0.893856028	0.109584449	0.946007136	0.84170492
1.162999999	0.783862455	0.892813574	0.108951119	0.944962312	0.840664837
1.165201424	0.783453332	0.891768531	0.108315199	0.943914905	0.839622158
1.167402849	0.783044208	0.890720982	0.107676774	0.942864998	0.838576967
1.169604274	0.782635085	0.889671012	0.107035927	0.941812677	0.837529346
1.1718057	0.782225961	0.888618702	0.106392741	0.940758025	0.83647938
1.174007125	0.781816838	0.887564137	0.105747299	0.939701125	0.835427149
1.17620855	0.781407714	0.886507399	0.105099684	0.938642061	0.834372736
1.178409975	0.780998591	0.885448569	0.104449978	0.937580915	0.833316223
1.180611401	0.780589467	0.88438773	0.103798263	0.93651777	0.83225769
1.182812826	0.780180344	0.883324963	0.103144619	0.935452708	0.831197218
1.185014251	0.77977122	0.882260349	0.102489129	0.93438581	0.830134888
1.187215676	0.779362097	0.881193969	0.101831872	0.933317157	0.829070781
1.189417101	0.778952973	0.880125902	0.101172929	0.932246829	0.828004975
1.191618527	0.77854385	0.879056229	0.100512379	0.931174908	0.82693755
1.193819952	0.778134726	0.877985028	0.099850302	0.930101472	0.825868585
1.196021377	0.777725603	0.87691238	0.099186777	0.929026601	0.824798158
1.198222802	0.777316479	0.875838361	0.098521881	0.927950374	0.823726347
1.200424228	0.776907356	0.87476305	0.097855694	0.926872869	0.82265323
1.202625653	0.776498232	0.873686524	0.097188292	0.925794164	0.821578883
1.204827078	0.776089109	0.87260886	0.096519752	0.924714336	0.820503384
1.207028503	0.775679985	0.871530135	0.09585015	0.923633462	0.819426809
1.209229929	0.775270862	0.870450425	0.095179564	0.922551618	0.818349233
1.211431354	0.774861738	0.869369805	0.094508067	0.92146888	0.817270731
1.213632779	0.774452615	0.86828835	0.093835736	0.920385322	0.816191378
1.215834204	0.774043491	0.867206135	0.093162643	0.919301021	0.815111248
1.218035629	0.773634368	0.866123232	0.092488865	0.918216049	0.814030415
1.220237055	0.773225244	0.865039717	0.091814473	0.917130481	0.812948952
1.22243848	0.772816121	0.86395566	0.09113954	0.91604439	0.811866931
1.224639905	0.772406997	0.862871136	0.090464139	0.914957846	0.810784425
1.22684133	0.771997874	0.861786215	0.089788341	0.913870924	0.809701505
1.229042756	0.77158875	0.860700968	0.089112218	0.912783693	0.808618242
1.231244181	0.771179626	0.859615466	0.088435839	0.911696225	0.807534707
1.233445606	0.770770503	0.858529779	0.087759276	0.910608589	0.806450968
1.235647031	0.770361379	0.857443976	0.087082597	0.909520855	0.805367097
1.237848456	0.769952256	0.856358126	0.08640587	0.908433092	0.80428316
1.240049882	0.769543132	0.855272297	0.085729165	0.907345368	0.803199226
1.242251307	0.769134009	0.854186557	0.085052548	0.90625775	0.802115363
1.244452732	0.768724885	0.853100972	0.084376086	0.905170305	0.801031638
1.246654157	0.768315762	0.852015609	0.083699847	0.9040831	0.799948117
1.248855583	0.767906638	0.850930533	0.083023894	0.902996201	0.798864865
1.251057008	0.767497515	0.849845809	0.082348294	0.901909671	0.797781947
1.253258433	0.767088391	0.848761502	0.081673111	0.900823576	0.796699429
1.255459858	0.766679268	0.847677676	0.080998408	0.89973798	0.795617373
1.257661284	0.766270144	0.846594393	0.080324249	0.898652944	0.794535843
1.259862709	0.765861021	0.845511717	0.079650696	0.897568532	0.793454901
1.262064134	0.765451897	0.844429708	0.07897781	0.896484806	0.79237461
1.264265559	0.765042774	0.843348427	0.078305653	0.895401825	0.791295029
1.266466984	0.76463365	0.842267936	0.077634286	0.894319651	0.790216221
1.26866841	0.764224527	0.841188293	0.076963767	0.893238342	0.789138245
1.270869835	0.763815403	0.840109559	0.076294156	0.892157959	0.788061159
1.27307126	0.76340628	0.839031791	0.075625511	0.891078559	0.786985023
1.275272685	0.762997156	0.837955046	0.07495789	0.890000199	0.785909894
1.277474111	0.762588033	0.836879383	0.07429135	0.888922937	0.784835829
1.279675536	0.762178909	0.835804857	0.073625947	0.887846828	0.783762885
1.281876961	0.761769786	0.834731523	0.072961737	0.886771927	0.782691118
1.284078386	0.761360662	0.833659437	0.072298775	0.885698291	0.781620583
1.286279812	0.760951539	0.832588652	0.071637114	0.884625971	0.780551334
1.288481237	0.760542415	0.831519223	0.070976808	0.883555022	0.779483424
1.290682662	0.760133292	0.830451201	0.07031791	0.882485496	0.778416907
1.292884087	0.759724168	0.82938464	0.069660471	0.881417444	0.777351835
1.295085512	0.759315045	0.828319589	0.069004544	0.880350919	0.776288259
1.297286938	0.758905921	0.8272561	0.068350178	0.879285969	0.77522623
1.299488363	0.758496798	0.826194222	0.067697424	0.878222645	0.774165799
1.301689788	0.758087674	0.825134005	0.06704633	0.877160995	0.773107014
1.303891213	0.757678551	0.824075496	0.066396945	0.876101067	0.772049925
1.306092639	0.757269427	0.823018744	0.065749317	0.87504291	0.770994578
1.308294064	0.756860304	0.821963795	0.065103491	0.873986568	0.769941022
1.310495489	0.75645118	0.820910695	0.064459515	0.872932088	0.768889303
1.312696914	0.756042057	0.819859491	0.063817434	0.871879516	0.767839465
1.314898339	0.755632933	0.818810225	0.063177292	0.870828895	0.766791556
1.317099765	0.75522381	0.817762943	0.062539134	0.869780269	0.765745617
1.31930119	0.754814686	0.816717687	0.061903001	0.86873368	0.764701694
1.321502615	0.754405563	0.8156745	0.061268938	0.867689172	0.763659828
1.32370404	0.753996439	0.814633424	0.060636985	0.866646785	0.762620062
1.325905466	0.753587315	0.813594499	0.060007183	0.86560656	0.761582437
1.328106891	0.753178192	0.812557765	0.059379573	0.864568536	0.760546993
1.330308316	0.752769068	0.811523262	0.058754193	0.863532753	0.759513771
1.332509741	0.752359945	0.810491028	0.058131083	0.862499249	0.758482808
1.334711167	0.751950821	0.809461102	0.057510281	0.861468061	0.757454143
1.336912592	0.751541698	0.80843352	0.056891822	0.860439227	0.756427814
1.339114017	0.751132574	0.807408319	0.056275745	0.859412782	0.755403857
1.341315442	0.750723451	0.806385535	0.055662084	0.858388761	0.754382309
1.343516867	0.750314327	0.805365202	0.055050874	0.8573672	0.753363204
1.345718293	0.749905204	0.804347354	0.05444215	0.856348131	0.752346577
1.347919718	0.74949608	0.803332025	0.053835945	0.855331589	0.751332461
1.350121143	0.749086957	0.802319247	0.05323229	0.854317604	0.75032089
1.352322568	0.748677833	0.801309053	0.052631219	0.853306209	0.749311896
1.354523994	0.74826871	0.800301473	0.052032763	0.852297435	0.74830551
1.356725419	0.747859586	0.799296537	0.051436951	0.851291311	0.747301763
1.358926844	0.747450463	0.798294276	0.050843813	0.850287867	0.746300684
1.361128269	0.747041339	0.797294718	0.050253378	0.849287132	0.745302304
1.363329695	0.746632216	0.796297891	0.049665675	0.848289132	0.744306649
1.36553112	0.746223092	0.795303822	0.04908073	0.847293895	0.743313749
1.367732545	0.745813969	0.794312539	0.04849857	0.846301448	0.74232363
1.36993397	0.745404845	0.793324067	0.047919221	0.845311816	0.741336318
1.372135395	0.744995722	0.792338431	0.047342709	0.844325023	0.740351838
1.374336821	0.744586598	0.791355655	0.046769057	0.843341094	0.739370216
1.376538246	0.744177475	0.790375764	0.046198289	0.842360053	0.738391474
1.378739671	0.743768351	0.78939878	0.045630428	0.841381921	0.737415638
1.380941096	0.743359228	0.788424725	0.045065497	0.840406722	0.736442728
1.383142522	0.742950104	0.787453621	0.044503517	0.839434475	0.735472767
1.385343947	0.742540981	0.786485488	0.043944508	0.838465201	0.734505775
1.387545372	0.742131857	0.785520347	0.04338849	0.837498921	0.733541774
1.389746797	0.741722734	0.784558217	0.042835483	0.836535652	0.732580782
1.391948222	0.74131361	0.783599116	0.042285506	0.835575414	0.731622819
1.394149648	0.740904487	0.782643063	0.041738576	0.834618224	0.730667902
1.396351073	0.740495363	0.781690074	0.041194711	0.833664099	0.729716049
1.398552498	0.74008624	0.780740166	0.040653926	0.832713055	0.728767276
1.400753923	0.739677116	0.779793354	0.040116238	0.831765107	0.727821601
1.402955349	0.739267993	0.778849654	0.039581661	0.830820271	0.726879037
1.405156774	0.738858869	0.77790908	0.039050211	0.82987856	0.725939599
1.407358199	0.738449746	0.776971646	0.0385219	0.828939989	0.725003302
1.409559624	0.738040622	0.776037364	0.037996742	0.828004568	0.724070159
1.41176105	0.737631499	0.775106246	0.037474748	0.827072311	0.723140181
1.413962475	0.737222375	0.774178306	0.036955931	0.826143229	0.722213382
1.4161639	0.736813252	0.773253552	0.036440301	0.825217333	0.721289771
1.418365325	0.736404128	0.772331996	0.035927868	0.824294633	0.72036936
1.42056675	0.735995004	0.771413647	0.035418643	0.823375137	0.719452157
1.422768176	0.735585881	0.770498514	0.034912633	0.822458855	0.718538173
1.424969601	0.735176757	0.769586605	0.034409848	0.821545795	0.717627415
1.427171026	0.734767634	0.768677928	0.033910294	0.820635964	0.716719892
1.429372451	0.73435851	0.76777249	0.033413979	0.819729369	0.71581561
1.431573877	0.733949387	0.766870296	0.032920909	0.818826015	0.714914577
1.433775302	0.733540263	0.765971353	0.03243109	0.81792591	0.714016796
1.435976727	0.73313114	0.765075666	0.031944526	0.817029056	0.713122275
1.438178152	0.732722016	0.764183238	0.031461222	0.816135459	0.712231017
1.440379578	0.732312893	0.763294074	0.030981181	0.815245122	0.711343026
1.442581003	0.731903769	0.762408177	0.030504408	0.814358049	0.710458306
1.444782428	0.731494646	0.761525549	0.030030903	0.81347424	0.709576858
1.446983853	0.731085522	0.760646193	0.02956067	0.812593699	0.708698686
1.449185278	0.730676399	0.759770108	0.029093709	0.811716426	0.70782379
1.451386704	0.730267275	0.758897297	0.028630022	0.810842422	0.706952172
1.453588129	0.729858152	0.758027759	0.028169607	0.809971687	0.706083831
1.455789554	0.729449028	0.757161494	0.027712465	0.809104221	0.705218767
1.457990979	0.729039905	0.7562985	0.027258595	0.808240021	0.704356979
1.460192405	0.728630781	0.755438776	0.026807995	0.807379087	0.703498465
1.46239383	0.728221658	0.75458232	0.026360663	0.806521416	0.702643224
1.464595255	0.727812534	0.753729129	0.025916595	0.805667005	0.701791253
1.46679668	0.727403411	0.7528792	0.025475789	0.804815852	0.700942548
1.468998105	0.726994287	0.752032528	0.02503824	0.80396795	0.700097105
1.471199531	0.726585164	0.751189109	0.024603945	0.803123298	0.69925492
1.473400956	0.72617604	0.750348938	0.024172898	0.802281888	0.698415989
1.475602381	0.725766917	0.74951201	0.023745094	0.801443716	0.697580305
1.477803806	0.725357793	0.748678319	0.023320526	0.800608776	0.696747862
1.480005232	0.72494867	0.747847858	0.022899188	0.799777061	0.695918655
1.482206657	0.724539546	0.747020619	0.022481073	0.798948564	0.695092675
1.484408082	0.724130423	0.746196596	0.022066174	0.798123277	0.694269916
1.486609507	0.723721299	0.745375781	0.021654481	0.797301192	0.693450369
1.488810933	0.723312176	0.744558163	0.021245988	0.796482301	0.692634025
1.491012358	0.722903052	0.743743736	0.020840683	0.795666595	0.691820877
1.493213783	0.722493929	0.742932488	0.020438559	0.794854063	0.691010913
1.495415208	0.722084805	0.74212441	0.020039605	0.794044696	0.690204124
1.497616633	0.721675682	0.741319491	0.01964381	0.793238484	0.689400499
1.499818059	0.721266558	0.740517721	0.019251163	0.792435415	0.688600027
1.502019484	0.720857435	0.739719088	0.018861654	0.791635479	0.687802698
1.504220909	0.720448311	0.73892358	0.018475269	0.790838663	0.687008498
1.506422334	0.720039188	0.738131185	0.018091997	0.790044954	0.686217416
1.50862376	0.719630064	0.73734189	0.017711826	0.789254341	0.685429438
1.510825185	0.71922094	0.736555681	0.017334741	0.788466811	0.684644552
1.51302661	0.718811817	0.735772546	0.016960729	0.787682349	0.683862744
1.515228035	0.718402693	0.734992471	0.016589777	0.786900942	0.683083999
1.517429461	0.71799357	0.73421544	0.01622187	0.786122575	0.682308304
1.519630886	0.717584446	0.733441439	0.015856992	0.785347234	0.681535643
1.521832311	0.717175323	0.732670452	0.01549513	0.784574904	0.680766001
1.524033736	0.716766199	0.731902466	0.015136266	0.783805569	0.679999362
1.526235161	0.716357076	0.731137462	0.014780386	0.783039213	0.679235711
1.528436587	0.715947952	0.730375425	0.014427473	0.78227582	0.67847503
1.530638012	0.715538829	0.729616339	0.01407751	0.781515374	0.677717303
1.532839437	0.715129705	0.728860186	0.01373048	0.780757858	0.676962514
1.535040862	0.714720582	0.728106948	0.013386366	0.780003253	0.676210643
1.537242288	0.714311458	0.727356609	0.01304515	0.779251544	0.675461674
1.539443713	0.713902335	0.726609149	0.012706815	0.778502711	0.674715588
1.541645138	0.713493211	0.725864552	0.01237134	0.777756737	0.673972366
1.543846563	0.713084088	0.725122797	0.012038709	0.777013603	0.673231991
1.546047988	0.712674964	0.724383866	0.011708902	0.77627329	0.672494442
1.548249414	0.712265841	0.723647739	0.011381899	0.775535779	0.6717597
1.550450839	0.711856717	0.722914398	0.011057681	0.774801051	0.671027745
1.552652264	0.711447594	0.722183821	0.010736228	0.774069085	0.670298558
1.554853689	0.71103847	0.72145599	0.010417519	0.773339862	0.669572117
1.557055115	0.710629347	0.720730882	0.010101536	0.772613362	0.668848403
1.55925654	0.710220223	0.720008479	0.009788256	0.771889564	0.668127394
1.561457965	0.7098111	0.719288758	0.009477658	0.771168447	0.667409069
1.56365939	0.709401976	0.718571698	0.009169722	0.77044999	0.666693407
1.565860816	0.708992853	0.717857279	0.008864426	0.769734172	0.665980385
1.568062241	0.708583729	0.717145477	0.008561748	0.769020971	0.665269983
1.570263666	0.708174606	0.716436272	0.008261666	0.768310366	0.664562178
1.572465091	0.707765482	0.715729641	0.007964159	0.767602335	0.663856947
1.574666516	0.707356359	0.715025561	0.007669203	0.766896855	0.663154268
1.576867942	0.706947235	0.714324011	0.007376776	0.766193904	0.662454118
1.579069367	0.706538112	0.713624967	0.007086855	0.765493459	0.661756474
1.581270792	0.706128988	0.712928406	0.006799418	0.764795499	0.661061313
1.583472217	0.705719865	0.712234305	0.006514441	0.764099999	0.660368611
1.585673643	0.705310741	0.711542641	0.0062319	0.763406937	0.659678345
1.587875068	0.704901618	0.71085339	0.005951773	0.76271629	0.658990491
1.590076493	0.704492494	0.710166529	0.005674035	0.762028033	0.658305026
1.592277918	0.704083371	0.709482034	0.005398663	0.761342144	0.657621924
1.594479344	0.703674247	0.70879988	0.005125633	0.760658598	0.656941162
1.596680769	0.703265124	0.708120044	0.00485492	0.759977372	0.656262715
1.598882194	0.702856	0.7074425	0.0045865	0.759298441	0.65558656
1.601083619	0.702446877	0.706767226	0.00432035	0.758621783	0.65491267
1.603285044	0.702037753	0.706094196	0.004056443	0.757947371	0.654241022
1.60548647	0.701628629	0.705423386	0.003794757	0.757275182	0.65357159
1.607687895	0.701219506	0.704754771	0.003535265	0.756605192	0.65290435
1.60988932	0.700810382	0.704088325	0.003277943	0.755937375	0.652239276
1.612090745	0.700401259	0.703424025	0.003022766	0.755271707	0.651576344
1.614292171	0.699992135	0.702761845	0.00276971	0.754608163	0.650915527
1.616493596	0.699583012	0.70210176	0.002518748	0.753946719	0.650256801
1.618695021	0.699173888	0.701443744	0.002269856	0.753287349	0.64960014
1.620896446	0.698764765	0.700787773	0.002023009	0.752630029	0.648945518
1.623097871	0.698355641	0.700133822	0.00177818	0.751974733	0.64829291
1.625299297	0.697946518	0.699481863	0.001535346	0.751321436	0.647642291
1.627500722	0.697537394	0.698831874	0.001294479	0.750670113	0.646993634
1.629702147	0.697128271	0.698183827	0.001055556	0.750020739	0.646346914
1.631903572	0.696719147	0.697537697	0.00081855	0.749373289	0.645702106
1.634104998	0.696310024	0.69689346	0.000583436	0.748727736	0.645059183
1.636306423	0.6959009	0.696251088	0.000350188	0.748084057	0.644418119
1.638507848	0.695491777	0.695610557	0.000118781	0.747442225	0.64377889
1.640709273	0.695082653	0.694971842	-0.000110812	0.746802216	0.643141468
1.642910699	0.69467353	0.694334916	-0.000338614	0.746164003	0.642505828
1.645112124	0.694264406	0.693699754	-0.000564653	0.745527562	0.641871945
1.647313549	0.693855283	0.69306633	-0.000788953	0.744892867	0.641239793
1.649514974	0.693446159	0.692434619	-0.00101154	0.744259893	0.640609345
1.651716399	0.693037036	0.691804595	-0.00123244	0.743628615	0.639980576
1.653917825	0.692627912	0.691176233	-0.001451679	0.742999006	0.639353461
1.65611925	0.692218789	0.690549508	-0.001669281	0.742371043	0.638727973
1.658320675	0.691809665	0.689924393	-0.001885272	0.741744699	0.638104087
1.6605221	0.691400542	0.689300864	-0.002099678	0.74111995	0.637481778
1.662723526	0.690991418	0.688678895	-0.002312523	0.74049677	0.63686102
1.664924951	0.690582295	0.68805846	-0.002523834	0.739875134	0.636241787
1.667126376	0.690173171	0.687439536	-0.002733635	0.739255017	0.635624054
1.669327801	0.689764048	0.686822095	-0.002941952	0.738636394	0.635007797
1.671529227	0.689354924	0.686206114	-0.00314881	0.738019241	0.634392988
1.673730652	0.688945801	0.685591568	-0.003354233	0.737403531	0.633779604
1.675932077	0.688536677	0.68497843	-0.003558247	0.736789241	0.633167619
1.678133502	0.688127554	0.684366678	-0.003760876	0.736176346	0.632557009
1.680334927	0.68771843	0.683756285	-0.003962145	0.735564821	0.631947748
1.682536353	0.687309307	0.683147227	-0.00416208	0.734954642	0.631339812
1.684737778	0.686900183	0.68253948	-0.004360704	0.734345783	0.630733176
1.686939203	0.68649106	0.681933018	-0.004558041	0.733738222	0.630127815
1.689140628	0.686081936	0.681327819	-0.004754117	0.733131932	0.629523706
1.691342054	0.685672813	0.680723857	-0.004948955	0.732526891	0.628920823
1.693543479	0.685263689	0.680121109	-0.00514258	0.731923074	0.628319144
1.695744904	0.684854566	0.67951955	-0.005335015	0.731320458	0.627718643
1.697946329	0.684445442	0.678919157	-0.005526285	0.730719017	0.627119297
1.700147754	0.684036318	0.678319906	-0.005716412	0.73011873	0.626521082
1.70234918	0.683627195	0.677721774	-0.005905421	0.729519572	0.625923975
1.704550605	0.683218071	0.677124736	-0.006093336	0.728921519	0.625327952
1.70675203	0.682808948	0.67652877	-0.006280178	0.728324549	0.624732991
1.708953455	0.682399824	0.675933853	-0.006465972	0.727728639	0.624139067
1.711154881	0.681990701	0.675339961	-0.00665074	0.727133764	0.623546159
1.713356306	0.681581577	0.674747073	-0.006834505	0.726539903	0.622954243
1.715557731	0.681172454	0.674155165	-0.007017289	0.725947033	0.622363296
1.717759156	0.68076333	0.673564214	-0.007199116	0.72535513	0.621773298
1.719960582	0.680354207	0.672974199	-0.007380008	0.724764174	0.621184225
1.722162007	0.679945083	0.672385098	-0.007559986	0.724174141	0.620596055
1.724363432	0.67953596	0.671796888	-0.007739072	0.723585009	0.620008767
1.726564857	0.679126836	0.671209548	-0.007917289	0.722996756	0.619422339
1.728766282	0.678717713	0.670623056	-0.008094657	0.722409361	0.61883675
1.730967708	0.678308589	0.670037391	-0.008271199	0.721822803	0.618251979
1.733169133	0.677899466	0.669452531	-0.008446935	0.721237058	0.617668004
1.735370558	0.677490342	0.668868457	-0.008621886	0.720652108	0.617084805
1.737571983	0.677081219	0.668285146	-0.008796073	0.72006793	0.616502362
1.739773409	0.676672095	0.667702579	-0.008969517	0.719484503	0.615920654
1.741974834	0.676262972	0.667120734	-0.009142238	0.718901807	0.615339661
1.744176259	0.675853848	0.666539593	-0.009314255	0.718319822	0.614759364
1.746377684	0.675444725	0.665959134	-0.00948559	0.717738527	0.614179742
1.74857911	0.675035601	0.665379339	-0.009656262	0.717157902	0.613600777
1.750780535	0.674626478	0.664800188	-0.00982629	0.716577927	0.613022449
1.75298196	0.674217354	0.664221661	-0.009995693	0.715998583	0.612444739
1.755183385	0.673808231	0.66364374	-0.010164491	0.71541985	0.611867629
1.75738481	0.673399107	0.663066405	-0.010332703	0.714841708	0.611291101
1.759586236	0.672989984	0.662489638	-0.010500346	0.71426414	0.610715136
1.761787661	0.67258086	0.661913421	-0.01066744	0.713687125	0.610139716
1.763989086	0.672171737	0.661337735	-0.010834002	0.713110646	0.609564824
1.766190511	0.671762613	0.660762563	-0.01100005	0.712534684	0.608990442
1.768391937	0.67135349	0.660187887	-0.011165603	0.71195922	0.608416553
1.770593362	0.670944366	0.659613689	-0.011330677	0.711384237	0.607843141
1.772794787	0.670535243	0.659039953	-0.01149529	0.710809717	0.607270189
1.774996212	0.670126119	0.658466661	-0.011659458	0.710235643	0.60669768
1.777197637	0.669716996	0.657893797	-0.011823198	0.709661997	0.606125598
1.779399063	0.669307872	0.657321345	-0.011986527	0.709088762	0.605553927
1.781600488	0.668898749	0.656749287	-0.012149461	0.708515921	0.604982653
1.783801913	0.668489625	0.656177609	-0.012312016	0.707943458	0.604411759
1.786003338	0.668080502	0.655606294	-0.012474207	0.707371357	0.603841231
1.788204764	0.667671378	0.655035327	-0.012636051	0.706799601	0.603271054
1.790406189	0.667262255	0.654464694	-0.012797561	0.706228174	0.602701213
1.792607614	0.666853131	0.653894378	-0.012958753	0.705657062	0.602131694
1.794809039	0.666444007	0.653324366	-0.013119642	0.705086247	0.601562484
1.797010465	0.666034884	0.652754642	-0.013280242	0.704515716	0.600993568
1.79921189	0.66562576	0.652185193	-0.013440567	0.703945453	0.600424934
1.801413315	0.665216637	0.651616006	-0.013600631	0.703375444	0.599856567
1.80361474	0.664807513	0.651047065	-0.013760448	0.702805674	0.599288456
1.805816165	0.66439839	0.650478358	-0.013920032	0.702236129	0.598720588
1.808017591	0.663989266	0.649909873	-0.014079394	0.701666795	0.59815295
1.810219016	0.663580143	0.649341595	-0.014238548	0.701097659	0.597585531
1.812420441	0.663171019	0.648773512	-0.014397507	0.700528707	0.597018318
1.814621866	0.662761896	0.648205613	-0.014556283	0.699959926	0.596451301
1.816823292	0.662352772	0.647637885	-0.014714887	0.699391302	0.595884467
1.819024717	0.661943649	0.647070316	-0.014873333	0.698822825	0.595317807
1.821226142	0.661534525	0.646502895	-0.015031631	0.69825448	0.59475131
1.823427567	0.661125402	0.64593561	-0.015189792	0.697686256	0.594184964
1.825628993	0.660716278	0.645368451	-0.015347827	0.697118141	0.593618761
1.827830418	0.660307155	0.644801407	-0.015505748	0.696550124	0.59305269
1.830031843	0.659898031	0.644234467	-0.015663564	0.695982193	0.592486742
1.832233268	0.659488908	0.643667622	-0.015821286	0.695414336	0.591920907
1.834434693	0.659079784	0.64310086	-0.015978924	0.694846544	0.591355177
1.836636119	0.658670661	0.642534174	-0.016136487	0.694278805	0.590789542
1.838837544	0.658261537	0.641967553	-0.016293985	0.69371111	0.590223995
1.841038969	0.657852414	0.641400987	-0.016451426	0.693143448	0.589658527
1.843240394	0.65744329	0.64083447	-0.016608821	0.692575809	0.58909313
1.84544182	0.657034167	0.640267991	-0.016766176	0.692008184	0.588527797
1.847643245	0.656625043	0.639701542	-0.016923501	0.691440564	0.58796252
1.84984467	0.65621592	0.639135116	-0.017080804	0.69087294	0.587397292
1.852046095	0.655806796	0.638568704	-0.017238092	0.690305302	0.586832106
1.85424752	0.655397673	0.638002299	-0.017395373	0.689737643	0.586266955
1.856448946	0.654988549	0.637435895	-0.017552655	0.689169955	0.585701834
1.858650371	0.654579426	0.636869482	-0.017709943	0.688602229	0.585136735
1.860851796	0.654170302	0.636303056	-0.017867246	0.688034458	0.584571654
1.863053221	0.653761179	0.63573661	-0.018024569	0.687466635	0.584006584
1.865254647	0.653352055	0.635170136	-0.018181919	0.686898752	0.583441521
1.867456072	0.652942932	0.63460363	-0.018339301	0.686330802	0.582876458
1.869657497	0.652533808	0.634037086	-0.018496722	0.68576278	0.582311392
1.871858922	0.652124685	0.633470497	-0.018654187	0.685194678	0.581746317
1.874060348	0.651715561	0.63290386	-0.018811701	0.68462649	0.581181229
1.876261773	0.651306438	0.632337168	-0.018969269	0.684058212	0.580616124
1.878463198	0.650897314	0.631770418	-0.019126896	0.683489837	0.580050998
1.880664623	0.650488191	0.631203604	-0.019284586	0.682921361	0.579485848
1.882866048	0.650079067	0.630636723	-0.019442344	0.682352777	0.578920669
1.885067474	0.649669944	0.630069771	-0.019600173	0.681784082	0.578355459
1.887268899	0.64926082	0.629502743	-0.019758077	0.681215272	0.577790214
1.889470324	0.648851696	0.628935637	-0.01991606	0.680646341	0.577224932
1.891671749	0.648442573	0.628368448	-0.020074125	0.680077286	0.576659611
1.893873175	0.648033449	0.627801175	-0.020232274	0.679508104	0.576094247
1.8960746	0.647624326	0.627233815	-0.020390511	0.678938791	0.575528839
1.898276025	0.647215202	0.626666364	-0.020548839	0.678369344	0.574963384
1.90047745	0.646806079	0.626098821	-0.020707258	0.67779976	0.574397881
1.902678876	0.646396955	0.625531183	-0.020865773	0.677230037	0.573832329
1.904880301	0.645987832	0.624963449	-0.021024383	0.676660172	0.573266726
1.907081726	0.645578708	0.624395617	-0.021183092	0.676090163	0.57270107
1.909283151	0.645169585	0.623827685	-0.021341899	0.675520009	0.572135361
1.911484576	0.644760461	0.623259654	-0.021500808	0.674949709	0.571569599
1.913686002	0.644351338	0.622691521	-0.021659817	0.67437926	0.571003782
1.915887427	0.643942214	0.622123285	-0.021818929	0.673808661	0.570437909
1.918088852	0.643533091	0.621554948	-0.021978143	0.673237913	0.569871982
1.920290277	0.643123967	0.620986507	-0.02213746	0.672667014	0.569306
1.922491703	0.642714844	0.620417964	-0.02229688	0.672095965	0.568739962
1.924693128	0.64230572	0.619849318	-0.022456403	0.671524766	0.56817387
1.926894553	0.641896597	0.619280569	-0.022616028	0.670953416	0.567607723
1.929095978	0.641487473	0.618711719	-0.022775754	0.670381916	0.567041522
1.931297403	0.64107835	0.618142768	-0.022935582	0.669810267	0.566475268
1.933498829	0.640669226	0.617573717	-0.02309551	0.669238471	0.565908962
1.935700254	0.640260103	0.617004567	-0.023255536	0.668666528	0.565342605
1.937901679	0.639850979	0.616435319	-0.02341566	0.66809444	0.564776198
1.940103104	0.639441856	0.615865976	-0.02357588	0.667522209	0.564209743
1.94230453	0.639032732	0.615296539	-0.023736194	0.666949837	0.56364324
1.944505955	0.638623609	0.614727009	-0.0238966	0.666377325	0.563076693
1.94670738	0.638214485	0.61415739	-0.024057096	0.665804678	0.562510101
1.948908805	0.637805362	0.613587682	-0.024217679	0.665231897	0.561943468
1.951110231	0.637396238	0.61301789	-0.024378348	0.664658985	0.561376795
1.953311656	0.636987115	0.612448016	-0.024539099	0.664085946	0.560810085
1.955513081	0.636577991	0.611878061	-0.02469993	0.663512783	0.560243339
1.957714506	0.636168868	0.611308031	-0.024860837	0.6629395	0.559676561
1.959915931	0.635759744	0.610737926	-0.025021818	0.662366101	0.559109752
1.962117357	0.635350621	0.610167752	-0.025182868	0.66179259	0.558542915
1.964318782	0.634941497	0.609597512	-0.025343985	0.661218971	0.557976053
1.966520207	0.634532374	0.609027209	-0.025505164	0.660645249	0.557409169
1.968721632	0.63412325	0.608456847	-0.025666403	0.660071429	0.556842265
1.970923058	0.633714127	0.607886431	-0.025827696	0.659497516	0.556275345
1.973124483	0.633305003	0.607315964	-0.025989039	0.658923515	0.555708412
1.975325908	0.63289588	0.60674545	-0.026150429	0.658349432	0.555141469
1.977527333	0.632486756	0.606174895	-0.026311861	0.657775272	0.554574519
1.979728759	0.632077632	0.605604303	-0.026473329	0.657201041	0.554007566
1.981930184	0.631668509	0.605033679	-0.02663483	0.656626745	0.553440612
1.984131609	0.631259385	0.604463027	-0.026796359	0.656052391	0.552873663
1.986333034	0.630850262	0.603892353	-0.026957909	0.655477985	0.55230672
1.988534459	0.630441138	0.603321661	-0.027119477	0.654903535	0.551739788
1.990735885	0.630032015	0.602750958	-0.027281057	0.654329045	0.551172871
1.99293731	0.629622891	0.602180249	-0.027442643	0.653754525	0.550605972
1.995138735	0.629213768	0.601609538	-0.027604229	0.653179981	0.550039096
1.99734016	0.628804644	0.601038833	-0.027765811	0.652605421	0.549472245
1.999541586	0.628395521	0.600468138	-0.027927382	0.652030852	0.548905425
2.001743011	0.627986397	0.599897461	-0.028088937	0.651456282	0.548338639
2.003944436	0.627577274	0.599326805	-0.028250469	0.650881719	0.547771892
2.006145861	0.62716815	0.598756179	-0.028411971	0.650307171	0.547205187
2.008347286	0.626759027	0.598185588	-0.028573439	0.649732647	0.546638529
2.010548712	0.626349903	0.597615038	-0.028734865	0.649158155	0.546071922
2.012750137	0.62594078	0.597044537	-0.028896243	0.648583704	0.54550537
2.014951562	0.625531656	0.59647409	-0.029057566	0.648009302	0.544938878
2.017152987	0.625122533	0.595903704	-0.029218828	0.647434959	0.54437245
2.019354413	0.624713409	0.595333387	-0.029380022	0.646860684	0.54380609
2.021555838	0.624304286	0.594763144	-0.029541141	0.646286485	0.543239804
2.023757263	0.623895162	0.594192984	-0.029702179	0.645712373	0.542673594
2.025958688	0.623486039	0.593622912	-0.029863127	0.645138357	0.542107467
2.028160114	0.623076915	0.593052936	-0.030023979	0.644564446	0.541541427
2.030361539	0.622667792	0.592483064	-0.030184728	0.64399065	0.540975478
2.032562964	0.622258668	0.591913302	-0.030345366	0.643416979	0.540409624
2.034764389	0.621849545	0.591343658	-0.030505887	0.642843444	0.539843871
2.036965814	0.621440421	0.590774139	-0.030666282	0.642270054	0.539278224
2.03916724	0.621031298	0.590204753	-0.030826545	0.64169682	0.538712686
2.041368665	0.620622174	0.589635507	-0.030986667	0.641123751	0.538147263
2.04357009	0.620213051	0.589066409	-0.031146641	0.640550859	0.53758196
2.045771515	0.619803927	0.588497467	-0.03130646	0.639978154	0.53701678
2.047972941	0.619394804	0.587928688	-0.031466115	0.639405646	0.53645173
2.050174366	0.61898568	0.58736008	-0.0316256	0.638833346	0.535886814
2.052375791	0.618576557	0.586791652	-0.031784905	0.638261266	0.535322037
2.054577216	0.618167433	0.586223409	-0.031944024	0.637689415	0.534757404
2.056778642	0.61775831	0.585655362	-0.032102948	0.637117805	0.534192919
2.058980067	0.617349186	0.585087517	-0.032261669	0.636546446	0.533628588
2.061181492	0.616940063	0.584519883	-0.032420179	0.635975351	0.533064416
2.063382917	0.616530939	0.583952468	-0.032578471	0.635404529	0.532500407
2.065584342	0.616121816	0.583385279	-0.032736536	0.634833992	0.531936567
2.067785768	0.615712692	0.582818326	-0.032894366	0.634263751	0.5313729
2.069987193	0.615303569	0.582251615	-0.033051953	0.633693818	0.530809412
2.072188618	0.614894445	0.581685156	-0.033209289	0.633124203	0.530246108
2.074390043	0.614485321	0.581118955	-0.033366366	0.632554918	0.529682993
2.076591469	0.614076198	0.580553023	-0.033523175	0.631985974	0.529120072
2.078792894	0.613667074	0.579987366	-0.033679708	0.631417382	0.52855735
2.080994319	0.613257951	0.579421993	-0.033835958	0.630849154	0.527994832
2.083195744	0.612848827	0.578856913	-0.033991915	0.630281301	0.527432524
2.085397169	0.612439704	0.578292132	-0.034147572	0.629713834	0.526870431
2.087598595	0.61203058	0.577727661	-0.034302919	0.629146765	0.526308557
2.08980002	0.611621457	0.577163507	-0.03445795	0.628580104	0.525746909
2.092001445	0.611212333	0.576599677	-0.034612656	0.628013863	0.525185492
2.09420287	0.61080321	0.576036182	-0.034767028	0.627448053	0.52462431
2.096404296	0.610394086	0.575473028	-0.034921058	0.626882686	0.52406337
2.098605721	0.609984963	0.574910224	-0.035074739	0.626317772	0.523502677
2.100807146	0.609575839	0.574347779	-0.035228061	0.625753322	0.522942235
2.103008571	0.609166716	0.5737857	-0.035381016	0.625189348	0.522382051
2.105209997	0.608757592	0.573223996	-0.035533597	0.624625861	0.521822131
2.107411422	0.608348469	0.572662675	-0.035685794	0.62406287	0.521262479
2.109612847	0.607939345	0.572101745	-0.035837601	0.623500388	0.520703101
2.111814272	0.607530222	0.571541214	-0.035989008	0.622938424	0.520144004
2.114015697	0.607121098	0.570981091	-0.036140007	0.62237699	0.519585191
2.116217123	0.606711975	0.570421383	-0.036290591	0.621816096	0.51902667
2.118418548	0.606302851	0.5698621	-0.036440752	0.621255753	0.518468447
2.120619973	0.605893728	0.569303248	-0.03659048	0.62069597	0.517910525
2.122821398	0.605484604	0.568744836	-0.036739768	0.620136758	0.517352913
2.125022824	0.605075481	0.568186872	-0.036888609	0.619578128	0.516795615
2.127224249	0.604666357	0.567629363	-0.037036994	0.619020089	0.516238638
2.129425674	0.604257234	0.567072319	-0.037184915	0.618462651	0.515681987
2.131627099	0.60384811	0.566515746	-0.037332364	0.617905823	0.515125669
2.133828525	0.603438987	0.565959653	-0.037479334	0.617349617	0.51456969
2.13602995	0.603029863	0.565404047	-0.037625816	0.61679404	0.514014055
2.138231375	0.60262074	0.564848937	-0.037771803	0.616239102	0.513458772
2.1404328	0.602211616	0.564294329	-0.037917287	0.615684813	0.512903846
2.142634225	0.601802493	0.563740232	-0.03806226	0.615131181	0.512349284
2.144835651	0.601393369	0.563186654	-0.038206715	0.614578216	0.511795092
2.147037076	0.600984246	0.562633601	-0.038350645	0.614025925	0.511241277
2.149238501	0.600575122	0.562081082	-0.038494041	0.613474318	0.510687845
2.151439926	0.600165999	0.561529103	-0.038636896	0.612923403	0.510134803
2.153641352	0.599756875	0.560977673	-0.038779202	0.612373187	0.509582158
2.155842777	0.599347752	0.560426798	-0.038920954	0.61182368	0.509029916
2.158044202	0.598938628	0.559876486	-0.039062142	0.611274888	0.508478085
2.160245627	0.598529505	0.559326745	-0.03920276	0.610726819	0.507926671
2.162447052	0.598120381	0.558777581	-0.0393428	0.61017948	0.507375681
2.164648478	0.597711258	0.558229001	-0.039482257	0.609632879	0.506825123
2.166849903	0.597302134	0.557681013	-0.039621121	0.609087023	0.506275003
2.169051328	0.59689301	0.557133623	-0.039759387	0.608541917	0.505725329
2.171252753	0.596483887	0.556586839	-0.039897048	0.60799757	0.505176108
2.173454179	0.596074763	0.556040667	-0.040034097	0.607453986	0.504627348
2.175655604	0.59566564	0.555495114	-0.040170526	0.606911172	0.504079056
2.177857029	0.595256516	0.554950187	-0.04030633	0.606369135	0.503531239
2.180058454	0.594847393	0.554405892	-0.040441501	0.605827878	0.502983906
2.18225988	0.594438269	0.553862236	-0.040576033	0.605287408	0.502437064
2.184461305	0.594029146	0.553319226	-0.04070992	0.60474773	0.501890722
2.18666273	0.593620022	0.552776867	-0.040843155	0.604208848	0.501344886
2.188864155	0.593210899	0.552235166	-0.040975733	0.603670768	0.500799565
2.19106558	0.592801775	0.55169413	-0.041107645	0.603133493	0.500254768
2.193267006	0.592392652	0.551153764	-0.041238888	0.602597027	0.499710502
2.195468431	0.591983528	0.550614075	-0.041369453	0.602061375	0.499166775
2.197669856	0.591574405	0.550075068	-0.041499337	0.60152654	0.498623597
2.199871281	0.591165281	0.54953675	-0.041628531	0.600992525	0.498080975
2.202072707	0.590756158	0.548999126	-0.041757032	0.600459334	0.497538919
2.204274132	0.590347034	0.548462202	-0.041884832	0.599926968	0.496997436
2.206475557	0.589937911	0.547925984	-0.042011927	0.599395432	0.496456536
2.208676982	0.589528787	0.547390477	-0.042138311	0.598864726	0.495916227
2.210878408	0.589119664	0.546855686	-0.042263978	0.598334854	0.495376519
2.213079833	0.58871054	0.546321618	-0.042388922	0.597805816	0.49483742
2.215281258	0.588301417	0.545788277	-0.04251314	0.597277615	0.494298939
2.217482683	0.587892293	0.545255668	-0.042636625	0.596750251	0.493761086
2.219684108	0.58748317	0.544723798	-0.042759372	0.596223726	0.49322387
2.221885534	0.587074046	0.54419267	-0.042881377	0.595698039	0.4926873
2.224086959	0.586664923	0.543662289	-0.043002634	0.595173193	0.492151385
2.226288384	0.586255799	0.543132661	-0.043123138	0.594649186	0.491616136
2.228489809	0.585846676	0.54260379	-0.043242885	0.59412602	0.491081561
2.230691235	0.585437552	0.542075681	-0.043361871	0.593603692	0.49054767
2.23289266	0.585028429	0.541548339	-0.04348009	0.593082204	0.490014473
2.235094085	0.584619305	0.541021767	-0.043597538	0.592561554	0.48948198
2.23729551	0.584210182	0.54049597	-0.043714211	0.592041741	0.4889502
2.239496935	0.583801058	0.539970953	-0.043830105	0.591522764	0.488419143
2.241698361	0.583391935	0.53944672	-0.043945215	0.591004621	0.487888819
2.243899786	0.582982811	0.538923274	-0.044059537	0.59048731	0.487359238
2.246101211	0.582573688	0.53840062	-0.044173068	0.58997083	0.48683041
2.248302636	0.582164564	0.537878761	-0.044285803	0.589455178	0.486302344
2.250504062	0.581755441	0.537357702	-0.044397739	0.588940352	0.485775052
2.252705487	0.581346317	0.536837446	-0.044508871	0.588426349	0.485248543
2.254906912	0.580937194	0.536317996	-0.044619197	0.587913166	0.484722826
2.257108337	0.58052807	0.535799357	-0.044728713	0.5874008	0.484197913
2.259309763	0.580118947	0.535281531	-0.044837416	0.586889248	0.483673813
2.261511188	0.579709823	0.534764521	-0.044945302	0.586378506	0.483150537
2.263712613	0.579300699	0.534248332	-0.045052367	0.58586857	0.482628094
2.265914038	0.578891576	0.533732966	-0.04515861	0.585359438	0.482106494
2.268115463	0.578482452	0.533218426	-0.045264027	0.584851103	0.481585748
2.270316889	0.578073329	0.532704715	-0.045368614	0.584343563	0.481065866
2.272518314	0.577664205	0.532191835	-0.04547237	0.583836813	0.480546857
2.274719739	0.577255082	0.53167979	-0.045575292	0.583330849	0.480028732
2.276921164	0.576845958	0.531168582	-0.045677376	0.582825664	0.4795115
2.27912259	0.576436835	0.530658214	-0.045778621	0.582321256	0.478995172
2.281324015	0.576027711	0.530148688	-0.045879024	0.581817619	0.478479757
2.28352544	0.575618588	0.529640006	-0.045978582	0.581314747	0.477965265
2.285726865	0.575209464	0.52913217	-0.046077294	0.580812636	0.477451705
2.287928291	0.574800341	0.528625184	-0.046175157	0.580311279	0.476939088
2.290129716	0.574391217	0.528119048	-0.04627217	0.579810673	0.476427423
2.292331141	0.573982094	0.527613764	-0.046368329	0.579310811	0.475916718
2.294532566	0.57357297	0.527109336	-0.046463635	0.578811688	0.475406983
2.296733991	0.573163847	0.526605763	-0.046558084	0.578313298	0.474898228
2.298935417	0.572754723	0.526103048	-0.046651675	0.577815635	0.474390462
2.301136842	0.5723456	0.525601193	-0.046744407	0.577318694	0.473883692
2.303338267	0.571936476	0.525100198	-0.046836278	0.576822469	0.473377928
2.305539692	0.571527353	0.524600066	-0.046927286	0.576326954	0.472873178
2.307741118	0.571118229	0.524100798	-0.047017432	0.575832144	0.472369451
2.309942543	0.570709106	0.523602394	-0.047106712	0.575338033	0.471866755
2.312143968	0.570299982	0.523104856	-0.047195127	0.574844614	0.471365097
2.314345393	0.569890859	0.522608184	-0.047282674	0.574351884	0.470864485
2.316546818	0.569481735	0.522112381	-0.047369355	0.573859835	0.470364927
2.318748244	0.569072612	0.521617446	-0.047455166	0.573368462	0.469866429
2.320949669	0.568663488	0.52112338	-0.047540108	0.57287776	0.469369
2.323151094	0.568254365	0.520630184	-0.047624181	0.572387723	0.468872644
2.325352519	0.567845241	0.520137859	-0.047707383	0.571898347	0.46837737
2.327553945	0.567436118	0.519646404	-0.047789714	0.571409626	0.467883182
2.32975537	0.567026994	0.519155821	-0.047871173	0.570921555	0.467390087
2.331956795	0.566617871	0.518666109	-0.047951761	0.570434129	0.46689809
2.33415822	0.566208747	0.51817727	-0.048031477	0.569947343	0.466407196
2.336359646	0.565799624	0.517689302	-0.048110322	0.569461194	0.46591741
2.338561071	0.5653905	0.517202206	-0.048188294	0.568975677	0.465428736
2.340762496	0.564981377	0.516715983	-0.048265394	0.568490787	0.464941178
2.342963921	0.564572253	0.516230631	-0.048341622	0.568006522	0.46445474
2.345165346	0.56416313	0.51574615	-0.048416979	0.567522877	0.463969424
2.347366772	0.563754006	0.515262541	-0.048491465	0.567039849	0.463485234
2.349568197	0.563344883	0.514779803	-0.048565079	0.566557436	0.463002171
2.351769622	0.562935759	0.514297936	-0.048637823	0.566075634	0.462520238
2.353971047	0.562526636	0.513816939	-0.048709697	0.565594442	0.462039436
2.356172473	0.562117512	0.513336811	-0.048780701	0.565113857	0.461559765
2.358373898	0.561708388	0.512857552	-0.048850837	0.564633878	0.461081226
2.360575323	0.561299265	0.512379161	-0.048920104	0.564154503	0.460603818
2.362776748	0.560890141	0.511901637	-0.048988505	0.563675733	0.460127541
2.364978174	0.560481018	0.511424979	-0.049056039	0.563197566	0.459652392
2.367179599	0.560071894	0.510949187	-0.049122707	0.562720003	0.459178371
2.369381024	0.559662771	0.510474259	-0.049188512	0.562243044	0.458705474
2.371582449	0.559253647	0.510000194	-0.049253453	0.56176669	0.458233699
2.373783874	0.558844524	0.509526992	-0.049317532	0.561290944	0.45776304
2.3759853	0.5584354	0.50905465	-0.04938075	0.560815806	0.457293494
2.378186725	0.558026277	0.508583168	-0.049443109	0.56034128	0.456825056
2.38038815	0.557617153	0.508112544	-0.04950461	0.559867369	0.456357718
2.382589575	0.55720803	0.507642776	-0.049565254	0.559394077	0.455891475
2.384791001	0.556798906	0.507173864	-0.049625042	0.558921409	0.455426319
2.386992426	0.556389783	0.506705805	-0.049683977	0.558449368	0.454962242
2.389193851	0.555980659	0.506238599	-0.049742061	0.557977963	0.454499235
2.391395276	0.555571536	0.505772242	-0.049799293	0.557507197	0.454037287
2.393596701	0.555162412	0.505306735	-0.049855678	0.55703708	0.453576389
2.395798127	0.554753289	0.504842074	-0.049911215	0.556567619	0.453116528
2.397999552	0.554344165	0.504378258	-0.049965908	0.556098822	0.452657693
2.400200977	0.553935042	0.503915285	-0.050019757	0.5556307	0.452199869
2.402402402	0.553525918	0.503453153	-0.050072766	0.555163262	0.451743044
2.404603828	0.553116795	0.50299186	-0.050124935	0.554696519	0.4512872
2.406805253	0.552707671	0.502531404	-0.050176268	0.554230484	0.450832323
2.409006678	0.552298548	0.502071782	-0.050226765	0.553765169	0.450378396
2.411208103	0.551889424	0.501612994	-0.050276431	0.553300588	0.4499254
2.413409529	0.551480301	0.501155035	-0.050325265	0.552836755	0.449473316
2.415610954	0.551071177	0.500697905	-0.050373272	0.552373687	0.449022124
2.417812379	0.550662054	0.500241601	-0.050420453	0.551911399	0.448571802
2.420013804	0.55025293	0.49978612	-0.05046681	0.55144991	0.44812233
2.422215229	0.549843807	0.49933146	-0.050512347	0.550989237	0.447673682
2.424416655	0.549434683	0.498877618	-0.050557065	0.550529401	0.447225836
2.42661808	0.54902556	0.498424593	-0.050600967	0.550070422	0.446778764
2.428819505	0.548616436	0.497972381	-0.050644055	0.549612322	0.446332441
2.43102093	0.548207313	0.49752098	-0.050686332	0.549155123	0.445886838
2.433222356	0.547798189	0.497070388	-0.050727801	0.54869885	0.445441926
2.435423781	0.547389066	0.496620601	-0.050768465	0.548243527	0.444997674
2.437625206	0.546979942	0.496171617	-0.050808325	0.547789181	0.444554052
2.439826631	0.546570819	0.495723433	-0.050847386	0.54733584	0.444111026
2.442028057	0.546161695	0.495276047	-0.050885648	0.546883531	0.443668562
2.444229482	0.545752572	0.494829455	-0.050923117	0.546432285	0.443226625
2.446430907	0.545343448	0.494383655	-0.050959793	0.545982133	0.442785177
2.448632332	0.544934324	0.493938644	-0.05099568	0.545533108	0.442344181
2.450833757	0.544525201	0.493494419	-0.051030782	0.545085242	0.441903597
2.453035183	0.544116077	0.493050978	-0.0510651	0.544638571	0.441463385
2.455236608	0.543706954	0.492608316	-0.051098638	0.544193131	0.441023501
2.457438033	0.54329783	0.492166432	-0.051131398	0.54374896	0.440583904
2.459639458	0.542888707	0.491725322	-0.051163385	0.543306097	0.440144547
2.461840884	0.542479583	0.491284983	-0.0511946	0.542864582	0.439705385
2.464042309	0.54207046	0.490845413	-0.051225047	0.542424457	0.439266369
2.466243734	0.541661336	0.490406607	-0.051254729	0.541985765	0.43882745
2.468445159	0.541252213	0.489968564	-0.051283649	0.54154855	0.438388578
2.470646584	0.540843089	0.489531279	-0.05131181	0.541112859	0.4379497
2.47284801	0.540433966	0.489094751	-0.051339215	0.540678738	0.437510763
2.475049435	0.540024842	0.488658974	-0.051365868	0.540246237	0.437071711
2.47725086	0.539615719	0.488223948	-0.051391771	0.539815406	0.436632489
2.479452285	0.539206595	0.487789667	-0.051416928	0.539386297	0.436193038
2.481653711	0.538797472	0.48735613	-0.051441342	0.538958962	0.435753298
2.483855136	0.538388348	0.486923333	-0.051465015	0.538533456	0.435313209
2.486056561	0.537979225	0.486491272	-0.051487953	0.538109836	0.434872708
2.488257986	0.537570101	0.486059945	-0.051510156	0.537688159	0.434431731
2.490459412	0.537160978	0.485629348	-0.05153163	0.537268483	0.433990213
2.492660837	0.536751854	0.485199478	-0.051552376	0.53685087	0.433548086
2.494862262	0.536342731	0.484770332	-0.051572399	0.536435381	0.433105283
2.497063687	0.535933607	0.484341906	-0.051591701	0.53602208	0.432661732
2.499265112	0.535524484	0.483914197	-0.051610286	0.535611031	0.432217364
2.501466538	0.53511536	0.483487203	-0.051628157	0.5352023	0.431772106
2.503667963	0.534706237	0.483060919	-0.051645318	0.534795956	0.431325882
2.505869388	0.534297113	0.482635342	-0.051661771	0.534392066	0.430878618
2.508070813	0.53388799	0.48221047	-0.05167752	0.533990703	0.430430236
2.510272239	0.533478866	0.481786298	-0.051692568	0.533591936	0.429980659
2.512473664	0.533069743	0.481362824	-0.051706919	0.53319584	0.429529807
2.514675089	0.532660619	0.480940044	-0.051720576	0.532802489	0.429077598
2.516876514	0.532251496	0.480517954	-0.051733541	0.532411959	0.42862395
2.51907794	0.531842372	0.480096553	-0.051745819	0.532024325	0.428168781
2.521279365	0.531433249	0.479675836	-0.051757413	0.531639668	0.427712004
2.52348079	0.531024125	0.4792558	-0.051768325	0.531258066	0.427253535
2.525682215	0.530615002	0.478836442	-0.051778559	0.530879599	0.426793286
2.52788364	0.530205878	0.478417759	-0.051788119	0.530504349	0.426331168
2.530085066	0.529796755	0.477999747	-0.051797008	0.5301324	0.425867093
2.532286491	0.529387631	0.477582403	-0.051805228	0.529763835	0.425400971
2.534487916	0.528978508	0.477165724	-0.051812784	0.529398738	0.42493271
2.536689341	0.528569384	0.476749706	-0.051819678	0.529037195	0.424462218
2.538890767	0.528160261	0.476334347	-0.051825913	0.528679293	0.423989401
2.541092192	0.527751137	0.475919643	-0.051831494	0.52832512	0.423514167
2.543293617	0.527342013	0.475505592	-0.051836422	0.527974763	0.42303642
2.545495042	0.52693289	0.475092189	-0.051840701	0.527628311	0.422556066
2.547696467	0.526523766	0.474679431	-0.051844335	0.527285855	0.422073008
2.549897893	0.526114643	0.474267317	-0.051847326	0.526947484	0.421587149
2.552099318	0.525705519	0.473855841	-0.051849678	0.526613288	0.421098394
2.554300743	0.525296396	0.473445002	-0.051851394	0.52628336	0.420606644
2.556502168	0.524887272	0.473034796	-0.051852477	0.525957789	0.420111802
2.558703594	0.524478149	0.47262522	-0.051852929	0.52563667	0.41961377
2.560905019	0.524069025	0.472216271	-0.051852755	0.525320092	0.41911245
2.563106444	0.523659902	0.471807946	-0.051851956	0.525008148	0.418607743
2.565307869	0.523250778	0.471400241	-0.051850537	0.524700932	0.418099551
2.567509295	0.522841655	0.470993155	-0.0518485	0.524398534	0.417587776
2.56971072	0.522432531	0.470586683	-0.051845848	0.524101047	0.417072319
2.571912145	0.522023408	0.470180823	-0.051842585	0.523808563	0.416553084
2.57411357	0.521614284	0.469775572	-0.051838712	0.523521173	0.416029971
2.576314995	0.521205161	0.469370927	-0.051834233	0.52323897	0.415502885
2.578516421	0.520796037	0.468966885	-0.051829152	0.522962043	0.414971728
2.580717846	0.520386914	0.468563444	-0.05182347	0.522690483	0.414436404
2.582919271	0.51997779	0.468160599	-0.051817191	0.52242438	0.413896818
2.585120696	0.519568667	0.467758349	-0.051810318	0.522163823	0.413352875
2.587322122	0.519159543	0.467356691	-0.051802853	0.521908901	0.412804481


		
		
		
		
		
		
		
		
		
