TITLE = "oxygen alpha prediction MODEL 1" 

  VARIABLES = Tr	model_uncorrected	model_corrected	bias	upper	lower
0.388098318	0.984409994	0.76199041	-0.222419584	0.816407351	0.70757347
0.390299743	0.983911377	0.763353225	-0.220558152	0.817609759	0.709096691
0.392501169	0.98341276	0.764719522	-0.218693238	0.818820836	0.710618208
0.394702594	0.982914142	0.766089196	-0.216824946	0.820040378	0.712138013
0.396904019	0.982415525	0.767462142	-0.214953383	0.821268184	0.713656099
0.399105444	0.981916907	0.768838253	-0.213078654	0.822504049	0.715172457
0.40130687	0.98141829	0.770217425	-0.211200865	0.823747768	0.716687081
0.403508295	0.980919673	0.77159955	-0.209320123	0.824999137	0.718199962
0.40570972	0.980421055	0.772984522	-0.207436534	0.82625795	0.719711093
0.407911145	0.979922438	0.774372234	-0.205550204	0.827524002	0.721220465
0.410112571	0.979423821	0.775762579	-0.203661241	0.828797087	0.722728071
0.412313996	0.978925203	0.777155451	-0.201769753	0.830076999	0.724233902
0.414515421	0.978426586	0.77855074	-0.199875845	0.831363533	0.725737948
0.416716846	0.977927969	0.779948341	-0.197979628	0.832656482	0.7272402
0.418918271	0.977429351	0.781348144	-0.196081207	0.833955641	0.728740648
0.421119697	0.976930734	0.782750043	-0.194180691	0.835260804	0.730239281
0.423321122	0.976432116	0.784153928	-0.192278189	0.836571767	0.731736088
0.425522547	0.975933499	0.785559691	-0.190373808	0.837888325	0.733231057
0.427723972	0.975434882	0.786967224	-0.188467658	0.839210274	0.734724174
0.429925398	0.974936264	0.788376418	-0.186559846	0.840537409	0.736215427
0.432126823	0.974437647	0.789787164	-0.184650483	0.841869529	0.7377048
0.434328248	0.97393903	0.791199354	-0.182739676	0.84320643	0.739192278
0.436529673	0.973440412	0.792612877	-0.180827535	0.844547911	0.740677844
0.438731098	0.972941795	0.794027626	-0.178914169	0.845893771	0.742161481
0.440932524	0.972443177	0.79544349	-0.176999687	0.84724381	0.74364317
0.443133949	0.97194456	0.796860361	-0.175084199	0.848597829	0.745122893
0.445335374	0.971445943	0.798278129	-0.173167814	0.849955631	0.746600626
0.447536799	0.970947325	0.799696684	-0.171250642	0.851317017	0.74807635
0.449738225	0.970448708	0.801115917	-0.169332791	0.852681793	0.749550041
0.45193965	0.969950091	0.802535718	-0.167414373	0.854049762	0.751021673
0.454141075	0.969451473	0.803955978	-0.165495495	0.855420733	0.752491223
0.4563425	0.968952856	0.805376587	-0.163576269	0.856794512	0.753958662
0.458543926	0.968454239	0.806797435	-0.161656804	0.858170907	0.755423962
0.460745351	0.967955621	0.808218413	-0.159737208	0.85954973	0.756887095
0.462946776	0.967457004	0.80963941	-0.157817593	0.860930792	0.758348029
0.465148201	0.966958386	0.811060318	-0.155898068	0.862313905	0.759806732
0.467349626	0.966459769	0.812481027	-0.153978742	0.863698884	0.76126317
0.469551052	0.965961152	0.813901427	-0.152059725	0.865085544	0.762717309
0.471752477	0.965462534	0.815321408	-0.150141126	0.866473703	0.764169113
0.473953902	0.964963917	0.816740861	-0.148223056	0.867863179	0.765618543
0.476155327	0.9644653	0.818159677	-0.146305623	0.869253792	0.767065561
0.478356753	0.963966682	0.819577746	-0.144388937	0.870645364	0.768510127
0.480558178	0.963468065	0.820994958	-0.142473107	0.872037718	0.769952198
0.482759603	0.962969447	0.822411206	-0.140558242	0.873430679	0.771391732
0.484961028	0.96247083	0.823826379	-0.138644451	0.874824072	0.772828685
0.487162454	0.961972213	0.825240368	-0.136731844	0.876217727	0.77426301
0.489363879	0.961473595	0.826653066	-0.13482053	0.877611471	0.775694661
0.491565304	0.960974978	0.828064362	-0.132910615	0.879005137	0.777123588
0.493766729	0.960476361	0.82947415	-0.131002211	0.880398557	0.778549743
0.495968154	0.959977743	0.830882319	-0.129095424	0.881791565	0.779973074
0.49816958	0.959479126	0.832288763	-0.127190363	0.883183997	0.781393528
0.500371005	0.958980509	0.833693372	-0.125287137	0.884575691	0.782811053
0.50257243	0.958481891	0.835096039	-0.123385852	0.885966486	0.784225593
0.504773855	0.957983274	0.836496657	-0.121486617	0.887356222	0.785637092
0.506975281	0.957484656	0.837895118	-0.119589539	0.888744743	0.787045493
0.509176706	0.956986039	0.839291314	-0.117694725	0.890131892	0.788450737
0.511378131	0.956487422	0.840685139	-0.115802282	0.891517514	0.789852764
0.513579556	0.955988804	0.842076486	-0.113912318	0.892901458	0.791251514
0.515780981	0.955490187	0.843465249	-0.112024938	0.894283573	0.792646925
0.517982407	0.95499157	0.84485132	-0.110140249	0.895663708	0.794038933
0.520183832	0.954492952	0.846234595	-0.108258357	0.897041716	0.795427474
0.522385257	0.953994335	0.847614967	-0.106379367	0.898417451	0.796812484
0.524586682	0.953495717	0.848992332	-0.104503386	0.899790768	0.798193895
0.526788108	0.9529971	0.850366583	-0.102630517	0.901161525	0.79957164
0.528989533	0.952498483	0.851737616	-0.100760867	0.90252958	0.800945652
0.531190958	0.951999865	0.853105326	-0.098894539	0.903894792	0.802315861
0.533392383	0.951501248	0.85446961	-0.097031637	0.905257025	0.803682196
0.535593809	0.951002631	0.855830364	-0.095172267	0.90661614	0.805044588
0.537795234	0.950504013	0.857187484	-0.09331653	0.907972004	0.806402963
0.539996659	0.950005396	0.858540866	-0.09146453	0.909324482	0.80775725
0.542198084	0.949506779	0.859890409	-0.08961637	0.910673443	0.809107374
0.544399509	0.949008161	0.861236009	-0.087772152	0.912018756	0.810453263
0.546600935	0.948509544	0.862577565	-0.085931979	0.913360291	0.811794839
0.54880236	0.948010926	0.863914975	-0.084095951	0.914697922	0.813132029
0.551003785	0.947512309	0.865248139	-0.08226417	0.916031522	0.814464755
0.55320521	0.947013692	0.866576954	-0.080436738	0.917360968	0.81579294
0.555406636	0.946515074	0.867901321	-0.078613753	0.918686134	0.817116507
0.557608061	0.946016457	0.86922114	-0.076795317	0.920006901	0.818435378
0.559809486	0.94551784	0.870536311	-0.074981529	0.921323148	0.819749474
0.562010911	0.945019222	0.871846736	-0.073172487	0.922634756	0.821058715
0.564212337	0.944520605	0.873152315	-0.07136829	0.923941608	0.822363021
0.566413762	0.944021987	0.874452951	-0.069569037	0.925243588	0.823662313
0.568615187	0.94352337	0.875748546	-0.067774824	0.926540581	0.82495651
0.570816612	0.943024753	0.877039003	-0.06598575	0.927832475	0.826245531
0.573018037	0.942526135	0.878324225	-0.064201911	0.929119156	0.827529293
0.575219463	0.942027518	0.879604116	-0.062423402	0.930400516	0.828807717
0.577420888	0.941528901	0.880878581	-0.06065032	0.931676444	0.830080718
0.579622313	0.941030283	0.882147524	-0.058882759	0.932946833	0.831348215
0.581823738	0.940531666	0.883410852	-0.057120814	0.934211577	0.832610126
0.584025164	0.940033048	0.884668469	-0.05536458	0.93547057	0.833866367
0.586226589	0.939534431	0.885920283	-0.053614149	0.936723709	0.835116856
0.588428014	0.939035814	0.8871662	-0.051869614	0.937970891	0.836361509
0.590629439	0.938537196	0.888406128	-0.050131068	0.939212014	0.837600243
0.592830864	0.938038579	0.889639977	-0.048398602	0.940446979	0.838832974
0.59503229	0.937539962	0.890867653	-0.046672308	0.941675687	0.840059619
0.597233715	0.937041344	0.892089068	-0.044952277	0.94289804	0.841280095
0.59943514	0.936542727	0.89330413	-0.043238597	0.944113942	0.842494318
0.601636565	0.93604411	0.894512751	-0.041531359	0.945323297	0.843702204
0.603837991	0.935545492	0.895714842	-0.039830651	0.946526013	0.84490367
0.606039416	0.935046875	0.896910314	-0.038136561	0.947721995	0.846098633
0.608240841	0.934548257	0.898099081	-0.036449176	0.948911153	0.847287009
0.610442266	0.93404964	0.899281056	-0.034768584	0.950093396	0.848468715
0.612643692	0.933551023	0.900456151	-0.033094871	0.951268635	0.849643668
0.614845117	0.933052405	0.901624283	-0.031428122	0.952436782	0.850811784
0.617046542	0.932553788	0.902785366	-0.029768422	0.95359775	0.851972982
0.619247967	0.932055171	0.903939316	-0.028115855	0.954751453	0.853127179
0.621449392	0.931556553	0.905086049	-0.026470504	0.955897806	0.854274293
0.623650818	0.931057936	0.906225484	-0.024832452	0.957036726	0.855414241
0.625852243	0.930559318	0.907357536	-0.023201782	0.95816813	0.856546943
0.628053668	0.930060701	0.908482127	-0.021578575	0.959291937	0.857672316
0.630255093	0.929562084	0.909599174	-0.01996291	0.960408067	0.85879028
0.632456519	0.929063466	0.910708597	-0.018354869	0.961516441	0.859900754
0.634657944	0.928564849	0.911810319	-0.01675453	0.962616979	0.861003658
0.636859369	0.928066232	0.912904259	-0.015161972	0.963709606	0.862098912
0.639060794	0.927567614	0.913990341	-0.013577273	0.964794245	0.863186438
0.64126222	0.927068997	0.915068488	-0.012000509	0.965870821	0.864266155
0.643463645	0.92657038	0.916138623	-0.010431757	0.96693926	0.865337985
0.64566507	0.926071762	0.917200671	-0.008871091	0.96799949	0.866401852
0.647866495	0.925573145	0.918254557	-0.007318588	0.969051437	0.867457676
0.65006792	0.925074527	0.919300207	-0.00577432	0.970095033	0.868505382
0.652269346	0.92457591	0.920337549	-0.004238361	0.971130205	0.869544893
0.654470771	0.924077293	0.92136651	-0.002710782	0.972156886	0.870576134
0.656672196	0.923578675	0.922387019	-0.001191657	0.973175008	0.871599029
0.658873621	0.923080058	0.923399004	0.000318946	0.974184504	0.872613504
0.661075047	0.922581441	0.924402396	0.001820956	0.975185307	0.873619485
0.663276472	0.922082823	0.925397126	0.003314303	0.976177353	0.874616899
0.665477897	0.921584206	0.926383126	0.00479892	0.977160578	0.875605673
0.667679322	0.921085588	0.927360328	0.006274739	0.978134919	0.876585737
0.669880748	0.920586971	0.928328665	0.007741694	0.979100314	0.877557017
0.672082173	0.920088354	0.929288073	0.009199719	0.980056701	0.878519445
0.674283598	0.919589736	0.930238485	0.010648749	0.98100402	0.879472951
0.676485023	0.919091119	0.931179839	0.01208872	0.981942212	0.880417466
0.678686448	0.918592502	0.93211207	0.013519569	0.982871219	0.881352921
0.680887874	0.918093884	0.933035117	0.014941233	0.983790984	0.88227925
0.683089299	0.917595267	0.933948918	0.016353651	0.984701449	0.883196386
0.685290724	0.91709665	0.934853412	0.017756762	0.98560256	0.884104263
0.687492149	0.916598032	0.93574854	0.019150507	0.986494262	0.885002817
0.689693575	0.916099415	0.936634242	0.020534828	0.987376501	0.885891984
0.691895	0.915600797	0.937510462	0.021909665	0.988249224	0.8867717
0.694096425	0.91510218	0.938377142	0.023274962	0.989112379	0.887641904
0.69629785	0.914603563	0.939234225	0.024630662	0.989965916	0.888502534
0.698499275	0.914104945	0.940081657	0.025976712	0.990809784	0.88935353
0.700700701	0.913606328	0.940919383	0.027313055	0.991643934	0.890194832
0.702902126	0.913107711	0.94174735	0.028639639	0.992468319	0.891026381
0.705103551	0.912609093	0.942565505	0.029956412	0.993282889	0.891848121
0.707304976	0.912110476	0.943373797	0.031263321	0.9940876	0.892659994
0.709506402	0.911611858	0.944172175	0.032560316	0.994882405	0.893461945
0.711707827	0.911113241	0.944960589	0.033847348	0.995667259	0.894253918
0.713909252	0.910614624	0.94573899	0.035124366	0.996442119	0.895035861
0.716110677	0.910116006	0.946507331	0.036391325	0.997206942	0.89580772
0.718312103	0.909617389	0.947265565	0.037648176	0.997961685	0.896569444
0.720513528	0.909118772	0.948013645	0.038894873	0.998706308	0.897320982
0.722714953	0.908620154	0.948751527	0.040131373	0.99944077	0.898062284
0.724916378	0.908121537	0.949479166	0.041357629	1.000165031	0.898793301
0.727117803	0.90762292	0.950196519	0.0425736	1.000879053	0.899513986
0.729319229	0.907124302	0.950903545	0.043779243	1.001582798	0.900224292
0.731520654	0.906625685	0.951600201	0.044974517	1.002276229	0.900924173
0.733722079	0.906127067	0.952286448	0.046159381	1.002959311	0.901613585
0.735923504	0.90562845	0.952962246	0.047333796	1.003632007	0.902292485
0.73812493	0.905129833	0.953627557	0.048497724	1.004294284	0.90296083
0.740326355	0.904631215	0.954282343	0.049651128	1.004946109	0.903618578
0.74252778	0.904132598	0.954926569	0.050793971	1.005587447	0.90426569
0.744729205	0.903633981	0.955560198	0.051926217	1.006218269	0.904902126
0.746930631	0.903135363	0.956183196	0.053047832	1.006838543	0.905527848
0.749132056	0.902636746	0.956795529	0.054158783	1.007448239	0.906142819
0.751333481	0.902138128	0.957397166	0.055259037	1.008047328	0.906747004
0.753534906	0.901639511	0.957988074	0.056348563	1.008635781	0.907340367
0.755736331	0.901140894	0.958568223	0.057427329	1.009213571	0.907922874
0.757937757	0.900642276	0.959137583	0.058495307	1.009780672	0.908494494
0.760139182	0.900143659	0.959696126	0.059552467	1.010337058	0.909055194
0.762340607	0.899645042	0.960243824	0.060598783	1.010882704	0.909604945
0.764542032	0.899146424	0.960780651	0.061634227	1.011417585	0.910143717
0.766743458	0.898647807	0.96130658	0.062658774	1.01194168	0.910671481
0.768944883	0.898149189	0.961821588	0.063672399	1.012454964	0.911188212
0.771146308	0.897650572	0.96232565	0.064675078	1.012957418	0.911693882
0.773347733	0.897151955	0.962818744	0.065666789	1.01344902	0.912188468
0.775549158	0.896653337	0.963300848	0.066647511	1.013929751	0.912671945
0.777750584	0.89615472	0.963771942	0.067617222	1.014399592	0.913144292
0.779952009	0.895656103	0.964232005	0.068575903	1.014858524	0.913605486
0.782153434	0.895157485	0.96468102	0.069523535	1.015306531	0.914055508
0.784354859	0.894658868	0.965118968	0.0704601	1.015743597	0.914494338
0.786556285	0.894160251	0.965545832	0.071385581	1.016169705	0.914921959
0.78875771	0.893661633	0.965961597	0.072299964	1.016584841	0.915338353
0.790959135	0.893163016	0.966366248	0.073203233	1.016988992	0.915743504
0.79316056	0.892664398	0.966759772	0.074095374	1.017382145	0.916137399
0.795361986	0.892165781	0.967142155	0.074976374	1.017764287	0.916520023
0.797563411	0.891667164	0.967513386	0.075846223	1.018135408	0.916891365
0.799764836	0.891168546	0.967873454	0.076704908	1.018495497	0.917251412
0.801966261	0.890669929	0.96822235	0.077552421	1.018844544	0.917600155
0.804167686	0.890171312	0.968560064	0.078388752	1.019182542	0.917937585
0.806369112	0.889672694	0.968886588	0.079213894	1.019509483	0.918263693
0.808570537	0.889174077	0.969201916	0.080027839	1.019825359	0.918578473
0.810771962	0.888675459	0.969506042	0.080830583	1.020130164	0.91888192
0.812973387	0.888176842	0.969798961	0.081622119	1.020423895	0.919174028
0.815174813	0.887678225	0.970080669	0.082402445	1.020706545	0.919454794
0.817376238	0.887179607	0.970351164	0.083171556	1.020978113	0.919724215
0.819577663	0.88668099	0.970610443	0.083929453	1.021238594	0.919982291
0.821779088	0.886182373	0.970858505	0.084676132	1.021487989	0.920229021
0.823980514	0.885683755	0.97109535	0.085411595	1.021726295	0.920464405
0.826181939	0.885185138	0.97132098	0.086135842	1.021953514	0.920688447
0.828383364	0.884686521	0.971535396	0.086848876	1.022169645	0.920901148
0.830584789	0.884187903	0.971738602	0.087550699	1.022374691	0.921102513
0.832786214	0.883689286	0.9719306	0.088241315	1.022568655	0.921292546
0.83498764	0.883190668	0.972111397	0.088920729	1.022751539	0.921471255
0.837189065	0.882692051	0.972280998	0.089588946	1.022923349	0.921638646
0.83939049	0.882193434	0.972439409	0.090245975	1.023084089	0.921794728
0.841591915	0.881694816	0.972586638	0.090891822	1.023233766	0.92193951
0.843793341	0.881196199	0.972722694	0.091526495	1.023372387	0.922073002
0.845994766	0.880697582	0.972847587	0.092150006	1.023499959	0.922195215
0.848196191	0.880198964	0.972961327	0.092762363	1.023616492	0.922306163
0.850397616	0.879700347	0.973063926	0.093363579	1.023721994	0.922405858
0.852599041	0.879201729	0.973155396	0.093953667	1.023816477	0.922494315
0.854800467	0.878703112	0.973235751	0.094532639	1.023899952	0.92257155
0.857001892	0.878204495	0.973305004	0.09510051	1.02397243	0.922637579
0.859203317	0.877705877	0.973363172	0.095657295	1.024033925	0.922692419
0.861404742	0.87720726	0.97341027	0.09620301	1.024084451	0.922736088
0.863606168	0.876708643	0.973446315	0.096737672	1.024124023	0.922768607
0.865807593	0.876210025	0.973471326	0.0972613	1.024152655	0.922789996
0.868009018	0.875711408	0.973485321	0.097773913	1.024170366	0.922800275
0.870210443	0.875212791	0.97348832	0.098275529	1.024177171	0.922799468
0.872411869	0.874714173	0.973480344	0.09876617	1.024173089	0.922787598
0.874613294	0.874215556	0.973461414	0.099245858	1.02415814	0.922764688
0.876814719	0.873716938	0.973431553	0.099714615	1.024132343	0.922730764
0.879016144	0.873218321	0.973390785	0.100172464	1.024095718	0.922685852
0.881217569	0.872719704	0.973339134	0.10061943	1.024048288	0.922629979
0.883418995	0.872221086	0.973276624	0.101055538	1.023990075	0.922563173
0.88562042	0.871722469	0.973203282	0.101480814	1.023921102	0.922485463
0.887821845	0.871223852	0.973119136	0.101895284	1.023841393	0.922396878
0.89002327	0.870725234	0.973024212	0.102298977	1.023750973	0.92229745
0.892224696	0.870226617	0.972918539	0.102691922	1.023649869	0.922187209
0.894426121	0.869727999	0.972802147	0.103074147	1.023538106	0.922066187
0.896627546	0.869229382	0.972675066	0.103445684	1.023415713	0.921934419
0.898828971	0.868730765	0.972537327	0.103806563	1.023282716	0.921791938
0.901030397	0.868232147	0.972388963	0.104156816	1.023139147	0.92163878
0.903231822	0.86773353	0.972230006	0.104496476	1.022985034	0.921474979
0.905433247	0.867234913	0.97206049	0.104825578	1.022820408	0.921300572
0.907634672	0.866736295	0.97188045	0.105144154	1.022645301	0.921115598
0.909836097	0.866237678	0.97168992	0.105452242	1.022459746	0.920920094
0.912037523	0.865739061	0.971488937	0.105749876	1.022263775	0.920714099
0.914238948	0.865240443	0.971277538	0.106037094	1.022057422	0.920497653
0.916440373	0.864741826	0.97105576	0.106313934	1.021840723	0.920270797
0.918641798	0.864243208	0.970823642	0.106580434	1.021613713	0.920033572
0.920843224	0.863744591	0.970581224	0.106836633	1.021376428	0.91978602
0.923044649	0.863245974	0.970328545	0.107082572	1.021128906	0.919528184
0.925246074	0.862747356	0.970065647	0.10731829	1.020871185	0.919260109
0.927447499	0.862248739	0.96979257	0.107543831	1.020603303	0.918981837
0.929648924	0.861750122	0.969509358	0.107759236	1.0203253	0.918693416
0.93185035	0.861251504	0.969216053	0.107964549	1.020037216	0.918394889
0.934051775	0.860752887	0.968912699	0.108159812	1.019739093	0.918086305
0.9362532	0.860254269	0.968599341	0.108345072	1.019430972	0.91776771
0.938454625	0.859755652	0.968276025	0.108520372	1.019112896	0.917439153
0.940656051	0.859257035	0.967942795	0.10868576	1.018784908	0.917100682
0.942857476	0.858758417	0.9675997	0.108841282	1.018447053	0.916752346
0.945058901	0.8582598	0.967246786	0.108986986	1.018099375	0.916394196
0.947260326	0.857761183	0.966884101	0.109122918	1.01774192	0.916026283
0.949461752	0.857262565	0.966511695	0.10924913	1.017374734	0.915648657
0.951663177	0.856763948	0.966129617	0.109365669	1.016997864	0.915261371
0.953864602	0.85626533	0.965737918	0.109472587	1.016611358	0.914864477
0.956066027	0.855766713	0.965336647	0.109569934	1.016215265	0.914458029
0.958267452	0.855268096	0.964925857	0.109657762	1.015809633	0.914042081
0.960468878	0.854769478	0.964505601	0.109736122	1.015394513	0.913616688
0.962670303	0.854270861	0.964075929	0.109805068	1.014969956	0.913181903
0.964871728	0.853772244	0.963636898	0.109864654	1.014536011	0.912737784
0.967073153	0.853273626	0.963188559	0.109914933	1.014092733	0.912284386
0.969274579	0.852775009	0.962730969	0.10995596	1.013640172	0.911821766
0.971476004	0.852276392	0.962264183	0.109987791	1.013178383	0.911349983
0.973677429	0.851777774	0.961788255	0.110010481	1.012707418	0.910869093
0.975878854	0.851279157	0.961303244	0.110024088	1.012227334	0.910379155
0.97808028	0.850780539	0.960809207	0.110028667	1.011738185	0.909880228
0.980281705	0.850281922	0.9603062	0.110024278	1.011240027	0.909372373
0.98248313	0.849783305	0.959794282	0.110010978	1.010732917	0.908855648
0.984684555	0.849284687	0.959273513	0.109988826	1.010216911	0.908330116
0.98688598	0.84878607	0.958743952	0.109957882	1.009692067	0.907795836
0.989087406	0.848287453	0.958205658	0.109918205	1.009158445	0.90725287
0.991288831	0.847788835	0.957658692	0.109869856	1.008616102	0.906701282
0.993490256	0.847290218	0.957103115	0.109812897	1.008065098	0.906141132
0.995691681	0.8467916	0.956538989	0.109747389	1.007505494	0.905572485
0.997893107	0.846292983	0.955966376	0.109673393	1.00693735	0.904995403
1.000094532	0.845794366	0.955385339	0.109590973	1.006360727	0.904409951
1.002295957	0.845295748	0.95479594	0.109500192	1.005775687	0.903816193
1.004497382	0.844797131	0.954198244	0.109401113	1.005182293	0.903214194
1.006698807	0.844298514	0.953592313	0.1092938	1.004580607	0.90260402
1.008900233	0.843799896	0.952978214	0.109178318	1.003970694	0.901985734
1.011101658	0.843301279	0.95235601	0.109054731	1.003352615	0.901359405
1.013303083	0.842802662	0.951725768	0.108923106	1.002726438	0.900725098
1.015504508	0.842304044	0.951087553	0.108783508	1.002092225	0.90008288
1.017705934	0.841805427	0.950441431	0.108636004	1.001450043	0.899432819
1.019907359	0.841306809	0.949787469	0.10848066	1.000799958	0.898774981
1.022108784	0.840808192	0.949125735	0.108317543	1.000142036	0.898109435
1.024310209	0.840309575	0.948456296	0.108146721	0.999476343	0.897436249
1.026511635	0.839810957	0.94777922	0.107968262	0.998802948	0.896755491
1.02871306	0.83931234	0.947094575	0.107782235	0.998121918	0.896067231
1.030914485	0.838813723	0.94640243	0.107588707	0.997433321	0.895371538
1.03311591	0.838315105	0.945702854	0.107387749	0.996737226	0.894668482
1.035317335	0.837816488	0.944995917	0.107179429	0.996033703	0.893958131
1.037518761	0.83731787	0.944281688	0.106963818	0.995322819	0.893240557
1.039720186	0.836819253	0.943560238	0.106740985	0.994604646	0.89251583
1.041921611	0.836320636	0.942831637	0.106511002	0.993879254	0.891784021
1.044123036	0.835822018	0.942095956	0.106273938	0.993146712	0.891045201
1.046324462	0.835323401	0.941353267	0.106029866	0.992407093	0.89029944
1.048525887	0.834824784	0.940603639	0.105778856	0.991660468	0.889546811
1.050727312	0.834326166	0.939847146	0.10552098	0.990906908	0.888787385
1.052928737	0.833827549	0.93908386	0.105256311	0.990146485	0.888021234
1.055130163	0.833328932	0.938313852	0.10498492	0.989379272	0.887248431
1.057331588	0.832830314	0.937537195	0.10470688	0.988605342	0.886469048
1.059533013	0.832331697	0.936753962	0.104422265	0.987824767	0.885683157
1.061734438	0.831833079	0.935964226	0.104131146	0.98703762	0.884890832
1.063935863	0.831334462	0.93516806	0.103833598	0.986243976	0.884092145
1.066137289	0.830835845	0.934365539	0.103529694	0.985443908	0.88328717
1.068338714	0.830337227	0.933556735	0.103219508	0.984637491	0.88247598
1.070540139	0.82983861	0.932741723	0.102903113	0.983824798	0.881658649
1.072741564	0.829339993	0.931920577	0.102580585	0.983005905	0.88083525
1.07494299	0.828841375	0.931093372	0.102251996	0.982180886	0.880005857
1.077144415	0.828342758	0.930260181	0.101917423	0.981349816	0.879170545
1.07934584	0.82784414	0.929421079	0.101576939	0.98051277	0.878329388
1.081547265	0.827345523	0.928576142	0.101230619	0.979669825	0.877482459
1.08374869	0.826846906	0.927725445	0.100878539	0.978821056	0.876629834
1.085950116	0.826348288	0.926869062	0.100520774	0.977966538	0.875771587
1.088151541	0.825849671	0.92600707	0.100157399	0.977106348	0.874907791
1.090352966	0.825351054	0.925139543	0.099788489	0.976240562	0.874038523
1.092554391	0.824852436	0.924266557	0.09941412	0.975369256	0.873163857
1.094755817	0.824353819	0.923388187	0.099034369	0.974492507	0.872283868
1.096957242	0.823855202	0.922504511	0.098649309	0.973610391	0.87139863
1.099158667	0.823356584	0.921615603	0.098259019	0.972722986	0.870508219
1.101360092	0.822857967	0.920721539	0.097863572	0.971830368	0.86961271
1.103561518	0.822359349	0.919822396	0.097463046	0.970932613	0.868712178
1.105762943	0.821860732	0.918918249	0.097057517	0.9700298	0.867806698
1.107964368	0.821362115	0.918009175	0.09664706	0.969122005	0.866896345
1.110165793	0.820863497	0.91709525	0.096231753	0.968209305	0.865981194
1.112367218	0.82036488	0.91617655	0.09581167	0.967291778	0.865061321
1.114568644	0.819866263	0.915253151	0.095386889	0.966369501	0.864136801
1.116770069	0.819367645	0.91432513	0.094957485	0.965442551	0.863207709
1.118971494	0.818869028	0.913392563	0.094523535	0.964511005	0.86227412
1.121172919	0.81837041	0.912455526	0.094085115	0.963574942	0.86133611
1.123374345	0.817871793	0.911514095	0.093642302	0.962634438	0.860393753
1.12557577	0.817373176	0.910568347	0.093195172	0.96168957	0.859447124
1.127777195	0.816874558	0.909618358	0.0927438	0.960740417	0.858496299
1.12997862	0.816375941	0.908664204	0.092288263	0.959787055	0.857541353
1.132180046	0.815877324	0.907705961	0.091828638	0.958829562	0.856582361
1.134381471	0.815378706	0.906743706	0.091365	0.957868014	0.855619397
1.136582896	0.814880089	0.905777513	0.090897425	0.95690249	0.854652537
1.138784321	0.814381471	0.90480746	0.090425989	0.955933066	0.853681854
1.140985746	0.813882854	0.903833622	0.089950768	0.954959819	0.852707425
1.143187172	0.813384237	0.902856075	0.089471838	0.953982827	0.851729323
1.145388597	0.812885619	0.901874894	0.088989275	0.953002165	0.850747622
1.147590022	0.812387002	0.900890155	0.088503153	0.952017912	0.849762398
1.149791447	0.811888385	0.899901934	0.088013549	0.951030143	0.848773724
1.151992873	0.811389767	0.898910305	0.087520538	0.950038935	0.847781675
1.154194298	0.81089115	0.897915345	0.087024195	0.949044365	0.846786324
1.156395723	0.810392533	0.896917127	0.086524594	0.948046508	0.845787745
1.158597148	0.809893915	0.895915727	0.086021812	0.947045442	0.844786013
1.160798573	0.809395298	0.89491122	0.085515922	0.946041241	0.8437812
1.162999999	0.80889668	0.89390368	0.085007	0.945033981	0.842773379
1.165201424	0.808398063	0.892893182	0.084495119	0.944023739	0.841762625
1.167402849	0.807899446	0.891879799	0.083980354	0.943010589	0.84074901
1.169604274	0.807400828	0.890863607	0.083462778	0.941994607	0.839732606
1.1718057	0.806902211	0.889844678	0.082942467	0.940975868	0.838713487
1.174007125	0.806403594	0.888823086	0.082419492	0.939954446	0.837691725
1.17620855	0.805904976	0.887798904	0.081893928	0.938930416	0.836667393
1.178409975	0.805406359	0.886772207	0.081365848	0.937903853	0.835640561
1.180611401	0.804907741	0.885743066	0.080835325	0.936874829	0.834611303
1.182812826	0.804409124	0.884711555	0.080302431	0.935843421	0.833579689
1.185014251	0.803910507	0.883677746	0.079767239	0.9348097	0.832545792
1.187215676	0.803411889	0.88264171	0.079229821	0.93377374	0.831509681
1.189417101	0.802913272	0.881603521	0.078690249	0.932735614	0.830471429
1.191618527	0.802414655	0.88056325	0.078148595	0.931695395	0.829431105
1.193819952	0.801916037	0.879520967	0.07760493	0.930653155	0.82838878
1.196021377	0.80141742	0.878476745	0.077059325	0.929608967	0.827344524
1.198222802	0.800918803	0.877430654	0.076511852	0.928562902	0.826298407
1.200424228	0.800420185	0.876382765	0.07596258	0.927515032	0.825250498
1.202625653	0.799921568	0.875333147	0.075411579	0.926465427	0.824200867
1.204827078	0.79942295	0.874281871	0.074858921	0.92541416	0.823149583
1.207028503	0.798924333	0.873229007	0.074304674	0.9243613	0.822096713
1.209229929	0.798425716	0.872174623	0.073748907	0.923306917	0.821042328
1.211431354	0.797927098	0.871118788	0.07319169	0.922251082	0.819986494
1.213632779	0.797428481	0.870061571	0.07263309	0.921193863	0.81892928
1.215834204	0.796929864	0.869003041	0.072073178	0.92013533	0.817870752
1.218035629	0.796431246	0.867943265	0.071512019	0.919075552	0.816810978
1.220237055	0.795932629	0.866882311	0.070949682	0.918014597	0.815750025
1.22243848	0.795434011	0.865820246	0.070386234	0.916952532	0.814687959
1.224639905	0.794935394	0.864757136	0.069821742	0.915889426	0.813624846
1.22684133	0.794436777	0.863693048	0.069256272	0.914825346	0.812560751
1.229042756	0.793938159	0.862628049	0.068689889	0.913760357	0.811495741
1.231244181	0.793439542	0.861562203	0.068122661	0.912694527	0.810429879
1.233445606	0.792940925	0.860495576	0.067554652	0.911627921	0.809363231
1.235647031	0.792442307	0.859428233	0.066985926	0.910560605	0.808295861
1.237848456	0.79194369	0.858360239	0.066416549	0.909492644	0.807227833
1.240049882	0.791445073	0.857291656	0.065846584	0.908424103	0.806159209
1.242251307	0.790946455	0.856222549	0.065276094	0.907355045	0.805090054
1.244452732	0.790447838	0.855152982	0.064705144	0.906285534	0.804020429
1.246654157	0.78994922	0.854083016	0.064133795	0.905215633	0.802950398
1.248855583	0.789450603	0.853012713	0.06356211	0.904145406	0.801880021
1.251057008	0.788951986	0.851942137	0.062990151	0.903074914	0.80080936
1.253258433	0.788453368	0.850871348	0.06241798	0.90200422	0.799738476
1.255459858	0.787954751	0.849800407	0.061845656	0.900933384	0.798667431
1.257661284	0.787456134	0.848729375	0.061273241	0.899862467	0.797596282
1.259862709	0.786957516	0.847658311	0.060700795	0.89879153	0.796525092
1.262064134	0.786458899	0.846587275	0.060128376	0.897720633	0.795453918
1.264265559	0.785960281	0.845516327	0.059556045	0.896649834	0.79438282
1.266466984	0.785461664	0.844445524	0.05898386	0.895579194	0.793311855
1.26866841	0.784963047	0.843374926	0.058411879	0.894508769	0.792241082
1.270869835	0.784464429	0.842304588	0.057840159	0.893438618	0.791170558
1.27307126	0.783965812	0.84123457	0.057268758	0.892368799	0.790100341
1.275272685	0.783467195	0.840164927	0.056697732	0.891299367	0.789030486
1.277474111	0.782968577	0.839095715	0.056127137	0.89023038	0.787961049
1.279675536	0.78246996	0.83802699	0.05555703	0.889161893	0.786892087
1.281876961	0.781971343	0.836958807	0.054987464	0.88809396	0.785823653
1.284078386	0.781472725	0.835891221	0.054418495	0.887026638	0.784755803
1.286279812	0.780974108	0.834824285	0.053850177	0.885959979	0.783688591
1.288481237	0.78047549	0.833758054	0.053282564	0.884894038	0.78262207
1.290682662	0.779976873	0.83269258	0.052715707	0.883828867	0.781556293
1.292884087	0.779478256	0.831627916	0.05214966	0.882764519	0.780491313
1.295085512	0.778979638	0.830564114	0.051584475	0.881701045	0.779427182
1.297286938	0.778481021	0.829501224	0.051020203	0.880638498	0.778363951
1.299488363	0.777982404	0.828439299	0.050456895	0.879576927	0.777301671
1.301689788	0.777483786	0.827378388	0.049894602	0.878516383	0.776240393
1.303891213	0.776985169	0.826318541	0.049333372	0.877456916	0.775180166
1.306092639	0.776486551	0.825259808	0.048773256	0.876398575	0.774121041
1.308294064	0.775987934	0.824202236	0.048214302	0.875341407	0.773063065
1.310495489	0.775489317	0.823145875	0.047656558	0.874285462	0.772006288
1.312696914	0.774990699	0.822090771	0.047100072	0.873230785	0.770950757
1.314898339	0.774492082	0.821036972	0.04654489	0.872177425	0.769896519
1.317099765	0.773993465	0.819984524	0.045991059	0.871125427	0.768843621
1.31930119	0.773494847	0.818933473	0.045438626	0.870074837	0.767792109
1.321502615	0.77299623	0.817883864	0.044887634	0.869025699	0.766742028
1.32370404	0.772497613	0.816835742	0.044338129	0.867978059	0.765693425
1.325905466	0.771998995	0.815789151	0.043790156	0.86693196	0.764646342
1.328106891	0.771500378	0.814744135	0.043243757	0.865887444	0.763600825
1.330308316	0.77100176	0.813700736	0.042698976	0.864844556	0.762556916
1.332509741	0.770503143	0.812658997	0.042155854	0.863803336	0.761514659
1.334711167	0.770004526	0.81161896	0.041614435	0.862763826	0.760474095
1.336912592	0.769505908	0.810580667	0.041074758	0.861726067	0.759435266
1.339114017	0.769007291	0.809544156	0.040536865	0.860690099	0.758398213
1.341315442	0.768508674	0.80850947	0.040000796	0.859655962	0.757362977
1.343516867	0.768010056	0.807476646	0.03946659	0.858623695	0.756329597
1.345718293	0.767511439	0.806445725	0.038934286	0.857593336	0.755298114
1.347919718	0.767012821	0.805416744	0.038403922	0.856564923	0.754268564
1.350121143	0.766514204	0.804389741	0.037875537	0.855538493	0.753240988
1.352322568	0.766015587	0.803364752	0.037349166	0.854514083	0.752215422
1.354523994	0.765516969	0.802341816	0.036824846	0.853491729	0.751191903
1.356725419	0.765018352	0.801320966	0.036302615	0.852471465	0.750170468
1.358926844	0.764519735	0.80030224	0.035782505	0.851453328	0.749151152
1.361128269	0.764021117	0.799285671	0.035264553	0.85043735	0.748133991
1.363329695	0.7635225	0.798271293	0.034748793	0.849423566	0.747119019
1.36553112	0.763023882	0.79725914	0.034235257	0.848412009	0.74610627
1.367732545	0.762525265	0.796249244	0.033723979	0.84740271	0.745095778
1.36993397	0.762026648	0.795241639	0.033214991	0.846395703	0.744087576
1.372135395	0.76152803	0.794236355	0.032708325	0.845391016	0.743081695
1.374336821	0.761029413	0.793233425	0.032204012	0.844388682	0.742078167
1.376538246	0.760530796	0.792232877	0.031702081	0.84338873	0.741077024
1.378739671	0.760032178	0.791234742	0.031202564	0.84239119	0.740078295
1.380941096	0.759533561	0.79023905	0.030705489	0.84139609	0.739082011
1.383142522	0.759034944	0.789245829	0.030210885	0.840403458	0.7380882
1.385343947	0.758536326	0.788255106	0.02971878	0.839413322	0.737096891
1.387545372	0.758037709	0.787266911	0.029229202	0.838425708	0.736108113
1.389746797	0.757539091	0.786281268	0.028742177	0.837440643	0.735121893
1.391948222	0.757040474	0.785298205	0.028257731	0.836458153	0.734138256
1.394149648	0.756541857	0.784317747	0.02777589	0.835478263	0.73315723
1.396351073	0.756043239	0.783339919	0.02729668	0.834500997	0.732178841
1.398552498	0.755544622	0.782364746	0.026820124	0.833526379	0.731203112
1.400753923	0.755046005	0.781392251	0.026346246	0.832554433	0.730230069
1.402955349	0.754547387	0.780422458	0.02587507	0.831585181	0.729259735
1.405156774	0.75404877	0.779455389	0.025406619	0.830618644	0.728292133
1.407358199	0.753550152	0.778491066	0.024940913	0.829654846	0.727327286
1.409559624	0.753051535	0.777529511	0.024477976	0.828693807	0.726365215
1.41176105	0.752552918	0.776570745	0.024017827	0.827735546	0.725405943
1.413962475	0.7520543	0.775614787	0.023560487	0.826780085	0.72444949
1.4161639	0.751555683	0.774661658	0.023105975	0.825827441	0.723495875
1.418365325	0.751057066	0.773711377	0.022654311	0.824877634	0.722545119
1.42056675	0.750558448	0.772763961	0.022205513	0.823930682	0.721597241
1.422768176	0.750059831	0.77181943	0.021759599	0.822986602	0.720652258
1.424969601	0.749561214	0.770877799	0.021316586	0.82204541	0.719710188
1.427171026	0.749062596	0.769939087	0.020876491	0.821107124	0.71877105
1.429372451	0.748563979	0.769003309	0.02043933	0.820171759	0.717834858
1.431573877	0.748065361	0.76807048	0.020005119	0.81923933	0.71690163
1.433775302	0.747566744	0.767140616	0.019573872	0.818309852	0.71597138
1.435976727	0.747068127	0.766213731	0.019145604	0.817383339	0.715044123
1.438178152	0.746569509	0.765289839	0.01872033	0.816459804	0.714119874
1.440379578	0.746070892	0.764368953	0.018298061	0.815539259	0.713198646
1.442581003	0.745572275	0.763451085	0.017878811	0.814621719	0.712280452
1.444782428	0.745073657	0.762536249	0.017462592	0.813707193	0.711365305
1.446983853	0.74457504	0.761624455	0.017049415	0.812795694	0.710453216
1.449185278	0.744076422	0.760715715	0.016639292	0.811887233	0.709544197
1.451386704	0.743577805	0.759810038	0.016232233	0.810981818	0.708638258
1.453588129	0.743079188	0.758907435	0.015828248	0.810079461	0.70773541
1.455789554	0.74258057	0.758007916	0.015427345	0.809180169	0.706835662
1.457990979	0.742081953	0.757111488	0.015029535	0.808283953	0.705939023
1.460192405	0.741583336	0.75621816	0.014634825	0.807390818	0.705045502
1.46239383	0.741084718	0.75532794	0.014243222	0.806500774	0.704155106
1.464595255	0.740586101	0.754440835	0.013854734	0.805613827	0.703267844
1.46679668	0.740087484	0.753556852	0.013469368	0.804729983	0.70238372
1.468998105	0.739588866	0.752675996	0.01308713	0.803849249	0.701502743
1.471199531	0.739090249	0.751798273	0.012708024	0.802971629	0.700624917
1.473400956	0.738591631	0.750923688	0.012332057	0.802097129	0.699750248
1.475602381	0.738093014	0.750052246	0.011959232	0.801225753	0.69887874
1.477803806	0.737594397	0.749183951	0.011589554	0.800357504	0.698010397
1.480005232	0.737095779	0.748318805	0.011223026	0.799492387	0.697145224
1.482206657	0.736597162	0.747456813	0.010859651	0.798630404	0.696283221
1.484408082	0.736098545	0.746597976	0.010499431	0.797771558	0.695424394
1.486609507	0.735599927	0.745742296	0.010142368	0.796915849	0.694568742
1.488810933	0.73510131	0.744889774	0.009788465	0.796063281	0.693716268
1.491012358	0.734602692	0.744040413	0.00943772	0.795213853	0.692866972
1.493213783	0.734104075	0.743194211	0.009090136	0.794367566	0.692020855
1.495415208	0.733605458	0.742351169	0.008745711	0.79352442	0.691177917
1.497616633	0.73310684	0.741511286	0.008404446	0.792684415	0.690338157
1.499818059	0.732608223	0.740674561	0.008066338	0.791847549	0.689501574
1.502019484	0.732109606	0.739840993	0.007731388	0.791013821	0.688668166
1.504220909	0.731610988	0.73901058	0.007399592	0.790183229	0.687837931
1.506422334	0.731112371	0.738183319	0.007070948	0.789355771	0.687010867
1.50862376	0.730613754	0.737359207	0.006745454	0.788531444	0.68618697
1.510825185	0.730115136	0.736538241	0.006423105	0.787710245	0.685366237
1.51302661	0.729616519	0.735720417	0.006103898	0.78689217	0.684548664
1.515228035	0.729117901	0.73490573	0.005787829	0.786077214	0.683734246
1.517429461	0.728619284	0.734094176	0.005474892	0.785265374	0.682922979
1.519630886	0.728120667	0.73328575	0.005165083	0.784456644	0.682114856
1.521832311	0.727622049	0.732480446	0.004858396	0.783651019	0.681309873
1.524033736	0.727123432	0.731678257	0.004554825	0.782848492	0.680508022
1.526235161	0.726624815	0.730879178	0.004254363	0.782049058	0.679709297
1.528436587	0.726126197	0.7300832	0.003957003	0.78125271	0.67891369
1.530638012	0.72562758	0.729290318	0.003662738	0.780459441	0.678121194
1.532839437	0.725128962	0.728500523	0.00337156	0.779669244	0.677331802
1.535040862	0.724630345	0.727713806	0.003083461	0.778882109	0.676545503
1.537242288	0.724131728	0.72693016	0.002798432	0.77809803	0.67576229
1.539443713	0.72363311	0.726149575	0.002516464	0.777316997	0.674982152
1.541645138	0.723134493	0.725372041	0.002237548	0.776539002	0.674205081
1.543846563	0.722635876	0.72459755	0.001961674	0.775764034	0.673431066
1.546047988	0.722137258	0.72382609	0.001688832	0.774992084	0.672660096
1.548249414	0.721638641	0.723057651	0.001419011	0.774223142	0.67189216
1.550450839	0.721140023	0.722292223	0.001152199	0.773457198	0.671127248
1.552652264	0.720641406	0.721529793	0.000888387	0.772694239	0.670365347
1.554853689	0.720142789	0.72077035	0.000627562	0.771934256	0.669606445
1.557055115	0.719644171	0.720013883	0.000369711	0.771177235	0.66885053
1.55925654	0.719145554	0.719260377	0.000114823	0.770423166	0.668097589
1.561457965	0.718646937	0.718509822	-0.000137115	0.769672036	0.667347608
1.56365939	0.718148319	0.717762203	-0.000386116	0.768923832	0.666600574
1.565860816	0.717649702	0.717017507	-0.000632195	0.768178541	0.665856474
1.568062241	0.717151085	0.716275721	-0.000875364	0.767436149	0.665115292
1.570263666	0.716652467	0.715536829	-0.001115638	0.766696644	0.664377014
1.572465091	0.71615385	0.714800819	-0.001353031	0.765960011	0.663641626
1.574666516	0.715655232	0.714067674	-0.001587559	0.765226235	0.662909112
1.576867942	0.715156615	0.71333738	-0.001819236	0.764495303	0.662179456
1.579069367	0.714657998	0.712609921	-0.002048077	0.763767198	0.661452643
1.581270792	0.71415938	0.711885282	-0.002274099	0.763041907	0.660728656
1.583472217	0.713660763	0.711163446	-0.002497317	0.762319412	0.66000748
1.585673643	0.713162146	0.710444398	-0.002717748	0.761599699	0.659289096
1.587875068	0.712663528	0.70972812	-0.002935409	0.760882752	0.658573488
1.590076493	0.712164911	0.709014596	-0.003150315	0.760168553	0.657860639
1.592277918	0.711666293	0.708303808	-0.003362485	0.759457086	0.65715053
1.594479344	0.711167676	0.70759574	-0.003571937	0.758748334	0.656443145
1.596680769	0.710669059	0.706890373	-0.003778686	0.75804228	0.655738465
1.598882194	0.710170441	0.706187689	-0.003982753	0.757338907	0.655036471
1.601083619	0.709671824	0.70548767	-0.004184154	0.756638196	0.654337144
1.603285044	0.709173207	0.704790298	-0.004382908	0.75594013	0.653640467
1.60548647	0.708674589	0.704095554	-0.004579035	0.75524469	0.652946419
1.607687895	0.708175972	0.70340342	-0.004772552	0.754551858	0.652254981
1.60988932	0.707677355	0.702713874	-0.00496348	0.753861615	0.651566134
1.612090745	0.707178737	0.7020269	-0.005151838	0.753173942	0.650879857
1.614292171	0.70668012	0.701342475	-0.005337644	0.75248882	0.650196131
1.616493596	0.706181502	0.700660582	-0.00552092	0.751806229	0.649514935
1.618695021	0.705682885	0.6999812	-0.005701686	0.75112615	0.648836249
1.620896446	0.705184268	0.699304307	-0.00587996	0.750448563	0.648160052
1.623097871	0.70468565	0.698629885	-0.006055765	0.749773447	0.647486323
1.625299297	0.704187033	0.697957912	-0.006229121	0.749100783	0.646815042
1.627500722	0.703688416	0.697288368	-0.006400048	0.74843055	0.646146186
1.629702147	0.703189798	0.696621231	-0.006568568	0.747762727	0.645479735
1.631903572	0.702691181	0.695956479	-0.006734701	0.747097293	0.644815666
1.634104998	0.702192563	0.695294093	-0.00689847	0.746434228	0.644153958
1.636306423	0.701693946	0.69463405	-0.007059896	0.745773509	0.64349459
1.638507848	0.701195329	0.693976328	-0.007219001	0.745115117	0.642837539
1.640709273	0.700696711	0.693320905	-0.007375806	0.744459028	0.642182783
1.642910699	0.700198094	0.69266776	-0.007530334	0.743805222	0.641530299
1.645112124	0.699699477	0.69201687	-0.007682606	0.743153675	0.640880065
1.647313549	0.699200859	0.691368213	-0.007832646	0.742504368	0.640232059
1.649514974	0.698702242	0.690721767	-0.007980475	0.741857276	0.639586258
1.651716399	0.698203625	0.690077508	-0.008126116	0.741212378	0.638942639
1.653917825	0.697705007	0.689435415	-0.008269592	0.740569651	0.638301179
1.65611925	0.69720639	0.688795463	-0.008410926	0.739929072	0.637661855
1.658320675	0.696707772	0.688157631	-0.008550141	0.739290619	0.637024644
1.6605221	0.696209155	0.687521896	-0.008687259	0.738654269	0.636389522
1.662723526	0.695710538	0.686888233	-0.008822305	0.738019999	0.635756467
1.664924951	0.69521192	0.68625662	-0.0089553	0.737387785	0.635125455
1.667126376	0.694713303	0.685627034	-0.009086269	0.736757605	0.634496463
1.669327801	0.694214686	0.684999451	-0.009215235	0.736129435	0.633869467
1.671529227	0.693716068	0.684373847	-0.009342221	0.735503251	0.633244443
1.673730652	0.693217451	0.683750199	-0.009467251	0.734879031	0.632621368
1.675932077	0.692718833	0.683128484	-0.009590349	0.734256749	0.632000219
1.678133502	0.692220216	0.682508677	-0.009711539	0.733636383	0.631380971
1.680334927	0.691721599	0.681890755	-0.009830844	0.733017909	0.630763601
1.682536353	0.691222981	0.681274694	-0.009948287	0.732401303	0.630148085
1.684737778	0.690724364	0.68066047	-0.010063894	0.731786541	0.629534399
1.686939203	0.690225747	0.680048059	-0.010177688	0.731173599	0.628922519
1.689140628	0.689727129	0.679437437	-0.010289692	0.730562452	0.628312422
1.691342054	0.689228512	0.678828581	-0.010399931	0.729953077	0.627704084
1.693543479	0.688729895	0.678221465	-0.010508429	0.72934545	0.627097481
1.695744904	0.688231277	0.677616067	-0.01061521	0.728739545	0.626492588
1.697946329	0.68773266	0.677012361	-0.010720298	0.72813534	0.625889383
1.700147754	0.687234042	0.676410325	-0.010823718	0.727532809	0.625287841
1.70234918	0.686735425	0.675809933	-0.010925492	0.726931928	0.624687938
1.704550605	0.686236808	0.675211162	-0.011025646	0.726332672	0.624089651
1.70675203	0.68573819	0.674613987	-0.011124203	0.725735019	0.623492956
1.708953455	0.685239573	0.674018385	-0.011221187	0.725138942	0.622897829
1.711154881	0.684740956	0.673424332	-0.011316624	0.724544417	0.622304247
1.713356306	0.684242338	0.672831803	-0.011410536	0.72395142	0.621712185
1.715557731	0.683743721	0.672240774	-0.011502947	0.723359927	0.62112162
1.717759156	0.683245103	0.671651221	-0.011593882	0.722769913	0.620532529
1.719960582	0.682746486	0.671063121	-0.011683366	0.722181353	0.619944888
1.722162007	0.682247869	0.670476448	-0.01177142	0.721594223	0.619358673
1.724363432	0.681749251	0.669891181	-0.011858071	0.721008499	0.618773862
1.726564857	0.681250634	0.669307293	-0.011943341	0.720424157	0.61819043
1.728766282	0.680752017	0.668724763	-0.012027254	0.719841171	0.617608355
1.730967708	0.680253399	0.668143565	-0.012109834	0.719259517	0.617027613
1.733169133	0.679754782	0.667563677	-0.012191105	0.718679172	0.616448182
1.735370558	0.679256164	0.666985074	-0.012271091	0.71810011	0.615870037
1.737571983	0.678757547	0.666407732	-0.012349815	0.717522308	0.615293157
1.739773409	0.67825893	0.66583163	-0.0124273	0.716945741	0.614717518
1.741974834	0.677760312	0.665256742	-0.012503571	0.716370385	0.614143099
1.744176259	0.677261695	0.664683045	-0.01257865	0.715796216	0.613569875
1.746377684	0.676763078	0.664110517	-0.01265256	0.715223211	0.612997824
1.74857911	0.67626446	0.663539134	-0.012725326	0.714651344	0.612426925
1.750780535	0.675765843	0.662968873	-0.01279697	0.714080592	0.611857155
1.75298196	0.675267226	0.662399711	-0.012867514	0.713510932	0.611288491
1.755183385	0.674768608	0.661831625	-0.012936983	0.712942339	0.610720911
1.75738481	0.674269991	0.661264592	-0.013005399	0.71237479	0.610154394
1.759586236	0.673771373	0.66069859	-0.013072784	0.711808261	0.609588918
1.761787661	0.673272756	0.660133595	-0.013139161	0.711242729	0.609024461
1.763989086	0.672774139	0.659569586	-0.013204553	0.71067817	0.608461001
1.766190511	0.672275521	0.659006539	-0.013268982	0.710114561	0.607898517
1.768391937	0.671776904	0.658444434	-0.01333247	0.709551879	0.607336988
1.770593362	0.671278287	0.657883247	-0.01339504	0.708990101	0.606776393
1.772794787	0.670779669	0.657322956	-0.013456713	0.708429203	0.60621671
1.774996212	0.670281052	0.656763541	-0.013517511	0.707869163	0.605657919
1.777197637	0.669782434	0.656204978	-0.013577456	0.707309959	0.605099998
1.779399063	0.669283817	0.655647247	-0.01363657	0.706751567	0.604542928
1.781600488	0.6687852	0.655090326	-0.013694873	0.706193965	0.603986688
1.783801913	0.668286582	0.654534194	-0.013752388	0.70563713	0.603431258
1.786003338	0.667787965	0.653978829	-0.013809136	0.705081041	0.602876617
1.788204764	0.667289348	0.653424211	-0.013865136	0.704525676	0.602322747
1.790406189	0.66679073	0.652870319	-0.013920411	0.703971012	0.601769626
1.792607614	0.666292113	0.652317132	-0.013974981	0.703417028	0.601217235
1.794809039	0.665793496	0.651764629	-0.014028867	0.702863701	0.600665556
1.797010465	0.665294878	0.65121279	-0.014082088	0.702311012	0.600114568
1.79921189	0.664796261	0.650661596	-0.014134665	0.701758938	0.599564253
1.801413315	0.664297643	0.650111025	-0.014186618	0.701207458	0.599014592
1.80361474	0.663799026	0.649561059	-0.014237967	0.700656551	0.598465566
1.805816165	0.663300409	0.649011677	-0.014288732	0.700106197	0.597917157
1.808017591	0.662801791	0.64846286	-0.014338931	0.699556374	0.597369346
1.810219016	0.662303174	0.647914589	-0.014388585	0.699007064	0.596822114
1.812420441	0.661804557	0.647366844	-0.014437712	0.698458244	0.596275445
1.814621866	0.661305939	0.646819608	-0.014486332	0.697909895	0.59572932
1.816823292	0.660807322	0.64627286	-0.014534462	0.697361998	0.595183722
1.819024717	0.660308704	0.645726583	-0.014582122	0.696814532	0.594638633
1.821226142	0.659810087	0.645180757	-0.01462933	0.696267479	0.594094036
1.823427567	0.65931147	0.644635366	-0.014676104	0.695720818	0.593549914
1.825628993	0.658812852	0.644090391	-0.014722462	0.695174531	0.59300625
1.827830418	0.658314235	0.643545814	-0.014768421	0.694628599	0.592463028
1.830031843	0.657815618	0.643001617	-0.014814	0.694083004	0.591920231
1.832233268	0.657317	0.642457784	-0.014859216	0.693537726	0.591377842
1.834434693	0.656818383	0.641914298	-0.014904085	0.692992749	0.590835847
1.836636119	0.656319766	0.64137114	-0.014948625	0.692448053	0.590294228
1.838837544	0.655821148	0.640828296	-0.014992852	0.691903621	0.589752971
1.841038969	0.655322531	0.640285747	-0.015036783	0.691359436	0.589212059
1.843240394	0.654823913	0.639743479	-0.015080435	0.69081548	0.588671478
1.84544182	0.654325296	0.639201474	-0.015123822	0.690271736	0.588131212
1.847643245	0.653826679	0.638659718	-0.015166961	0.689728188	0.587591247
1.84984467	0.653328061	0.638118193	-0.015209868	0.689184818	0.587051569
1.852046095	0.652829444	0.637576886	-0.015252558	0.688641611	0.586512161
1.85424752	0.652330827	0.637035781	-0.015295045	0.688098551	0.585973012
1.856448946	0.651832209	0.636494863	-0.015337346	0.687555621	0.585434105
1.858650371	0.651333592	0.635954117	-0.015379475	0.687012806	0.584895428
1.860851796	0.650834974	0.635413529	-0.015421445	0.686470091	0.584356967
1.863053221	0.650336357	0.634873085	-0.015463272	0.685927461	0.583818708
1.865254647	0.64983774	0.63433277	-0.01550497	0.685384901	0.583280638
1.867456072	0.649339122	0.633792571	-0.015546552	0.684842396	0.582742745
1.869657497	0.648840505	0.633252474	-0.015588031	0.684299933	0.582205015
1.871858922	0.648341888	0.632712466	-0.015629421	0.683757497	0.581667436
1.874060348	0.64784327	0.632172535	-0.015670736	0.683215074	0.581129996
1.876261773	0.647344653	0.631632666	-0.015711987	0.682672651	0.580592681
1.878463198	0.646846036	0.631092848	-0.015753188	0.682130215	0.580055481
1.880664623	0.646347418	0.630553068	-0.01579435	0.681587753	0.579518383
1.882866048	0.645848801	0.630013314	-0.015835486	0.681045252	0.578981377
1.885067474	0.645350183	0.629473575	-0.015876608	0.680502701	0.578444449
1.887268899	0.644851566	0.628933838	-0.015917728	0.679960086	0.57790759
1.889470324	0.644352949	0.628394093	-0.015958856	0.679417397	0.577370789
1.891671749	0.643854331	0.627854327	-0.016000004	0.678874621	0.576834034
1.893873175	0.643355714	0.627314531	-0.016041183	0.678331748	0.576297315
1.8960746	0.642857097	0.626774694	-0.016082402	0.677788766	0.575760622
1.898276025	0.642358479	0.626234805	-0.016123674	0.677245666	0.575223944
1.90047745	0.641859862	0.625694854	-0.016165008	0.676702436	0.574687272
1.902678876	0.641361244	0.625154832	-0.016206413	0.676159068	0.574150596
1.904880301	0.640862627	0.624614728	-0.016247899	0.67561555	0.573613906
1.907081726	0.64036401	0.624074533	-0.016289477	0.675071873	0.573077192
1.909283151	0.639865392	0.623534238	-0.016331154	0.67452803	0.572540447
1.911484576	0.639366775	0.622993835	-0.01637294	0.67398401	0.57200366
1.913686002	0.638868158	0.622453314	-0.016414844	0.673439805	0.571466823
1.915887427	0.63836954	0.621912667	-0.016456873	0.672895406	0.570929928
1.918088852	0.637870923	0.621371887	-0.016499036	0.672350807	0.570392966
1.920290277	0.637372306	0.620830964	-0.016541342	0.671806	0.569855928
1.922491703	0.636873688	0.620289892	-0.016583796	0.671260976	0.569318807
1.924693128	0.636375071	0.619748663	-0.016626408	0.670715729	0.568781596
1.926894553	0.635876453	0.619207269	-0.016669184	0.670170253	0.568244285
1.929095978	0.635377836	0.618665705	-0.016712131	0.669624541	0.567706869
1.931297403	0.634879219	0.618123963	-0.016755255	0.669078587	0.56716934
1.933498829	0.634380601	0.617582037	-0.016798564	0.668532384	0.56663169
1.935700254	0.633881984	0.617039921	-0.016842063	0.667985929	0.566093913
1.937901679	0.633383367	0.616497608	-0.016885758	0.667439214	0.565556002
1.940103104	0.632884749	0.615955094	-0.016929655	0.666892237	0.565017951
1.94230453	0.632386132	0.615412373	-0.016973759	0.666344991	0.564479754
1.944505955	0.631887514	0.614869439	-0.017018076	0.665797473	0.563941404
1.94670738	0.631388897	0.614326287	-0.01706261	0.665249679	0.563402895
1.948908805	0.63089028	0.613782914	-0.017107366	0.664701605	0.562864222
1.951110231	0.630391662	0.613239314	-0.017152349	0.664153248	0.562325379
1.953311656	0.629893045	0.612695483	-0.017197562	0.663604605	0.561786361
1.955513081	0.629394428	0.612151417	-0.01724301	0.663055673	0.561247162
1.957714506	0.62889581	0.611607113	-0.017288697	0.662506449	0.560707778
1.959915931	0.628397193	0.611062567	-0.017334625	0.661956932	0.560168203
1.962117357	0.627898575	0.610517776	-0.017380799	0.66140712	0.559628433
1.964318782	0.627399958	0.609972737	-0.017427221	0.66085701	0.559088464
1.966520207	0.626901341	0.609427447	-0.017473894	0.660306603	0.558548291
1.968721632	0.626402723	0.608881903	-0.01752082	0.659755897	0.55800791
1.970923058	0.625904106	0.608336104	-0.017568002	0.659204891	0.557467317
1.973124483	0.625405489	0.607790047	-0.017615442	0.658653585	0.556926508
1.975325908	0.624906871	0.60724373	-0.017663142	0.658101979	0.55638548
1.977527333	0.624408254	0.606697151	-0.017711103	0.657550073	0.55584423
1.979728759	0.623909637	0.60615031	-0.017759326	0.656997868	0.555302753
1.981930184	0.623411019	0.605603206	-0.017807813	0.656445365	0.554761047
1.984131609	0.622912402	0.605055836	-0.017856566	0.655892564	0.554219108
1.986333034	0.622413784	0.604508201	-0.017905583	0.655339467	0.553676935
1.988534459	0.621915167	0.603960301	-0.017954867	0.654786077	0.553134525
1.990735885	0.62141655	0.603412134	-0.018004416	0.654232393	0.552591874
1.99293731	0.620917932	0.602863701	-0.018054232	0.65367842	0.552048981
1.995138735	0.620419315	0.602315002	-0.018104313	0.653124159	0.551505844
1.99734016	0.619920698	0.601766037	-0.018154661	0.652569613	0.55096246
1.999541586	0.61942208	0.601216807	-0.018205273	0.652014786	0.550418829
2.001743011	0.618923463	0.600667314	-0.018256149	0.65145968	0.549874948
2.003944436	0.618424845	0.600117557	-0.018307288	0.650904299	0.549330815
2.006145861	0.617926228	0.599567539	-0.018358689	0.650348648	0.54878643
2.008347286	0.617427611	0.59901726	-0.01841035	0.649792729	0.548241792
2.010548712	0.616928993	0.598466723	-0.01846227	0.649236547	0.547696899
2.012750137	0.616430376	0.597915929	-0.018514447	0.648680108	0.547151751
2.014951562	0.615931759	0.597364881	-0.018566878	0.648123415	0.546606347
2.017152987	0.615433141	0.59681358	-0.018619561	0.647566474	0.546060686
2.019354413	0.614934524	0.59626203	-0.018672494	0.647009291	0.545514769
2.021555838	0.614435907	0.595710233	-0.018725674	0.64645187	0.544968595
2.023757263	0.613937289	0.595158191	-0.018779098	0.645894218	0.544422164
2.025958688	0.613438672	0.594605908	-0.018832764	0.645336341	0.543875476
2.028160114	0.612940054	0.594053388	-0.018886667	0.644778244	0.543328532
2.030361539	0.612441437	0.593500633	-0.018940804	0.644219935	0.542781331
2.032562964	0.61194282	0.592947647	-0.018995172	0.643661419	0.542233876
2.034764389	0.611444202	0.592394435	-0.019049767	0.643102705	0.541686166
2.036965814	0.610945585	0.591841	-0.019104585	0.642543798	0.541138202
2.03916724	0.610446968	0.591287347	-0.019159621	0.641984707	0.540589986
2.041368665	0.60994835	0.590733479	-0.019214871	0.641425439	0.540041519
2.04357009	0.609449733	0.590179402	-0.019270331	0.640866002	0.539492802
2.045771515	0.608951115	0.58962512	-0.019325996	0.640306403	0.538943836
2.047972941	0.608452498	0.589070638	-0.01938186	0.63974665	0.538394625
2.050174366	0.607953881	0.588515961	-0.01943792	0.639186753	0.537845169
2.052375791	0.607455263	0.587961094	-0.019494169	0.638626718	0.537295471
2.054577216	0.606956646	0.587406044	-0.019550602	0.638066556	0.536745532
2.056778642	0.606458029	0.586850815	-0.019607214	0.637506274	0.536195356
2.058980067	0.605959411	0.586295413	-0.019663998	0.636945882	0.535644944
2.061181492	0.605460794	0.585739845	-0.019720949	0.636385389	0.5350943
2.063382917	0.604962177	0.585184115	-0.019778061	0.635824803	0.534543427
2.065584342	0.604463559	0.584628231	-0.019835328	0.635264136	0.533992327
2.067785768	0.603964942	0.584072199	-0.019892743	0.634703395	0.533441003
2.069987193	0.603466324	0.583516025	-0.0199503	0.63414259	0.532889459
2.072188618	0.602967707	0.582959716	-0.020007991	0.633581732	0.532337699
2.074390043	0.60246909	0.582403279	-0.020065811	0.63302083	0.531785727
2.076591469	0.601970472	0.58184672	-0.020123752	0.632459895	0.531233545
2.078792894	0.601471855	0.581290048	-0.020181807	0.631898937	0.530681158
2.080994319	0.600973238	0.580733268	-0.02023997	0.631337965	0.530128571
2.083195744	0.60047462	0.580176389	-0.020298231	0.63077699	0.529575788
2.085397169	0.599976003	0.579619418	-0.020356585	0.630216023	0.529022812
2.087598595	0.599477385	0.579062362	-0.020415024	0.629655074	0.52846965
2.08980002	0.598978768	0.578505229	-0.020473539	0.629094154	0.527916305
2.092001445	0.598480151	0.577948028	-0.020532123	0.628533274	0.527362782
2.09420287	0.597981533	0.577390766	-0.020590767	0.627972444	0.526809088
2.096404296	0.597482916	0.576833451	-0.020649465	0.627411675	0.526255227
2.098605721	0.596984299	0.576276091	-0.020708207	0.626850978	0.525701205
2.100807146	0.596485681	0.575718696	-0.020766985	0.626290364	0.525147027
2.103008571	0.595987064	0.575161272	-0.020825791	0.625729845	0.5245927
2.105209997	0.595488447	0.57460383	-0.020884617	0.625169431	0.524038229
2.107411422	0.594989829	0.574046377	-0.020943453	0.624609133	0.52348362
2.109612847	0.594491212	0.573488922	-0.02100229	0.624048962	0.522928881
2.111814272	0.593992594	0.572931474	-0.021061121	0.62348893	0.522374017
2.114015697	0.593493977	0.572374042	-0.021119935	0.622929048	0.521819036
2.116217123	0.59299536	0.571816635	-0.021178725	0.622369326	0.521263943
2.118418548	0.592496742	0.571259262	-0.02123748	0.621809777	0.520708747
2.120619973	0.591998125	0.570701933	-0.021296192	0.621250411	0.520153455
2.122821398	0.591499508	0.570144657	-0.021354851	0.62069124	0.519598073
2.125022824	0.59100089	0.569587442	-0.021413448	0.620132274	0.51904261
2.127224249	0.590502273	0.569030299	-0.021471973	0.619573525	0.518487073
2.129425674	0.590003655	0.568473238	-0.021530418	0.619015005	0.517931471
2.131627099	0.589505038	0.567916267	-0.021588771	0.618456723	0.517375811
2.133828525	0.589006421	0.567359396	-0.021647024	0.617898691	0.516820101
2.13602995	0.588507803	0.566802636	-0.021705167	0.617340921	0.516264351
2.138231375	0.588009186	0.566245996	-0.02176319	0.616783423	0.515708569
2.1404328	0.587510569	0.565689486	-0.021821083	0.616226208	0.515152764
2.142634225	0.587011951	0.565133116	-0.021878836	0.615669287	0.514596944
2.144835651	0.586513334	0.564576895	-0.021936439	0.615112671	0.514041119
2.147037076	0.586014716	0.564020835	-0.021993882	0.614556371	0.513485299
2.149238501	0.585516099	0.563464944	-0.022051155	0.614000396	0.512929492
2.151439926	0.585017482	0.562909234	-0.022108247	0.613444759	0.51237371
2.153641352	0.584518864	0.562353715	-0.02216515	0.612889469	0.51181796
2.155842777	0.584020247	0.561798396	-0.022221851	0.612334537	0.511262254
2.158044202	0.58352163	0.561243288	-0.022278342	0.611779973	0.510706602
2.160245627	0.583023012	0.560688401	-0.022334611	0.611225788	0.510151015
2.162447052	0.582524395	0.560133747	-0.022390648	0.610671991	0.509595502
2.164648478	0.582025778	0.559579334	-0.022446444	0.610118593	0.509040075
2.166849903	0.58152716	0.559025174	-0.022501986	0.609565603	0.508484745
2.169051328	0.581028543	0.558471277	-0.022557266	0.609013031	0.507929522
2.171252753	0.580529925	0.557917653	-0.022612272	0.608460888	0.507374418
2.173454179	0.580031308	0.557364313	-0.022666995	0.607909181	0.506819445
2.175655604	0.579532691	0.556811268	-0.022721422	0.607357922	0.506264615
2.177857029	0.579034073	0.556258529	-0.022775545	0.606807119	0.505709938
2.180058454	0.578535456	0.555706104	-0.022829352	0.606256781	0.505155427
2.18225988	0.578036839	0.555154006	-0.022882832	0.605706918	0.504601094
2.184461305	0.577538221	0.554602245	-0.022935976	0.605157538	0.504046952
2.18666273	0.577039604	0.554050831	-0.022988773	0.604608649	0.503493013
2.188864155	0.576540986	0.553499775	-0.023041211	0.604060261	0.502939289
2.19106558	0.576042369	0.552949088	-0.023093281	0.603512382	0.502385793
2.193267006	0.575543752	0.552398779	-0.023144972	0.60296502	0.501832539
2.195468431	0.575045134	0.551848861	-0.023196273	0.602418183	0.501279539
2.197669856	0.574546517	0.551299343	-0.023247174	0.601871879	0.500726806
2.199871281	0.5740479	0.550750235	-0.023297664	0.601326116	0.500174355
2.202072707	0.573549282	0.55020155	-0.023347733	0.600780902	0.499622197
2.204274132	0.573050665	0.549653296	-0.023397369	0.600236243	0.499070348
2.206475557	0.572552048	0.549105484	-0.023446563	0.599692147	0.498518821
2.208676982	0.57205343	0.548558126	-0.023495304	0.599148622	0.49796763
2.210878408	0.571554813	0.548011231	-0.023543582	0.598605673	0.497416789
2.213079833	0.571056195	0.54746481	-0.023591385	0.598063308	0.496866312
2.215281258	0.570557578	0.546918873	-0.023638705	0.597521533	0.496316213
2.217482683	0.570058961	0.546373431	-0.023685529	0.596980355	0.495766508
2.219684108	0.569560343	0.545828495	-0.023731849	0.59643978	0.49521721
2.221885534	0.569061726	0.545284073	-0.023777652	0.595899813	0.494668334
2.224086959	0.568563109	0.544740178	-0.023822931	0.595360461	0.494119895
2.226288384	0.568064491	0.544196819	-0.023867673	0.594821729	0.493571909
2.228489809	0.567565874	0.543654005	-0.023911868	0.594283622	0.493024389
2.230691235	0.567067256	0.543111749	-0.023955508	0.593746147	0.492477351
2.23289266	0.566568639	0.542570058	-0.023998581	0.593209307	0.49193081
2.235094085	0.566070022	0.542028945	-0.024041077	0.592673108	0.491384781
2.23729551	0.565571404	0.541488418	-0.024082986	0.592137555	0.490839281
2.239496935	0.565072787	0.540948488	-0.024124299	0.591602652	0.490294323
2.241698361	0.56457417	0.540409164	-0.024165006	0.591068404	0.489749924
2.243899786	0.564075552	0.539870457	-0.024205095	0.590534814	0.4892061
2.246101211	0.563576935	0.539332376	-0.024244559	0.590001887	0.488662865
2.248302636	0.563078318	0.538794931	-0.024283387	0.589469627	0.488120235
2.250504062	0.5625797	0.538258132	-0.024321569	0.588938036	0.487578227
2.252705487	0.562081083	0.537721988	-0.024359095	0.58840712	0.487036855
2.254906912	0.561582465	0.537186508	-0.024395957	0.587876881	0.486496136
2.257108337	0.561083848	0.536651704	-0.024432144	0.587347323	0.485956085
2.259309763	0.560585231	0.536117583	-0.024467648	0.586818447	0.485416718
2.261511188	0.560086613	0.535584155	-0.024502459	0.586290259	0.48487805
2.263712613	0.559587996	0.535051429	-0.024536567	0.585762759	0.484340099
2.265914038	0.559089379	0.534519415	-0.024569964	0.585235951	0.483802878
2.268115463	0.558590761	0.533988121	-0.02460264	0.584709838	0.483266405
2.270316889	0.558092144	0.533457557	-0.024634587	0.584184421	0.482730694
2.272518314	0.557593526	0.532927732	-0.024665795	0.583659702	0.482195761
2.274719739	0.557094909	0.532398654	-0.024696255	0.583135685	0.481661623
2.276921164	0.556596292	0.531870332	-0.02472596	0.582612371	0.481128293
2.27912259	0.556097674	0.531342775	-0.024754899	0.582089761	0.480595789
2.281324015	0.555599057	0.530815992	-0.024783065	0.581567858	0.480064125
2.28352544	0.55510044	0.53028999	-0.024810449	0.581046664	0.479533317
2.285726865	0.554601822	0.529764779	-0.024837043	0.580526179	0.479003379
2.287928291	0.554103205	0.529240367	-0.024862838	0.580006405	0.478474328
2.290129716	0.553604588	0.528716761	-0.024887827	0.579487345	0.477946177
2.292331141	0.55310597	0.52819397	-0.024912	0.578968998	0.477418942
2.294532566	0.552607353	0.527672002	-0.02493535	0.578451367	0.476892638
2.296733991	0.552108735	0.527150866	-0.02495787	0.577934452	0.476367279
2.298935417	0.551610118	0.526630567	-0.024979551	0.577418256	0.475842879
2.301136842	0.551111501	0.526111115	-0.025000385	0.576902778	0.475319452
2.303338267	0.550612883	0.525592517	-0.025020366	0.576388021	0.474797014
2.305539692	0.550114266	0.525074781	-0.025039485	0.575873985	0.474275577
2.307741118	0.549615649	0.524557913	-0.025057735	0.575360672	0.473755154
2.309942543	0.549117031	0.524041921	-0.02507511	0.574848082	0.473235761
2.312143968	0.548618414	0.523526813	-0.025091601	0.574336217	0.472717409
2.314345393	0.548119796	0.523012595	-0.025107202	0.573825078	0.472200111
2.316546818	0.547621179	0.522499273	-0.025121906	0.573314666	0.47168388
2.318748244	0.547122562	0.521986856	-0.025135706	0.572804983	0.471168729
2.320949669	0.546623944	0.521475349	-0.025148595	0.572296029	0.470654669
2.323151094	0.546125327	0.52096476	-0.025160567	0.571787807	0.470141713
2.325352519	0.54562671	0.520455094	-0.025171616	0.571280317	0.46962987
2.327553945	0.545128092	0.519946358	-0.025181735	0.570773562	0.469119154
2.32975537	0.544629475	0.519438558	-0.025190917	0.570267542	0.468609574
2.331956795	0.544130857	0.5189317	-0.025199158	0.56976226	0.46810114
2.33415822	0.54363224	0.51842579	-0.02520645	0.569257718	0.467593863
2.336359646	0.543133623	0.517920835	-0.025212788	0.568753917	0.467087752
2.338561071	0.542635005	0.517416838	-0.025218167	0.568250861	0.466582816
2.340762496	0.542136388	0.516913808	-0.02522258	0.567748551	0.466079064
2.342963921	0.541637771	0.516411747	-0.025226023	0.56724699	0.465576504
2.345165346	0.541139153	0.515910663	-0.02522849	0.566746181	0.465075144
2.347366772	0.540640536	0.51541056	-0.025229976	0.566246127	0.464574992
2.349568197	0.540141919	0.514911442	-0.025230476	0.565746832	0.464076053
2.351769622	0.539643301	0.514413316	-0.025229985	0.565248298	0.463578334
2.353971047	0.539144684	0.513916186	-0.025228498	0.564750531	0.463081842
2.356172473	0.538646066	0.513420056	-0.02522601	0.564253533	0.46258658
2.358373898	0.538147449	0.512924931	-0.025222518	0.563757309	0.462092554
2.360575323	0.537648832	0.512430816	-0.025218016	0.563261864	0.461599767
2.362776748	0.537150214	0.511937714	-0.025212501	0.562767204	0.461108223
2.364978174	0.536651597	0.511445629	-0.025205968	0.562273333	0.460617926
2.367179599	0.53615298	0.510954566	-0.025198413	0.561780258	0.460128875
2.369381024	0.535654362	0.510464529	-0.025189833	0.561287984	0.459641074
2.371582449	0.535155745	0.509975521	-0.025180224	0.560796518	0.459154523
2.373783874	0.534657127	0.509487545	-0.025169583	0.560305868	0.458669222
2.3759853	0.53415851	0.509000605	-0.025157905	0.559816041	0.45818517
2.378186725	0.533659893	0.508514705	-0.025145188	0.559327044	0.457702365
2.38038815	0.533161275	0.508029847	-0.025131429	0.558838887	0.457220806
2.382589575	0.532662658	0.507546034	-0.025116624	0.558351578	0.456740489
2.384791001	0.532164041	0.507063269	-0.025100771	0.557865128	0.456261411
2.386992426	0.531665423	0.506581556	-0.025083868	0.557379545	0.455783566
2.389193851	0.531166806	0.506100895	-0.025065911	0.55689484	0.45530695
2.391395276	0.530668189	0.505621291	-0.025046898	0.556411026	0.454831555
2.393596701	0.530169571	0.505142744	-0.025026827	0.555928113	0.454357375
2.395798127	0.529670954	0.504665258	-0.025005696	0.555446114	0.453884401
2.397999552	0.529172336	0.504188833	-0.024983503	0.554965043	0.453412624
2.400200977	0.528673719	0.503713473	-0.024960246	0.554484913	0.452942033
2.402402402	0.528175102	0.503239178	-0.024935923	0.554005738	0.452472618
2.404603828	0.527676484	0.502765951	-0.024910534	0.553527535	0.452004367
2.406805253	0.527177867	0.502293792	-0.024884075	0.553050318	0.451537265
2.409006678	0.52667925	0.501822702	-0.024856547	0.552574105	0.4510713
2.411208103	0.526180632	0.501352684	-0.024827948	0.552098914	0.450606454
2.413409529	0.525682015	0.500883737	-0.024798278	0.551624762	0.450142713
2.415610954	0.525183397	0.500415863	-0.024767534	0.551151669	0.449680058
2.417812379	0.52468478	0.499949062	-0.024735718	0.550679655	0.44921847
2.420013804	0.524186163	0.499483335	-0.024702827	0.550208741	0.44875793
2.422215229	0.523687545	0.499018683	-0.024668863	0.549738948	0.448298417
2.424416655	0.523188928	0.498555104	-0.024633824	0.549270301	0.447839907
2.42661808	0.522690311	0.4980926	-0.024597711	0.548802822	0.447382378
2.428819505	0.522191693	0.49763117	-0.024560523	0.548336536	0.446925805
2.43102093	0.521693076	0.497170815	-0.024522261	0.547871468	0.446470161
2.433222356	0.521194459	0.496711533	-0.024482925	0.547407647	0.446015419
2.435423781	0.520695841	0.496253325	-0.024442516	0.546945099	0.445561551
2.437625206	0.520197224	0.495796189	-0.024401035	0.546483853	0.445108525
2.439826631	0.519698606	0.495340125	-0.024358481	0.54602394	0.444656311
2.442028057	0.519199989	0.494885132	-0.024314857	0.54556539	0.444204875
2.444229482	0.518701372	0.494431209	-0.024270162	0.545108236	0.443754183
2.446430907	0.518202754	0.493978355	-0.024224399	0.54465251	0.4433042
2.448632332	0.517704137	0.493526568	-0.024177569	0.544198248	0.442854887
2.450833757	0.51720552	0.493075847	-0.024129673	0.543745486	0.442406207
2.453035183	0.516706902	0.492626189	-0.024080713	0.54329426	0.441958119
2.455236608	0.516208285	0.492177595	-0.02403069	0.542844608	0.441510581
2.457438033	0.515709667	0.49173006	-0.023979607	0.54239657	0.44106355
2.459639458	0.51521105	0.491283584	-0.023927466	0.541950187	0.440616981
2.461840884	0.514712433	0.490838164	-0.023874269	0.541505501	0.440170827
2.464042309	0.514213815	0.490393798	-0.023820017	0.541062555	0.439725041
2.466243734	0.513715198	0.489950483	-0.023764715	0.540621394	0.439279572
2.468445159	0.513216581	0.489508217	-0.023708363	0.540182064	0.43883437
2.470646584	0.512717963	0.489066997	-0.023650966	0.539744613	0.438389382
2.47284801	0.512219346	0.48862682	-0.023592526	0.539309088	0.437944552
2.475049435	0.511720729	0.488187683	-0.023533046	0.538875541	0.437499825
2.47725086	0.511222111	0.487749583	-0.023472528	0.538444023	0.437055142
2.479452285	0.510723494	0.487312516	-0.023410978	0.538014587	0.436610445
2.481653711	0.510224876	0.486876479	-0.023348397	0.537587287	0.436165672
2.483855136	0.509726259	0.486441469	-0.02328479	0.53716218	0.435720759
2.486056561	0.509227642	0.486007482	-0.02322016	0.536739322	0.435275642
2.488257986	0.508729024	0.485574514	-0.023154511	0.536318773	0.434830255
2.490459412	0.508230407	0.485142561	-0.023087846	0.535900592	0.43438453
2.492660837	0.50773179	0.484711618	-0.023020171	0.535484841	0.433938396
2.494862262	0.507233172	0.484281683	-0.022951489	0.535071584	0.433491782
2.497063687	0.506734555	0.48385275	-0.022881805	0.534660884	0.433044615
2.499265112	0.506235937	0.483424814	-0.022811123	0.534252808	0.43259682
2.501466538	0.50573732	0.482997872	-0.022739448	0.533847424	0.43214832
2.503667963	0.505238703	0.482571919	-0.022666784	0.5334448	0.431699038
2.505869388	0.504740085	0.482146949	-0.022593136	0.533045007	0.431248891
2.508070813	0.504241468	0.481722958	-0.02251851	0.532648116	0.430797801
2.510272239	0.503742851	0.481299941	-0.02244291	0.5322542	0.430345681
2.512473664	0.503244233	0.480877892	-0.022366342	0.531863334	0.429892449
2.514675089	0.502745616	0.480456806	-0.02228881	0.531475595	0.429438017
2.516876514	0.502246998	0.480036677	-0.022210321	0.531091058	0.428982297
2.51907794	0.501748381	0.479617501	-0.02213088	0.530709803	0.428525199
2.521279365	0.501249764	0.479199271	-0.022050493	0.53033191	0.428066632
2.52348079	0.500751146	0.478781982	-0.021969165	0.52995746	0.427606504
2.525682215	0.500252529	0.478365627	-0.021886902	0.529586535	0.427144719
2.52788364	0.499753912	0.4779502	-0.021803711	0.529219219	0.426681182
2.530085066	0.499255294	0.477535696	-0.021719598	0.528855596	0.426215797
2.532286491	0.498756677	0.477122109	-0.021634568	0.528495753	0.425748464
2.534487916	0.49825806	0.47670943	-0.021548629	0.528139777	0.425279084
2.536689341	0.497759442	0.476297656	-0.021461787	0.527787756	0.424807555
2.538890767	0.497260825	0.475886777	-0.021374047	0.527439778	0.424333777
2.541092192	0.496762207	0.475476789	-0.021285418	0.527095934	0.423857644
2.543293617	0.49626359	0.475067684	-0.021195906	0.526756316	0.423379052
2.545495042	0.495764973	0.474659455	-0.021105518	0.526421013	0.422897897
2.547696467	0.495266355	0.474252095	-0.02101426	0.526090121	0.42241407
2.549897893	0.494767738	0.473845598	-0.02092214	0.52576373	0.421927466
2.552099318	0.494269121	0.473439955	-0.020829165	0.525441936	0.421437975
2.554300743	0.493770503	0.47303516	-0.020735343	0.525124833	0.420945488
2.556502168	0.493271886	0.472631205	-0.02064068	0.524812516	0.420449895
2.558703594	0.492773268	0.472228083	-0.020545185	0.524505081	0.419951086
2.560905019	0.492274651	0.471825786	-0.020448865	0.524202623	0.419448949
2.563106444	0.491776034	0.471424306	-0.020351727	0.523905239	0.418943373
2.565307869	0.491277416	0.471023636	-0.02025378	0.523613026	0.418434247
2.567509295	0.490778799	0.470623768	-0.020155031	0.523326079	0.417921457
2.56971072	0.490280182	0.470224693	-0.020055489	0.523044495	0.417404891
2.571912145	0.489781564	0.469826404	-0.01995516	0.522768371	0.416884437
2.57411357	0.489282947	0.469428892	-0.019854055	0.522497804	0.416359981
2.576314995	0.48878433	0.46903215	-0.01975218	0.522232889	0.41583141
2.578516421	0.488285712	0.468636168	-0.019649544	0.521973723	0.415298614
2.580717846	0.487787095	0.46824094	-0.019546155	0.521720402	0.414761477
2.582919271	0.487288477	0.467846455	-0.019442022	0.52147302	0.41421989
2.585120696	0.48678986	0.467452706	-0.019337154	0.521231672	0.413673739
2.587322122	0.486291243	0.467059683	-0.019231559	0.520996452	0.413122914

		
		
		
		
		
		
		
		
		
