TITLE = "oxygen alpha" 

  VARIABLES = temp	PR_liq_alpha_01MPa	PR_liq_alpha_1MPa	PR_liq_alpha_2MPa	PR_liq_alpha_4MPa	PR_liq_alpha_5MPa	PR_liq_alpha_7MPa	PR_liq_alpha_8MPa	PR_liq_alpha_10MPa
60	0.790907151	0.785657918	0.779826538	0.768299046	0.762403097	0.751142074	0.745371979	0.734166068
61	0.795838058	0.790519961	0.784612387	0.772932062	0.767159475	0.755749892	0.75011308	0.738764893
62	0.800724727	0.795337699	0.789353867	0.777713911	0.771867227	0.760309009	0.754597643	0.743101956
63	0.805388204	0.799929876	0.794053203	0.782258155	0.776334745	0.764821681	0.759035735	0.747599313
64	0.810015863	0.804667595	0.798712518	0.786762268	0.780953922	0.769093009	0.763429488	0.751843409
65	0.81460966	0.809187915	0.803151757	0.791228242	0.785341042	0.773521078	0.767583296	0.756045135
66	0.819171462	0.813676184	0.807558888	0.795657976	0.789691876	0.777715744	0.771896304	0.760206395
67	0.823703051	0.818134168	0.811935659	0.799869988	0.79400822	0.782066884	0.77617075	0.764329004
68	0.82803501	0.822563555	0.816459817	0.804234495	0.798107831	0.786192074	0.780216587	0.768414693
69	0.832513115	0.826794441	0.820604726	0.808388511	0.802362146	0.790285983	0.784231098	0.772465114
70	0.836798621	0.831173292	0.824900144	0.812694287	0.806586852	0.794350141	0.788403739	0.776481843
71	0.841064055	0.835360475	0.829171454	0.816796392	0.810605175	0.798386011	0.792358186	0.780275026
72	0.845310765	0.839694595	0.833251631	0.820875599	0.814600517	0.802394992	0.796285677	0.784230617
73	0.849540044	0.843843519	0.837480686	0.824933214	0.81874868	0.806378424	0.800187537	0.788156814
74	0.853753134	0.847976147	0.841524903	0.828970488	0.82270003	0.810337593	0.804065031	0.791868952
75	0.857793439	0.852093654	0.84555386	0.832988621	0.826632127	0.814097457	0.807919373	0.795741972
76	0.861979479	0.856038784	0.849568667	0.836822286	0.830546106	0.81801346	0.811751728	0.799406854
77	0.865998594	0.860131172	0.85357039	0.840807286	0.834443055	0.821735942	0.815563212	0.803050664
78	0.870009561	0.86405689	0.857560057	0.844613486	0.838158377	0.825613212	0.819181165	0.806674439
79	0.874013332	0.868128249	0.86153866	0.848569517	0.842026061	0.829302458	0.822955736	0.81045657
80	0.878010828	0.872038391	0.865353133	0.852352153	0.845879717	0.83297739	0.826542131	0.814041569
81	0.881855938	0.875942975	0.869314122	0.856125233	0.84955971	0.836638902	0.830283658	0.817435309
82	0.885845229	0.879695069	0.873116179	0.85973351	0.853230818	0.840287859	0.833842109	0.820988514
83	0.889687264	0.883592716	0.876914116	0.863491646	0.85689384	0.843762382	0.837388674	0.82452629
84	0.89352978	0.887342877	0.880561529	0.867242663	0.860549545	0.847390283	0.840924137	0.828049458
85	0.897373491	0.891094011	0.884355143	0.870836181	0.864198679	0.850848526	0.844449251	0.831391003
86	0.901080717	0.894846792	0.888003015	0.874427316	0.86768965	0.85445838	0.84780404	0.834722564
87	0.904793882	0.898601874	0.891652938	0.878016717	0.871178666	0.857903152	0.851312148	0.838209492
88	0.908513576	0.902222298	0.895305523	0.881605017	0.874815409	0.861342964	0.85465439	0.841521532
89	0.912240379	0.905849571	0.898822538	0.885048183	0.878153237	0.864625223	0.857992063	0.844663864
90	0.915843255	0.909484233	0.902483816	0.888494622	0.881639955	0.868058448	0.861325738	0.847961903
91	1.247375316	0.912994223	0.906013881	0.891944845	0.885127044	0.871338332	0.864655969	0.851253062
92	1.237483541	0.916646844	0.909418121	0.895399356	0.888472215	0.874618573	0.867831782	0.854380647
93	1.228599716	0.920049753	0.912966463	0.898858646	0.89182187	0.877899651	0.871158176	0.857505331
94	1.219488872	0.923596173	0.916393119	0.90218643	0.895036764	0.881182032	0.874334103	0.860627575
95	1.211479676	0.927029583	0.919832419	0.905522997	0.898398237	0.884322059	0.877511503	0.863747828
96	1.204152049	0.930479635	0.923157263	0.908735123	0.901628844	0.887609841	0.880545193	0.866866525
97	1.19600268	0.933823942	0.9264987	0.911959894	0.904868645	0.890759036	0.883728209	0.869834007
98	1.189394967	0.937188828	0.929857053	0.915197631	0.9079844	0.893774419	0.886771179	0.872803539
99	1.181700601	0.940574592	0.93310996	0.918448654	0.911245122	0.896937176	0.889820032	0.875775461
100	1.174287018	0.943863666	0.936383569	0.921585833	0.914385451	0.899969693	0.892735263	0.878750101
101	1.167562091	0.94717741	0.939678145	0.924739937	0.917410172	0.90287663	0.89579823	0.881583276
102	1.160797384	0.950401461	0.942876026	0.927911219	0.920451626	0.905930324	0.898730991	0.884422514
103	1.153146762	0.95365388	0.945982213	0.930977052	0.92351003	0.908861832	0.901673616	0.887268063
104	1.147373501	0.956823524	0.949116386	0.933942227	0.926461022	0.911806686	0.904492156	0.890120167
105	1.140160384	0.959915479	0.952278709	0.937051086	0.929432345	0.914635512	0.907323805	0.892839994
106	1.133040841	0.96315086	0.955357832	0.939944403	0.932424161	0.917480919	0.910168738	0.895569488
107	1.127732926	0.966205698	0.958358687	0.9429817	0.935316517	0.920343057	0.912897145	0.898308823
108	1.120523697	0.969299455	0.961394473	0.94581286	0.938232616	0.923096765	0.915641925	0.90105817
109	1.114466129	0.972329134	0.964358613	0.948788205	0.941055425	0.925870295	0.918403196	0.903683923
110	1.10850239	0.975299788	0.96736105	0.951566746	0.943905139	0.928663753	0.921055242	0.906190173
111	1.10142769	0.978316173	0.970298407	0.954378973	0.946667651	0.931356138	0.923726728	0.908843166
112	1.095042349	0.981280284	0.973175581	0.957224909	0.94934748	0.93395174	0.926294645	0.911379454
113	1.089723183	0.984197178	0.975997484	0.959997021	0.952060285	0.936573077	0.928884849	0.913931518
114	1.084200447	0.987071934	0.978867503	0.962699913	0.954806062	0.939220162	0.931497366	0.916372183
115	1.077041558	0.989909657	0.981688778	0.965442646	0.957476615	0.941777553	0.934013236	0.918831283
116	1.071943278	0.992715474	0.984466225	0.968122261	0.960076387	0.944249449	0.93655415	0.921184188
117	1.065747152	0.995557073	0.987176748	0.970743347	0.962609831	0.946752646	0.939003821	0.923558085
118	1.060520062	0.998322069	0.989881885	0.973310502	0.965185036	0.949175875	0.941366287	0.925952936
119	1.054716705	1.001053177	0.992549071	0.975897061	0.967699761	0.95163306	0.943759084	0.928247906
120	1.048576072	1.083612523	0.99519266	0.978427022	0.970198676	0.954015724	0.946069961	0.930446758
121	1.044374437	1.076357026	0.997791728	0.980924466	0.972644738	0.956402846	0.948413672	0.932671444
122	1.038401446	1.069374318	1.000361404	0.983384188	0.97506188	0.95873222	0.950702545	0.93492184
123	1.032917956	1.062736814	1.002891278	0.98580164	0.977434403	0.961017915	0.952950497	0.9370937
124	1.028236723	1.056382688	1.005388669	0.988190965	0.979776179	0.963263144	0.955160214	0.939224613
125	1.022452666	1.050218536	1.007845129	0.990539127	0.982072602	0.965471112	0.957323829	0.941316678
126	1.018041211	1.044255022	1.010253797	0.99284312	0.984328587	0.967645006	0.959454795	0.94337197
127	1.013019873	1.038347063	1.01262455	0.995109157	0.986549066	0.969768325	0.961545482	0.945392536
128	1.007602333	1.0327604	1.014952731	0.997335155	0.988721371	0.971864487	0.963598913	0.947369462
129	1.004486707	1.027327803	1.017228298	0.999511606	0.990860082	0.973917546	0.965608109	0.949305121
130	0.999038912	1.021842883	1.019457755	1.001646444	0.992945243	0.975922114	0.967576472	0.95120186
131	0.993928588	1.016560323	1.021628556	1.003732066	0.994992159	0.977882638	0.969507384	0.953061999
132	0.989431506	1.011419337	1.023751471	1.005762412	0.996982953	0.979803564	0.971385086	0.954877395
133	0.985839608	1.00634113	1.039414826	1.007747902	0.998925751	0.981671418	0.973223191	0.956650686
134	0.98068073	1.001414328	1.032451698	1.009670107	1.000813169	0.983491539	0.975016168	0.958374298
135	0.976930394	0.996347712	1.025911955	1.011527961	1.002646934	0.985260616	0.976749903	0.960061241
136	0.972016072	0.991601559	1.01973933	1.013329082	1.004422163	0.986984455	0.978447382	0.961694198
137	0.966092998	0.986869458	1.013821783	1.015055587	1.006128316	0.988643835	0.980086182	0.963286234
138	0.962375395	0.982222774	1.008141874	1.016706987	1.007771386	0.990254169	0.981671707	0.96483052
139	0.958133027	0.977737728	1.002669109	1.018273419	1.00933774	0.99179815	0.983192233	0.966311142
140	0.953559787	0.973040912	0.997332668	1.01975009	1.01083048	0.99327614	0.984662434	0.967750848
141	0.952119327	0.968644116	0.992192225	1.021120382	1.012228788	0.994689194	0.986071592	0.969134141
142	0.947587595	0.96439584	0.98715197	1.022370997	1.013542274	0.996031524	0.987410166	0.970455659
143	0.943382279	0.960119968	0.982267891	1.023488852	1.014740575	0.99729873	0.988677773	0.971719533
144	0.939747714	0.95587124	0.977470156	1.024450019	1.015831107	0.998480632	0.989882436	0.972929834
145	0.933389224	0.951708013	0.972786814	1.025214738	1.01678143	0.999576231	0.991001557	0.974064209
146	0.931605733	0.947420445	0.968194609	1.025743256	1.017582728	1.000572349	0.9920375	0.975145048
147	0.927498829	0.943330359	0.963700565	1.025960116	1.01820802	1.001472139	0.992993249	0.976142457
148	0.924915617	0.939506698	0.959254708	1.025741271	1.018626567	1.00225447	0.993850886	0.977078899
149	0.920301511	0.935430897	0.954939697	1.005325122	1.018782601	1.002909193	0.994602062	0.977926062
150	0.917681978	0.931434112	0.950635383	0.998008892	1.018619193	1.003436366	0.995247221	0.978698279
151	0.913365591	0.927882888	0.946465339	0.99146365	1.018018693	1.003810059	0.995774742	0.979385167
152	0.907452832	0.923898878	0.942341091	0.985452918	1.016792023	1.004012026	0.996175631	0.979985076
153	0.904244929	0.920149836	0.938270535	0.9797974	1.014485704	1.004021116	0.996437198	0.980488892
154	0.904113643	0.916361723	0.934257317	0.974419093	1.009336541	1.003815794	0.99654391	0.980888264
155	0.898719688	0.912921031	0.930300478	0.969304758	0.99476656	1.003361773	0.996478238	0.981175543
156	0.89684308	0.909187056	0.926459178	0.964294029	0.987556019	1.002618309	0.996227246	0.981358453
157	0.894356431	0.905542413	0.922594275	0.959492237	0.981251829	1.001531205	0.99576558	0.981415233
158	0.886790456	0.902034744	0.918821357	0.954864	0.975462451	1.000038682	0.995074082	0.981339765
159	0.883478339	0.898714143	0.915124486	0.950343779	0.970010702	0.998057674	0.994123395	0.981133157
160	0.884868686	0.895241719	0.911407277	0.945856827	0.964813424	0.995489334	0.992880469	0.980775374
161	0.88162019	0.892045157	0.907787368	0.941515359	0.959848356	0.992240717	0.991317641	0.980260573
162	0.878647224	0.888360856	0.904236504	0.937333605	0.955050391	0.988251755	0.989394162	0.979582225
163	0.871063054	0.885030752	0.900637927	0.933194547	0.950387278	0.983579261	0.987086798	0.978726068
164	0.86917118	0.882116421	0.897193738	0.929130878	0.945862183	0.978475514	0.984367725	0.977682871
165	0.868199612	0.878802462	0.893695694	0.925050635	0.941457289	0.973273416	0.981235659	0.976440703
166	0.862998793	0.875545215	0.890352986	0.921174477	0.937131214	0.96818233	0.977704751	0.974996415
167	0.85899922	0.872382804	0.886939185	0.917261063	0.932898949	0.963248698	0.973819541	0.973341126
168	0.856453267	0.869355229	0.883670207	0.913522338	0.928775216	0.958461504	0.969657764	0.971471096
169	0.855623595	0.866023747	0.88030044	0.909653923	0.924730206	0.953800896	0.965316122	0.969385622
170	0.850991533	0.862891716	0.877052179	0.905998794	0.920748416	0.949250344	0.960893617	0.967091486
171	0.84842359	0.860004483	0.873864152	0.902355517	0.916846219	0.944803297	0.956469625	0.964589542
172	0.848210986	0.856896683	0.870666106	0.89878937	0.912946079	0.940448917	0.952085551	0.96189358
173	0.844546055	0.854108329	0.867486255	0.895205318	0.909159143	0.936181983	0.94775654	0.959007151
174	0.843635067	0.851155637	0.864464976	0.891829004	0.905443869	0.93198827	0.943485161	0.955953032
175	0.83947093	0.848057859	0.861301874	0.888380426	0.901817216	0.927873105	0.939275659	0.952740376
176	0.832052487	0.844835433	0.858245349	0.884899047	0.898194893	0.923843963	0.935142578	0.949398495
177	0.834486893	0.842078615	0.855210604	0.881621758	0.894652796	0.919862536	0.931066365	0.94595048
178	0.827466431	0.839264921	0.852224807	0.878213272	0.891072561	0.915954931	0.927037685	0.942417245
179	0.824226046	0.836418923	0.849316498	0.874909133	0.887618019	0.912110329	0.923075821	0.938828296
180	0.825133716	0.833566449	0.846387447	0.871761	0.884257547	0.908307208	0.919179238	0.935195938
181	0.823555052	0.830734599	0.843459808	0.868373527	0.88082949	0.904589817	0.915322909	0.931545715
182	0.819525934	0.827951754	0.840556907	0.86522233	0.877496477	0.90091435	0.911524409	0.927883647
183	0.813086193	0.82524759	0.837703249	0.862126111	0.874194702	0.897280502	0.907776115	0.924217489
184	0.811655171	0.822653085	0.834924515	0.85912286	0.870973836	0.893711551	0.904065893	0.920577233
185	0.80815289	0.820200524	0.832103821	0.855995545	0.867751088	0.890175172	0.900437581	0.916937524
186	0.810258677	0.817245985	0.829259536	0.852947303	0.864566628	0.886664093	0.896837729	0.913337268
187	0.802917878	0.814476377	0.82656125	0.84993241	0.861316812	0.883258344	0.893274078	0.909746543
188	0.801568784	0.811927618	0.823885637	0.846953283	0.858182813	0.879832032	0.889741365	0.906188181
189	0.798666336	0.809636954	0.821097237	0.844010564	0.855212633	0.876501449	0.886291293	0.902650336
190	0.802423017	0.806913423	0.818368574	0.841073037	0.852130377	0.873164063	0.882861819	0.899149022
191	0.796794365	0.804499913	0.81572293	0.838165656	0.849123877	0.869873493	0.879444895	0.895677407
192	0.789872929	0.801680957	0.813184572	0.835314755	0.846056306	0.866623085	0.876106559	0.892219494
193	0.79028407	0.799228122	0.810437575	0.832450105	0.843130565	0.863466288	0.872785029	0.888816508
194	0.789871587	0.797184777	0.807835315	0.82965967	0.840201902	0.86024821	0.869537822	0.885440775
195	0.788747232	0.794000098	0.805404842	0.826867566	0.83729604	0.857149985	0.866279701	0.882076344
196	0.787028152	0.79207161	0.80281167	0.824094226	0.834440228	0.853995921	0.863056746	0.878751214
197	0.784836974	0.789836509	0.800247976	0.821324816	0.831458669	0.850976153	0.859918987	0.875465692
198	0.782301899	0.787300467	0.797732613	0.818616374	0.828784524	0.847892534	0.856751047	0.87221428
199	0.779556782	0.784469673	0.79509293	0.815915996	0.825817079	0.84485695	0.853647168	0.868984882
200	0.776741214	0.78222066	0.792730236	0.813242533	0.823221487	0.841906702	0.850591788	0.865758025
201	0.7740006	0.779720773	0.790277353	0.810575547	0.820361986	0.83889519	0.847498376	0.862609118
202	0.771486228	0.777877996	0.787744865	0.807932769	0.817707922	0.836036916	0.844528483	0.859444233
203	0.769355336	0.774917572	0.785351476	0.805290567	0.81481067	0.833076061	0.841521411	0.856335204
204	0.767771179	0.772663643	0.782909207	0.802708593	0.81216745	0.83023403	0.838574262	0.853246078
205	0.766903076	0.770227517	0.780430507	0.800118584	0.809561415	0.827334385	0.835648013	0.850171626
206	0.756531753	0.768581572	0.778147809	0.797580761	0.80701287	0.824505173	0.832694913	0.847145246
207	0.757475125	0.765831852	0.775640001	0.795021184	0.804273498	0.821776139	0.829817763	0.844158656
208	0.759678192	0.763928937	0.773364204	0.792500486	0.801621291	0.818943597	0.826966855	0.841153023
209	0.752474962	0.760917251	0.771115983	0.789987254	0.799079203	0.816260624	0.824083004	0.838201169
210	0.757629216	0.75881233	0.768675173	0.787496046	0.796380555	0.813511562	0.821273751	0.835236106
211	0.75346607	0.756636847	0.766285298	0.785042072	0.793826478	0.810709408	0.818477135	0.832332813
212	0.751055211	0.754406721	0.764207182	0.782589426	0.791442498	0.808000438	0.815715111	0.829468687
213	0.750612721	0.752138562	0.761725646	0.780151283	0.788942911	0.805410982	0.813010895	0.826615414
214	0.74069408	0.74984967	0.759591051	0.777741403	0.786333067	0.802688473	0.810288915	0.823738672
215	0.744697881	0.74755805	0.757320682	0.775318986	0.783945697	0.800125975	0.807565795	0.820916205
216	0.739356269	0.745282418	0.754920511	0.772951819	0.781475172	0.79745725	0.804859159	0.818112668
217	0.736575416	0.744184821	0.752928733	0.770540474	0.778928479	0.794840873	0.802187627	0.815349326
218	0.73660104	0.74201766	0.750567771	0.768211263	0.776592788	0.792296272	0.799570796	0.812583529
219	0.739685457	0.739927103	0.748381272	0.765861156	0.774172936	0.789843719	0.796913724	0.80983292
220	0.733402446	0.736739274	0.746111094	0.763500176	0.771748189	0.787176162	0.79434704	0.807116237
221	0.730354193	0.734849589	0.744049488	0.761201013	0.769367226	0.784627127	0.791771172	0.804453292
222	0.730810281	0.733103419	0.741930227	0.758914818	0.76700622	0.782219195	0.789199622	0.801791388
223	0.721829655	0.731524597	0.739762408	0.75658835	0.764638688	0.779799043	0.786646609	0.799145982
224	0.729951799	0.728869504	0.737555525	0.75429566	0.762314833	0.777197052	0.784127068	0.796455504
225	0.715269386	0.72639452	0.735319476	0.752049043	0.759967001	0.774782829	0.781656639	0.793890775
226	0.718271078	0.724125348	0.73337232	0.749792835	0.757645507	0.772392167	0.779113071	0.791229454
227	0.711911024	0.722088457	0.73111415	0.747606108	0.755362221	0.769843997	0.776645119	0.78864614
228	0.71007448	0.720311074	0.729176539	0.745360543	0.753086442	0.767535778	0.774124895	0.786073577
229	0.713073508	0.718821189	0.726940966	0.743134711	0.750784532	0.765088857	0.771709215	0.783525313
230	0.706713608	0.716265023	0.724732001	0.740939163	0.748554048	0.762711995	0.769264396	0.781015581
231	0.705453408	0.71401553	0.722894553	0.738709933	0.746271819	0.76042036	0.76679927	0.778465397
232	0.709623252	0.712102676	0.720781519	0.736530592	0.744037038	0.758012775	0.76448291	0.775979466
233	0.704467709	0.710557188	0.718733611	0.734412829	0.741814192	0.755713043	0.762009183	0.773475274
234	0.705033629	0.707948382	0.71676451	0.732210837	0.73961287	0.753311539	0.759711577	0.771063469
235	0.696181394	0.707212801	0.714535238	0.730089505	0.737393885	0.751042272	0.757270271	0.768554313
236	0.693357641	0.705438554	0.712761281	0.727979939	0.735214891	0.748686982	0.755034411	0.766163086
237	0.69692328	0.702597778	0.710746088	0.725808065	0.733035592	0.746490053	0.752670206	0.763691217
238	0.691151994	0.700206733	0.708489039	0.723748004	0.730864254	0.744224416	0.750360516	0.76125381
239	0.692105624	0.698300244	0.706738524	0.721641813	0.728709463	0.741894376	0.747931759	0.758862894
240	0.700163632	0.696913893	0.704767212	0.719582545	0.726580127	0.739760118	0.745765118	0.756530981
241	0.699000584	0.694475889	0.702575285	0.717491705	0.724430774	0.737320309	0.743303943	0.754152213
242	0.688382758	0.692588677	0.700553988	0.715375547	0.72232374	0.735096435	0.741131894	0.75173217
243	0.685210801	0.691289921	0.698720615	0.713332298	0.720212255	0.733109279	0.738871251	0.749400919
244	0.689889066	0.688944712	0.696690805	0.71127998	0.718103574	0.730828093	0.736524496	0.747045913
245	0.68526322	0.687221744	0.694873525	0.70922566	0.716005223	0.728524675	0.734304361	0.744803349
246	0.688886182	0.686160768	0.69287381	0.707176668	0.713925003	0.726491918	0.732226119	0.742423828
247	0.683179884	0.684062276	0.691112629	0.705238303	0.711870989	0.724168688	0.729868921	0.740176531
248	0.686138519	0.682662753	0.689184235	0.703224535	0.709789984	0.722140342	0.727668746	0.737939593
249	0.67975288	0.680218544	0.687090848	0.701138888	0.707750134	0.719825038	0.725641977	0.735580389
250	0.68246611	0.678512135	0.685271747	0.699189751	0.70569674	0.717830118	0.723343533	0.733385693
251	0.675830584	0.675754838	0.683304591	0.697182629	0.703700472	0.715552652	0.721235395	0.731079984
252	0.678745915	0.673776066	0.681641162	0.695227177	0.701639452	0.713622326	0.719095467	0.728812792
253	0.672318927	0.672620445	0.679847885	0.693225461	0.699650464	0.711414781	0.716928568	0.726593328
254	0.675913035	0.670430659	0.677928259	0.691290759	0.697607939	0.709252072	0.714739733	0.724431114
255	0.670182548	0.669108074	0.67588597	0.68932241	0.695653299	0.70714299	0.712534213	0.72217794
256	0.654903979	0.666748658	0.674198254	0.687437369	0.693657218	0.705096591	0.710574794	0.719996027
257	0.67044583	0.665302458	0.672408371	0.685418619	0.691694873	0.703122194	0.708357092	0.717895761
258	0.656413727	0.662817901	0.670520782	0.683497115	0.689701894	0.701229376	0.706406201	0.715720759
259	0.653419359	0.66129457	0.668540145	0.681566563	0.687756028	0.699068876	0.704200126	0.713472838
260	0.661968906	0.660781958	0.666969964	0.679751402	0.685791141	0.696998139	0.70200701	0.711327217
261	0.661313782	0.659256228	0.664824513	0.677822171	0.683812229	0.695027439	0.700113717	0.709295378
262	0.651239037	0.65669316	0.663112901	0.675902024	0.681900954	0.69279027	0.6979712	0.707030117
263	0.653286236	0.655193338	0.661342156	0.673997396	0.679988462	0.691045497	0.695862065	0.70507254
264	0.645978914	0.652658338	0.659518158	0.672114929	0.678001571	0.689043951	0.693793547	0.702886908
265	0.651364734	0.651240705	0.657647007	0.670261463	0.676102393	0.686778541	0.691773099	0.700844708
266	0.64747418	0.648791362	0.656273088	0.668444041	0.674219256	0.685045279	0.689808387	0.698766428
267	0.656866893	0.647515579	0.654333575	0.666539152	0.672358284	0.683058918	0.687907292	0.696655375
268	0.634044571	0.645212898	0.652366584	0.664681425	0.670442389	0.680812609	0.685763941	0.694515004
269	0.647888732	0.644142046	0.65093757	0.662878478	0.668559097	0.679140396	0.684009651	0.692551147
270	0.652648324	0.642050487	0.648943745	0.661001963	0.666629289	0.677220073	0.682019977	0.690366492
271	0.648118876	0.641251103	0.646944144	0.659192421	0.664830164	0.675045072	0.679788551	0.6883728
272	0.634091309	0.639438609	0.645525793	0.657318201	0.662907787	0.673048516	0.677977153	0.686372005
273	0.63470611	0.63658984	0.643544992	0.655523847	0.661040882	0.671243421	0.67593172	0.68436842
274	0.625941294	0.635100248	0.642175698	0.653674354	0.659236809	0.669190151	0.673990453	0.682366513
275	0.632483614	0.63502992	0.640246481	0.651918324	0.657411236	0.66734189	0.672162768	0.680370902
276	0.629779084	0.631491028	0.638352321	0.650117347	0.655568162	0.665712282	0.670103524	0.678160146
277	0.617623594	0.631884729	0.637117201	0.648424138	0.653711722	0.663842394	0.668166821	0.676188077
278	0.621533808	0.628764761	0.6353273	0.646545627	0.651941837	0.661726138	0.666362631	0.674237064
279	0.616140711	0.627142756	0.633599797	0.644786029	0.650072899	0.659843887	0.664330415	0.672312343
280	0.627525436	0.627082417	0.631944273	0.642999931	0.648302047	0.658210146	0.66244054	0.670419301
281	0.629769142	0.623412774	0.630370549	0.641191336	0.646538352	0.656339409	0.660321942	0.668319346
282	0.622674099	0.623965568	0.628236486	0.639523447	0.64468587	0.654225811	0.658743102	0.6665028
283	0.633177551	0.620864957	0.626849257	0.637684406	0.642949893	0.652377782	0.656553675	0.664483509
284	0.607091831	0.619412913	0.624907293	0.635998776	0.641132629	0.650549973	0.654925937	0.662511544
285	0.626506096	0.616940402	0.623073474	0.634312077	0.639340133	0.648694466	0.653080406	0.660592991
286	0.608934775	0.616192196	0.622041607	0.632461895	0.637577804	0.646867752	0.651011741	0.658734087
287	0.609918412	0.61444021	0.619774217	0.630785316	0.635851184	0.645075025	0.649129576	0.656674682
288	0.601540445	0.611662807	0.618331368	0.629122238	0.634057144	0.643211565	0.647445669	0.65495059
289	0.61251626	0.610696804	0.61704184	0.627304456	0.632307591	0.641389957	0.645545522	0.653031546
290	0.614341335	0.608723772	0.615203206	0.625681841	0.63060847	0.639615773	0.64385622	0.650912755
291	0.606823955	0.608643033	0.613526011	0.623910995	0.628852931	0.637780247	0.641952018	0.649153483
292	0.619592107	0.607575274	0.612022558	0.622350459	0.62715736	0.636000713	0.63982781	0.647200614
293	0.593114803	0.605499672	0.609966799	0.620648673	0.625412371	0.634224387	0.638378301	0.645339438
294	0.617595814	0.602394959	0.608840614	0.618805014	0.62362022	0.632455089	0.636266615	0.643577274
295	0.602449751	0.601287539	0.607171574	0.617191212	0.621901841	0.630636484	0.634393537	0.641623674
296	0.608683539	0.599172959	0.60571148	0.615443197	0.620263977	0.628892368	0.632772206	0.63977611
297	0.605668549	0.599142834	0.603702151	0.613941671	0.618592056	0.62710558	0.630941996	0.638042288
298	0.593215314	0.598129157	0.601912157	0.612121372	0.616888759	0.625340625	0.629378174	0.636119944
299	0.603161747	0.596111632	0.600355365	0.610560377	0.61515686	0.623601852	0.627608248	0.634318979
300	0.60393527	0.593069541	0.599045889	0.608877559	0.613399222	0.621829559	0.625627548	0.632329069
301	0.595350146	0.59222684	0.597192475	0.607272397	0.611746145	0.62009089	0.623929979	0.630791145
302	0.577216867	0.590385265	0.59559818	0.605550016	0.610076327	0.61839051	0.622024791	0.628745732
303	0.582685661	0.590836475	0.594277786	0.60391462	0.608392946	0.616666633	0.620418617	0.627169112
304	0.578892535	0.58697038	0.592414634	0.602373341	0.606699273	0.614921715	0.618608358	0.625076718
305	0.599656438	0.585424685	0.590838181	0.600724798	0.605132042	0.613226481	0.617113482	0.623470432
306	0.577123253	0.586282243	0.589563882	0.598969422	0.603429511	0.611517001	0.614888026	0.621684141
307	0.579451858	0.582728251	0.587749173	0.597534403	0.601863524	0.609795988	0.61351885	0.619713844
308	0.572457264	0.58160707	0.58625043	0.595787347	0.600166405	0.608066237	0.611410257	0.617908202
309	0.591320616	0.579484247	0.585083785	0.594158002	0.598476802	0.60640213	0.610188302	0.616276425
310	0.56547659	0.579895122	0.583380283	0.592654281	0.596939695	0.604664452	0.608218397	0.614466345
311	0.565817192	0.575745223	0.582023722	0.591061349	0.595278354	0.603000112	0.606602885	0.612840074
312	0.59320485	0.57416086	0.580127202	0.58938015	0.593636378	0.601340737	0.604787602	0.611036757
313	0.575000479	0.575230234	0.578593059	0.587839453	0.592017912	0.599614637	0.603345007	0.609427556
314	0.584188603	0.571644526	0.577438545	0.586217477	0.590427197	0.597974074	0.601124309	0.607642815
315	0.584188381	0.570746389	0.575749481	0.584748095	0.588719434	0.596348379	0.599871839	0.605678786
316	0.57482272	0.568853886	0.574456537	0.582969661	0.587195715	0.594663502	0.597833012	0.603920436
317	0.555911101	0.569757254	0.572627018	0.581589067	0.585560647	0.592998754	0.596372506	0.602377932
318	0.565831085	0.565855715	0.571210728	0.579902204	0.583967982	0.591357755	0.594657833	0.60066358
319	0.566577095	0.564786255	0.570226037	0.578388473	0.582422435	0.589664031	0.592991929	0.598773794
320	0.557974617	0.562720556	0.568712137	0.576811799	0.580771417	0.588080834	0.591316726	0.597112395
321	0.579506482	0.563599626	0.566658789	0.575173854	0.579173883	0.586450769	0.589697839	0.595277842
322	0.552051794	0.5595228	0.565054762	0.573726809	0.577634824	0.584775071	0.588012025	0.593683582
323	0.55512669	0.558429377	0.563919333	0.572227233	0.575996843	0.58313883	0.586388966	0.591918717
324	0.548899131	0.55634074	0.562253174	0.570677053	0.574424197	0.581546142	0.584702702	0.590406398
325	0.574360847	0.55735256	0.561075064	0.569078261	0.572922158	0.579915545	0.583085915	0.588726288
326	0.549391595	0.553256638	0.559366101	0.567432915	0.571328431	0.578335095	0.581476711	0.586875002
327	0.5565303	0.552302273	0.558165282	0.566006731	0.569812671	0.576721619	0.579810355	0.585290426
328	0.554442968	0.550356772	0.556433878	0.564543681	0.56820926	0.575076718	0.578155805	0.583537776
329	0.54295882	0.551674188	0.555231365	0.563046089	0.566691495	0.573491451	0.576585032	0.582064947
330	0.565006136	0.547731488	0.553498937	0.561516347	0.565090393	0.571880031	0.574963721	0.580427417
331	0.534607395	0.547095294	0.552316803	0.559956919	0.563582936	0.570335552	0.573363238	0.578621941
332	0.538187278	0.54547524	0.550605835	0.558370337	0.562175037	0.568770464	0.571715435	0.57711158
333	0.532477066	0.547287271	0.549467225	0.557039089	0.560512498	0.567186674	0.570093289	0.575436944
334	0.561999466	0.543686625	0.547801282	0.555408874	0.558954392	0.565586144	0.568500068	0.573594837
335	0.537609092	0.543564149	0.546730423	0.554045004	0.557506899	0.563970889	0.566939104	0.572063799
336	0.548922251	0.542468411	0.545134164	0.552382229	0.555990697	0.562439173	0.565339445	0.570369268
337	0.551085045	0.540381735	0.543002871	0.550997176	0.554406622	0.560898917	0.563777363	0.569000254
338	0.543932915	0.537286121	0.541491248	0.549607421	0.552944884	0.559352321	0.562180471	0.566974618
339	0.527298337	0.53784794	0.540622199	0.547919299	0.551420833	0.557801641	0.560626711	0.565781468
340	0.548163751	0.537449942	0.539232785	0.546526648	0.550028559	0.55624919	0.559042241	0.563925596
341	0.560046694	0.536074952	0.537313601	0.545138801	0.548384847	0.554697336	0.557428398	0.562414612
342	0.514802068	0.533705484	0.536063369	0.543453646	0.546878878	0.553148504	0.555865657	0.560742884
343	0.55622583	0.530323734	0.534286609	0.542082544	0.545517554	0.551605177	0.554357859	0.5589074
344	0.540195257	0.530811735	0.533204474	0.540726435	0.543906418	0.550069893	0.552747495	0.557434729
345	0.51452857	0.530339668	0.531599522	0.539074616	0.542446304	0.548545249	0.55119671	0.555803221
346	0.528759169	0.52889061	0.53071554	0.53775627	0.54093976	0.547033899	0.549709529	0.554550441
347	0.533888986	0.526447338	0.529312923	0.536143574	0.539594773	0.545538555	0.548123718	0.552598039
348	0.529759285	0.52299232	0.527382504	0.534877767	0.538001593	0.543953504	0.546606468	0.551029601
349	0.516208557	0.523629725	0.526202428	0.533319221	0.536576885	0.542497475	0.545077165	0.549858922
350	0.544516867	0.523310719	0.524499205	0.531792057	0.535115641	0.540955318	0.543537585	0.547974518
351	0.512082809	0.522018704	0.523574313	0.530632613	0.53361949	0.53943844	0.541989548	0.546493424
352	0.522072935	0.519736791	0.522131417	0.529183304	0.532306669	0.53794983	0.540522273	0.544855732
353	0.522888015	0.516447798	0.521495503	0.527777563	0.530747815	0.53649253	0.538963813	0.543638406
354	0.51437056	0.517484169	0.519001429	0.526077974	0.529379872	0.534954702	0.537491695	0.541684886
355	0.496360374	0.512176104	0.518677728	0.52476898	0.52776546	0.533452259	0.535930656	0.540157662
356	0.522841632	0.511252535	0.51647802	0.523516429	0.526349791	0.531988406	0.534461737	0.538474234
357	0.540424806	0.514836467	0.515120832	0.521973722	0.524914192	0.530448152	0.532906327	0.53723483
358	0.493903502	0.511980028	0.514633427	0.520490107	0.523460675	0.528950849	0.53144902	0.535845462
359	0.492773801	0.508108474	0.512231515	0.519070159	0.522222301	0.527499867	0.529907816	0.534303518
360	0.538270724	0.508836982	0.510706061	0.517718539	0.520741297	0.526098634	0.528470902	0.532606334
361	0.518733613	0.508612636	0.510085064	0.516439982	0.519248726	0.524627883	0.526952853	0.531377744
362	0.489521424	0.507419434	0.508953878	0.514872181	0.517746806	0.523087745	0.525449406	0.529368048
363	0.507884412	0.505241098	0.50730391	0.513380643	0.516477303	0.52160342	0.523962937	0.527833641
364	0.51721014	0.502061077	0.506594243	0.511970314	0.514965698	0.520178547	0.522495863	0.526789999
365	0.517348612	0.503737059	0.503893151	0.51064622	0.513695532	0.518689469	0.521050654	0.524951427
366	0.508147343	0.498553656	0.503633233	0.509413469	0.512183782	0.517264977	0.519530122	0.523610619
367	0.489451316	0.498292363	0.501364666	0.507893607	0.510674571	0.515908873	0.518135316	0.522120472
368	0.520919208	0.497062933	0.500077744	0.506468858	0.509420817	0.514363293	0.516668517	0.520478457
369	0.483262107	0.494849378	0.499802297	0.505144539	0.507926555	0.51302122	0.515129603	0.518682002
370	0.496443304	0.497759009	0.497480017	0.503926049	0.506697417	0.51149046	0.51372527	0.517410225
371	0.500500122	0.493579938	0.49617809	0.502421703	0.505228708	0.510036749	0.512252383	0.515991467
372	0.495283779	0.494593216	0.495927055	0.501027401	0.503775763	0.508664154	0.510816183	0.514423284
373	0.480643063	0.488384113	0.493591033	0.499748756	0.502341385	0.507239957	0.509419496	0.513403685
374	0.519217913	0.487438078	0.492315369	0.498183949	0.500928432	0.505764706	0.507958018	0.511535647
375	0.485783418	0.485514121	0.49052143	0.497150323	0.499539818	0.504378262	0.506539935	0.510224029
376	0.506274938	0.489028386	0.489824179	0.495835205	0.498178509	0.502944398	0.505059111	0.508765973
377	0.51775687	0.485154039	0.488618714	0.494234018	0.496847529	0.501605504	0.503625712	0.507159079
378	0.520084967	0.486790844	0.486896835	0.49276369	0.495549957	0.500080016	0.50224278	0.505400906
379	0.513112673	0.480903262	0.486313957	0.491430273	0.49401357	0.498797594	0.5008014	0.504228328
380	0.496691085	0.480601385	0.485225332	0.490239892	0.492789937	0.49733005	0.499301771	0.502912767
381	0.470668908	0.479333289	0.483622874	0.488766494	0.491329221	0.495967873	0.497972056	0.501451921
382	0.501813103	0.477083586	0.481498367	0.487441445	0.489910049	0.494567663	0.496473551	0.49984345
383	0.456671399	0.480640416	0.480562206	0.48627109	0.488820546	0.493130271	0.495151434	0.498084974
384	0.469458378	0.476435756	0.479115359	0.484818718	0.487209708	0.491807123	0.493661128	0.49694661
385	0.479962845	0.478115086	0.478896176	0.483526681	0.485935363	0.490299315	0.492235893	0.495589083
386	0.481297868	0.474680634	0.476417836	0.482401546	0.484716211	0.488910174	0.490879113	0.494165301
387	0.480277811	0.473039879	0.475179151	0.480995782	0.483261386	0.487644553	0.489474234	0.492675021
388	0.476920252	0.471828439	0.475214481	0.479762893	0.48186405	0.486195929	0.48802168	0.491277911
389	0.478310311	0.470351153	0.472952698	0.478248023	0.480527844	0.484875494	0.486643938	0.489816598
390	0.47751025	0.46932857	0.471977551	0.476912195	0.479256462	0.483529916	0.485344566	0.488453549
391	0.474541319	0.468054757	0.470492486	0.475762336	0.478053659	0.482160313	0.483878971	0.487028715
392	0.476657276	0.46726181	0.468489574	0.47433248	0.476616513	0.480767829	0.482494859	0.485624672
393	0.469473688	0.465497076	0.467821753	0.4730951	0.475250634	0.479353639	0.481195919	0.484159982
394	0.467533989	0.464228758	0.466649447	0.471576711	0.473959922	0.477918944	0.479731406	0.482802777
395	0.47103175	0.463476291	0.464964892	0.470257502	0.472748331	0.476630004	0.478355369	0.481387564
396	0.465251915	0.461753235	0.464665158	0.469144765	0.471303072	0.475325764	0.477071621	0.479914288
397	0.465077844	0.460562533	0.463867175	0.467753624	0.46993993	0.473839796	0.475623181	0.478555405
398	0.463140116	0.459159574	0.462563352	0.466576005	0.46866301	0.472507555	0.47427053	0.477141262
399	0.467096154	0.458317716	0.460745983	0.465119332	0.467476471	0.471164032	0.472885038	0.475759551
400	0.461782232	0.457281073	0.458407238	0.463883432	0.466057458	0.469810627	0.471601109	0.474412466
