TITLE = "oxygen alpha prediction Soave Optimal theta 0.1273314 " 

  VARIABLES = Tr	model_uncorrected	model_corrected	bias	upper	lower
0.388098318	1.311917432	0.762173776	-0.549743656	0.817938107	0.706409445
0.390299743	1.310359292	0.763459487	-0.546899805	0.819056544	0.707862429
0.392501169	1.308806462	0.764751702	-0.544054759	0.820187642	0.709315763
0.394702594	1.307258897	0.76605025	-0.541208647	0.821331096	0.710769405
0.396904019	1.305716554	0.767354958	-0.538361595	0.822486602	0.712223315
0.399105444	1.304179388	0.768665656	-0.535513732	0.823653859	0.713677454
0.40130687	1.302647358	0.769982174	-0.532665184	0.824832565	0.715131783
0.403508295	1.301120421	0.771304341	-0.52981608	0.82602242	0.716586263
0.40570972	1.299598536	0.77263199	-0.526966546	0.827223122	0.718040858
0.407911145	1.298081661	0.773964952	-0.524116709	0.828434374	0.719495529
0.410112571	1.296569755	0.775303059	-0.521266696	0.829655878	0.72095024
0.412313996	1.29506278	0.776646145	-0.518416635	0.830887337	0.722404953
0.414515421	1.293560694	0.777994043	-0.515566651	0.832128457	0.72385963
0.416716846	1.292063461	0.779346589	-0.512716872	0.833378944	0.725314235
0.418918271	1.29057104	0.780703617	-0.509867423	0.834638505	0.72676873
0.421119697	1.289083395	0.782064964	-0.507018431	0.835906852	0.728223077
0.423321122	1.287600488	0.783430466	-0.504170022	0.837183694	0.729677238
0.425522547	1.286122282	0.78479996	-0.501322322	0.838468746	0.731131174
0.427723972	1.28464874	0.786173284	-0.498475455	0.839761722	0.732584847
0.429925398	1.283179827	0.787550278	-0.495629549	0.84106234	0.734038216
0.432126823	1.281715506	0.78893078	-0.492784727	0.842370318	0.735491241
0.434328248	1.280255744	0.79031463	-0.489941115	0.843685379	0.73694388
0.436529673	1.278800505	0.791701669	-0.487098837	0.845007244	0.738396093
0.438731098	1.277349756	0.793091738	-0.484258017	0.846335641	0.739847835
0.440932524	1.275903461	0.79448468	-0.481418781	0.847670297	0.741299063
0.443133949	1.274461589	0.795880337	-0.478581252	0.849010942	0.742749733
0.445335374	1.273024107	0.797278554	-0.475745553	0.850357309	0.744199798
0.447536799	1.27159098	0.798679173	-0.472911808	0.851709133	0.745649212
0.449738225	1.270162179	0.800082039	-0.47008014	0.853066153	0.747097926
0.45193965	1.26873767	0.801486999	-0.467250671	0.854428107	0.748545892
0.454141075	1.267317423	0.802893899	-0.464423525	0.855794739	0.749993059
0.4563425	1.265901407	0.804302585	-0.461598822	0.857165794	0.751439376
0.458543926	1.26448959	0.805712905	-0.458776686	0.85854102	0.75288479
0.460745351	1.263081944	0.807124708	-0.455957236	0.859920168	0.754329247
0.462946776	1.261678437	0.808537842	-0.453140596	0.861302991	0.755772692
0.465148201	1.260279041	0.809952157	-0.450326884	0.862689245	0.75721507
0.467349626	1.258883727	0.811367505	-0.447516222	0.864078688	0.758656321
0.469551052	1.257492464	0.812783735	-0.444708729	0.865471083	0.760096387
0.471752477	1.256105226	0.8142007	-0.441904526	0.866866193	0.761535208
0.473953902	1.254721984	0.815618253	-0.439103731	0.868263784	0.762972722
0.476155327	1.25334271	0.817036247	-0.436306463	0.869663628	0.764408867
0.478356753	1.251967377	0.818454536	-0.43351284	0.871065495	0.765843577
0.480558178	1.250595957	0.819872975	-0.430722981	0.872469162	0.767276789
0.482759603	1.249228423	0.82129142	-0.427937003	0.873874405	0.768708435
0.484961028	1.24786475	0.822709727	-0.425155024	0.875281006	0.770138447
0.487162454	1.246504911	0.824127752	-0.422377159	0.876688748	0.771566757
0.489363879	1.245148879	0.825545354	-0.419603525	0.878097416	0.772993293
0.491565304	1.24379663	0.826962392	-0.416834237	0.879506801	0.774417984
0.493766729	1.242448137	0.828378725	-0.414069412	0.880916693	0.775840757
0.495968154	1.241103376	0.829794212	-0.411309164	0.882326886	0.777261539
0.49816958	1.239762322	0.831208715	-0.408553607	0.883737177	0.778680254
0.500371005	1.23842495	0.832622096	-0.405802855	0.885147366	0.780096826
0.50257243	1.237091237	0.834034216	-0.403057021	0.886557255	0.781511177
0.504773855	1.235761157	0.835444939	-0.400316218	0.887966649	0.782923229
0.506975281	1.234434688	0.836854129	-0.397580559	0.889375355	0.784332904
0.509176706	1.233111805	0.838261651	-0.394850154	0.890783183	0.785740119
0.511378131	1.231792486	0.83966737	-0.392125116	0.892189946	0.787144793
0.513579556	1.230476708	0.841071152	-0.389405556	0.893595459	0.788546845
0.515780981	1.229164448	0.842472866	-0.386691582	0.89499954	0.789946191
0.517982407	1.227855682	0.843872377	-0.383983305	0.896402009	0.791342745
0.520183832	1.22655039	0.845269557	-0.381280834	0.897802689	0.792736424
0.522385257	1.225248549	0.846664273	-0.378584277	0.899201404	0.794127141
0.524586682	1.223950138	0.848056396	-0.375893742	0.900597983	0.795514809
0.526788108	1.222655134	0.849445798	-0.373209336	0.901992255	0.796899341
0.528989533	1.221363516	0.85083235	-0.370531166	0.903384053	0.798280647
0.531190958	1.220075264	0.852215926	-0.367859338	0.904773212	0.79965864
0.533392383	1.218790356	0.853596399	-0.365193958	0.906159568	0.801033229
0.535593809	1.217508772	0.854973643	-0.362535129	0.907542962	0.802404324
0.537795234	1.216230491	0.856347534	-0.359882957	0.908923234	0.803771834
0.539996659	1.214955493	0.857717948	-0.357237545	0.910300229	0.805135667
0.542198084	1.213683758	0.859084762	-0.354598995	0.911673793	0.806495731
0.544399509	1.212415265	0.860447854	-0.351967411	0.913043774	0.807851934
0.546600935	1.211149997	0.861807103	-0.349342893	0.914410024	0.809204182
0.54880236	1.209887932	0.863162388	-0.346725543	0.915772394	0.810552383
0.551003785	1.208629052	0.864513591	-0.344115461	0.91713074	0.811896441
0.55320521	1.207373337	0.865860591	-0.341512746	0.918484919	0.813236263
0.555406636	1.206120769	0.867203271	-0.338917498	0.919834789	0.814571754
0.557608061	1.204871329	0.868541516	-0.336329814	0.921180212	0.815902819
0.559809486	1.203624999	0.869875207	-0.333749792	0.922521051	0.817229363
0.562010911	1.20238176	0.871204231	-0.331177529	0.923857172	0.818551291
0.564212337	1.201141594	0.872528474	-0.32861312	0.925188441	0.819868507
0.566413762	1.199904483	0.873847821	-0.326056662	0.926514727	0.821180915
0.568615187	1.19867041	0.87516216	-0.323508249	0.927835901	0.822488419
0.570816612	1.197439356	0.87647138	-0.320967975	0.929151837	0.823790924
0.573018037	1.196211304	0.877775371	-0.318435933	0.930462409	0.825088333
0.575219463	1.194986237	0.879074022	-0.315912215	0.931767494	0.82638055
0.577420888	1.193764139	0.880367225	-0.313396914	0.93306697	0.827667479
0.579622313	1.19254499	0.881654871	-0.310890119	0.934360718	0.828949024
0.581823738	1.191328777	0.882936855	-0.308391922	0.93564862	0.830225089
0.584025164	1.19011548	0.884213069	-0.305902411	0.93693056	0.831495578
0.586226589	1.188905085	0.885483409	-0.303421676	0.938206422	0.832760395
0.588428014	1.187697574	0.88674777	-0.300949803	0.939476096	0.834019445
0.590629439	1.186492931	0.88800605	-0.298486881	0.940739469	0.835272632
0.592830864	1.185291141	0.889258146	-0.296032995	0.941996432	0.83651986
0.59503229	1.184092188	0.890503957	-0.293588231	0.943246878	0.837761036
0.597233715	1.182896055	0.891743382	-0.291152673	0.944490701	0.838996063
0.59943514	1.181702728	0.892976322	-0.288726405	0.945727797	0.840224848
0.601636565	1.18051219	0.894202679	-0.286309511	0.946958062	0.841447296
0.603837991	1.179324427	0.895422354	-0.283902073	0.948181395	0.842663314
0.606039416	1.178139423	0.896635252	-0.281504171	0.949397697	0.843872807
0.608240841	1.176957164	0.897841277	-0.279115887	0.950606871	0.845075684
0.610442266	1.175777634	0.899040334	-0.2767373	0.951808818	0.84627185
0.612643692	1.174600819	0.90023233	-0.27436849	0.953003444	0.847461215
0.614845117	1.173426704	0.901417171	-0.272009533	0.954190656	0.848643686
0.617046542	1.172255275	0.902594767	-0.269660508	0.955370362	0.849819172
0.619247967	1.171086516	0.903765026	-0.26732149	0.95654247	0.850987582
0.621449392	1.169920415	0.904927859	-0.264992556	0.957706892	0.852148827
0.623650818	1.168756957	0.906083177	-0.262673779	0.958863539	0.853302816
0.625852243	1.167596127	0.907230893	-0.260365234	0.960012326	0.85444946
0.628053668	1.166437913	0.908370919	-0.258066993	0.961153168	0.855588671
0.630255093	1.1652823	0.909503171	-0.255779129	0.96228598	0.856720361
0.632456519	1.164129274	0.910627562	-0.253501712	0.963410681	0.857844444
0.634657944	1.162978823	0.91174401	-0.251234813	0.964527189	0.858960831
0.636859369	1.161830933	0.912852432	-0.248978501	0.965635425	0.860069439
0.639060794	1.16068559	0.913952746	-0.246732844	0.966735311	0.861170181
0.64126222	1.159542781	0.915044871	-0.244497911	0.967826769	0.862262972
0.643463645	1.158402494	0.916128728	-0.242273767	0.968909724	0.863347731
0.64566507	1.157264716	0.917204237	-0.240060479	0.969984102	0.864424373
0.647866495	1.156129433	0.918271322	-0.23785811	0.971049829	0.865492816
0.65006792	1.154996633	0.919329906	-0.235666726	0.972106833	0.866552979
0.652269346	1.153866303	0.920379913	-0.23348639	0.973155044	0.867604782
0.654470771	1.152738431	0.921421269	-0.231317162	0.974194393	0.868648145
0.656672196	1.151613004	0.922453899	-0.229159105	0.97522481	0.869682989
0.658873621	1.150490011	0.923477732	-0.227012279	0.976246228	0.870709236
0.661075047	1.149369438	0.924492696	-0.224876742	0.977258583	0.871726809
0.663276472	1.148251275	0.925498721	-0.222752554	0.978261809	0.872735632
0.665477897	1.147135508	0.926495736	-0.220639772	0.979255843	0.87373563
0.667679322	1.146022126	0.927483675	-0.218538452	0.980240622	0.874726727
0.669880748	1.144911118	0.928462468	-0.21644865	0.981216084	0.875708852
0.672082173	1.143802471	0.929432051	-0.21437042	0.982182171	0.87668193
0.674283598	1.142696174	0.930392357	-0.212303817	0.983138823	0.877645892
0.676485023	1.141592215	0.931343323	-0.210248892	0.984085981	0.878600665
0.678686448	1.140490583	0.932284885	-0.208205698	0.98502359	0.879546181
0.680887874	1.139391268	0.933216982	-0.206174286	0.985951593	0.880482371
0.683089299	1.138294256	0.934139552	-0.204154704	0.986869936	0.881409167
0.685290724	1.137199538	0.935052535	-0.202147004	0.987778566	0.882326503
0.687492149	1.136107102	0.935955871	-0.200151231	0.98867743	0.883234313
0.689693575	1.135016938	0.936849505	-0.198167433	0.989566476	0.884132533
0.691895	1.133929034	0.937733377	-0.196195657	0.990445654	0.8850211
0.694096425	1.13284338	0.938607433	-0.194235947	0.991314916	0.88589995
0.69629785	1.131759965	0.939471617	-0.192288348	0.992174212	0.886769023
0.698499275	1.130678778	0.940325877	-0.190352901	0.993023495	0.887628258
0.700700701	1.129599809	0.941170158	-0.188429651	0.99386272	0.888477596
0.702902126	1.128523048	0.94200441	-0.186518638	0.994691841	0.889316979
0.705103551	1.127448484	0.942828583	-0.184619901	0.995510814	0.890146351
0.707304976	1.126376106	0.943642625	-0.182733481	0.996319596	0.890965654
0.709506402	1.125305905	0.94444649	-0.180859415	0.997118145	0.891774835
0.711707827	1.124237871	0.945240129	-0.178997741	0.997906418	0.89257384
0.713909252	1.123171993	0.946023497	-0.177148496	0.998684378	0.893362616
0.716110677	1.122108261	0.946796547	-0.175311714	0.999451983	0.894141112
0.718312103	1.121046666	0.947559236	-0.17348743	1.000209196	0.894909277
0.720513528	1.119987198	0.948311521	-0.171675677	1.000955979	0.895667063
0.722714953	1.118929847	0.949053359	-0.169876487	1.001692297	0.896414421
0.724916378	1.117874603	0.94978471	-0.168089893	1.002418114	0.897151305
0.727117803	1.116821457	0.950505532	-0.166315925	1.003133395	0.897877669
0.729319229	1.115770399	0.951215788	-0.164554611	1.003838107	0.898593469
0.731520654	1.11472142	0.951915439	-0.162805981	1.004532218	0.89929866
0.733722079	1.11367451	0.952604449	-0.161070061	1.005215696	0.899993202
0.735923504	1.112629661	0.953282781	-0.15934688	1.00588851	0.900677052
0.73812493	1.111586862	0.953950401	-0.157636461	1.00655063	0.901350172
0.740326355	1.110546105	0.954607275	-0.15593883	1.007202029	0.902012522
0.74252778	1.109507381	0.955253371	-0.15425401	1.007842677	0.902664064
0.744729205	1.10847068	0.955888656	-0.152582024	1.008472549	0.903304764
0.746930631	1.107435994	0.956513101	-0.150922893	1.009091618	0.903934584
0.749132056	1.106403314	0.957126675	-0.149276638	1.009699858	0.904553492
0.751333481	1.10537263	0.957729351	-0.147643279	1.010297247	0.905161455
0.753534906	1.104343935	0.9583211	-0.146022834	1.010883759	0.905758441
0.755736331	1.103317219	0.958901897	-0.144415322	1.011459374	0.906344419
0.757937757	1.102292473	0.959471715	-0.142820758	1.01202407	0.906919361
0.760139182	1.10126969	0.960030531	-0.141239159	1.012577825	0.907483237
0.762340607	1.100248861	0.960578321	-0.139670539	1.01312062	0.908036023
0.764542032	1.099229976	0.961115064	-0.138114913	1.013652437	0.90857769
0.766743458	1.098213029	0.961640737	-0.136572292	1.014173257	0.909108216
0.768944883	1.09719801	0.96215532	-0.13504269	1.014683064	0.909627577
0.771146308	1.096184911	0.962658795	-0.133526116	1.01518184	0.91013575
0.773347733	1.095173724	0.963151143	-0.132022581	1.015669572	0.910632714
0.775549158	1.094164441	0.963632347	-0.130532094	1.016146244	0.91111845
0.777750584	1.093157054	0.964102391	-0.129054663	1.016611843	0.911592939
0.779952009	1.092151554	0.96456126	-0.127590294	1.017066357	0.912056164
0.782153434	1.091147934	0.96500894	-0.126138995	1.017509772	0.912508107
0.784354859	1.090146186	0.965445417	-0.124700769	1.01794208	0.912948754
0.786556285	1.089146302	0.96587068	-0.123275622	1.018363268	0.913378091
0.78875771	1.088148274	0.966284717	-0.121863557	1.018773329	0.913796105
0.790959135	1.087152094	0.966687519	-0.120464575	1.019172254	0.914202785
0.79316056	1.086157755	0.967079077	-0.119078678	1.019560035	0.914598118
0.795361986	1.085165248	0.967459381	-0.117705867	1.019936666	0.914982097
0.797563411	1.084174567	0.967828427	-0.116346141	1.02030214	0.915354713
0.799764836	1.083185704	0.968186206	-0.114999498	1.020656454	0.915715958
0.801966261	1.082198651	0.968532715	-0.113665936	1.020999603	0.916065826
0.804167686	1.081213401	0.968867948	-0.112345452	1.021331583	0.916404314
0.806369112	1.080229946	0.969191904	-0.111038042	1.021652393	0.916731416
0.808570537	1.079248279	0.96950458	-0.109743699	1.02196203	0.917047129
0.810771962	1.078268393	0.969805974	-0.108462419	1.022260495	0.917351454
0.812973387	1.077290281	0.970096087	-0.107194194	1.022547787	0.917644388
0.815174813	1.076313935	0.97037492	-0.105939015	1.022823907	0.917925933
0.817376238	1.075339348	0.970642473	-0.104696875	1.023088857	0.918196089
0.819577663	1.074366513	0.97089875	-0.103467763	1.02334264	0.918454861
0.821779088	1.073395424	0.971143755	-0.102251669	1.023585259	0.918702251
0.823980514	1.072426072	0.971377492	-0.10104858	1.023816719	0.918938265
0.826181939	1.071458451	0.971599967	-0.099858485	1.024037025	0.919162908
0.828383364	1.070492555	0.971811186	-0.098681369	1.024246183	0.919376189
0.830584789	1.069528376	0.972011156	-0.09751722	1.024444199	0.919578113
0.832786214	1.068565907	0.972199887	-0.09636602	1.024631082	0.919768692
0.83498764	1.067605142	0.972377387	-0.095227755	1.024806839	0.919947934
0.837189065	1.066646074	0.972543666	-0.094102408	1.024971481	0.920115851
0.83939049	1.065688696	0.972698736	-0.09298996	1.025125017	0.920272456
0.841591915	1.064733002	0.97284261	-0.091890392	1.025267458	0.920417761
0.843793341	1.063778984	0.972975299	-0.090803686	1.025398816	0.920551781
0.845994766	1.062826638	0.973096818	-0.08972982	1.025519105	0.920674531
0.848196191	1.061875955	0.973207181	-0.088668774	1.025628336	0.920786026
0.850397616	1.060926929	0.973306405	-0.087620525	1.025726524	0.920886285
0.852599041	1.059979555	0.973394506	-0.08658505	1.025813685	0.920975326
0.854800467	1.059033825	0.973471501	-0.085562325	1.025889834	0.921053167
0.857001892	1.058089734	0.973537408	-0.084552325	1.025954988	0.921119829
0.859203317	1.057147274	0.973592248	-0.083555026	1.026009165	0.921175332
0.861404742	1.056206441	0.97363604	-0.0825704	1.026052382	0.921219699
0.863606168	1.055267226	0.973668806	-0.081598421	1.026084659	0.921252953
0.865807593	1.054329625	0.973690566	-0.080639059	1.026106015	0.921275117
0.868009018	1.053393632	0.973701344	-0.079692288	1.026116472	0.921286216
0.870210443	1.052459239	0.973701163	-0.078758076	1.02611605	0.921286276
0.872411869	1.051526441	0.973690048	-0.077836393	1.026104773	0.921275323
0.874613294	1.050595232	0.973668024	-0.076927208	1.026082662	0.921253385
0.876814719	1.049665606	0.973635116	-0.07603049	1.026049743	0.92122049
0.879016144	1.048737557	0.973591353	-0.075146204	1.026006038	0.921176668
0.881217569	1.047811079	0.973536761	-0.074274318	1.025951575	0.921121948
0.883418995	1.046886167	0.97347137	-0.073414797	1.025886379	0.921056361
0.88562042	1.045962813	0.973395208	-0.072567605	1.025810476	0.920979939
0.887821845	1.045041013	0.973308306	-0.071732708	1.025723896	0.920892715
0.89002327	1.044120761	0.973210694	-0.070910067	1.025626665	0.920794723
0.892224696	1.043202051	0.973102405	-0.070099646	1.025518814	0.920685995
0.894426121	1.042284877	0.97298347	-0.069301407	1.025400372	0.920566568
0.896627546	1.041369234	0.972853924	-0.06851531	1.025271371	0.920436478
0.898828971	1.040455116	0.9727138	-0.067741315	1.025131841	0.92029576
0.901030397	1.039542517	0.972563134	-0.066979383	1.024981815	0.920144452
0.903231822	1.038631432	0.97240196	-0.066229472	1.024821326	0.919982593
0.905433247	1.037721855	0.972230315	-0.06549154	1.024650408	0.919810222
0.907634672	1.036813781	0.972048237	-0.064765545	1.024469095	0.919627378
0.909836097	1.035907205	0.971855762	-0.064051442	1.024277423	0.919434102
0.912037523	1.03500212	0.971652931	-0.063349189	1.024075427	0.919230434
0.914238948	1.034098522	0.971439781	-0.062658741	1.023863145	0.919016418
0.916440373	1.033196405	0.971216354	-0.061980051	1.023640613	0.918792095
0.918641798	1.032295764	0.970982689	-0.061313075	1.02340787	0.918557509
0.920843224	1.031396594	0.970738829	-0.060657765	1.023164954	0.918312704
0.923044649	1.030498888	0.970484815	-0.060014073	1.022911906	0.918057724
0.925246074	1.029602643	0.97022069	-0.059381953	1.022648765	0.917792616
0.927447499	1.028707852	0.969946498	-0.058761354	1.022375572	0.917517424
0.929648924	1.027814511	0.969662283	-0.058152228	1.02209237	0.917232197
0.93185035	1.026922615	0.96936809	-0.057554524	1.0217992	0.916936981
0.934051775	1.026032158	0.969063965	-0.056968193	1.021496105	0.916631824
0.9362532	1.025143135	0.968749953	-0.056393182	1.02118313	0.916316776
0.938454625	1.024255541	0.968426102	-0.05582944	1.020860318	0.915991885
0.940656051	1.023369372	0.968092458	-0.055276913	1.020527715	0.915657201
0.942857476	1.022484621	0.967749071	-0.05473555	1.020185367	0.915312775
0.945058901	1.021601285	0.967395989	-0.054205297	1.019833319	0.914958658
0.947260326	1.020719359	0.96703326	-0.053686098	1.01947162	0.914594901
0.949461752	1.019838836	0.966660937	-0.0531779	1.019100315	0.914221558
0.951663177	1.018959713	0.966279068	-0.052680646	1.018719455	0.91383868
0.953864602	1.018081985	0.965887705	-0.052194281	1.018329088	0.913446322
0.956066027	1.017205647	0.9654869	-0.051718747	1.017929263	0.913044536
0.958267452	1.016330693	0.965076705	-0.051253989	1.01752003	0.912633379
0.960468878	1.01545712	0.964657173	-0.050799947	1.017101442	0.912212904
0.962670303	1.014584923	0.964228358	-0.050356565	1.016673548	0.911783168
0.964871728	1.013714096	0.963790313	-0.049923782	1.016236401	0.911344225
0.967073153	1.012844635	0.963343095	-0.04950154	1.015790055	0.910896134
0.969274579	1.011976536	0.962886756	-0.04908978	1.015334561	0.910438951
0.971476004	1.011109793	0.962421354	-0.048688439	1.014869974	0.909972734
0.973677429	1.010244403	0.961946944	-0.048297459	1.014396348	0.90949754
0.975878854	1.00938036	0.961463583	-0.047916777	1.013913738	0.909013429
0.97808028	1.00851766	0.960971329	-0.047546331	1.013422201	0.908520458
0.980281705	1.007656299	0.96047024	-0.04718606	1.012921791	0.908018689
0.98248313	1.006796272	0.959960372	-0.0468359	1.012412565	0.907508179
0.984684555	1.005937575	0.959441786	-0.046495788	1.011894581	0.906988991
0.98688598	1.005080202	0.958914541	-0.046165662	1.011367897	0.906461184
0.989087406	1.00422415	0.958378695	-0.045845455	1.010832571	0.90592482
0.991288831	1.003369415	0.95783431	-0.045535104	1.010288661	0.90537996
0.993490256	1.002515991	0.957281446	-0.045234545	1.009736226	0.904826666
0.995691681	1.001663875	0.956720165	-0.04494371	1.009175328	0.904265001
0.997893107	1.000813062	0.956150526	-0.044662535	1.008606025	0.903695028
1.000094532	0.999963547	0.955572594	-0.044390954	1.008028379	0.903116808
1.002295957	0.999115328	0.954986429	-0.044128899	1.007442451	0.902530407
1.004497382	0.998268399	0.954392095	-0.043876304	1.006848303	0.901935887
1.006698807	0.997422755	0.953789655	-0.0436331	1.006245996	0.901333314
1.008900233	0.996578394	0.953179172	-0.043399221	1.005635594	0.900722751
1.011101658	0.99573531	0.952560711	-0.043174599	1.00501716	0.900104263
1.013303083	0.9948935	0.951934336	-0.042959163	1.004390757	0.899477916
1.015504508	0.994052959	0.951300112	-0.042752847	1.003756449	0.898843775
1.017705934	0.993213683	0.950658103	-0.04255558	1.003114301	0.898201905
1.019907359	0.992375669	0.950008376	-0.042367293	1.002464378	0.897552374
1.022108784	0.991538911	0.949350996	-0.042187915	1.001806744	0.896895247
1.024310209	0.990703407	0.948686029	-0.042017378	1.001141466	0.896230591
1.026511635	0.989869151	0.948013541	-0.04185561	1.000468609	0.895558473
1.02871306	0.98903614	0.9473336	-0.04170254	0.99978824	0.894878961
1.030914485	0.98820437	0.946646273	-0.041558097	0.999100426	0.894192121
1.03311591	0.987373837	0.945951628	-0.04142221	0.998405233	0.893498022
1.035317335	0.986544538	0.945249731	-0.041294807	0.99770273	0.892796731
1.037518761	0.985716467	0.944540651	-0.041175816	0.996992984	0.892088317
1.039720186	0.984889621	0.943824456	-0.041065165	0.996276063	0.891372849
1.041921611	0.984063997	0.943101215	-0.040962782	0.995552036	0.890650394
1.044123036	0.98323959	0.942370997	-0.040868593	0.994820972	0.889921022
1.046324462	0.982416397	0.941633871	-0.040782526	0.99408294	0.889184802
1.048525887	0.981594413	0.940889906	-0.040704507	0.993338009	0.888441803
1.050727312	0.980773635	0.940139172	-0.040634463	0.99258625	0.887692094
1.052928737	0.97995406	0.939381739	-0.040572321	0.991827731	0.886935746
1.055130163	0.979135682	0.938617677	-0.040518006	0.991062524	0.886172829
1.057331588	0.9783185	0.937847055	-0.040471444	0.9902907	0.885403411
1.059533013	0.977502508	0.937069946	-0.040432562	0.989512328	0.884627564
1.061734438	0.976687704	0.936286419	-0.040401285	0.98872748	0.883845358
1.063935863	0.975874083	0.935496545	-0.040377538	0.987936227	0.883056862
1.066137289	0.975061641	0.934700395	-0.040361246	0.987138642	0.882262149
1.068338714	0.974250376	0.933898042	-0.040352335	0.986334795	0.881461288
1.070540139	0.973440284	0.933089555	-0.040350729	0.985524759	0.880654351
1.072741564	0.97263136	0.932275007	-0.040356353	0.984708606	0.879841408
1.07494299	0.971823602	0.931454469	-0.040369133	0.983886408	0.87902253
1.077144415	0.971017005	0.930628014	-0.040388991	0.983058238	0.878197789
1.07934584	0.970211567	0.929795713	-0.040415854	0.982224169	0.877367256
1.081547265	0.969407283	0.928957638	-0.040449645	0.981384273	0.876531003
1.08374869	0.96860415	0.928113862	-0.040490288	0.980538624	0.875689101
1.085950116	0.967802165	0.927264457	-0.040537708	0.979687294	0.87484162
1.088151541	0.967001324	0.926409496	-0.040591828	0.978830358	0.873988634
1.090352966	0.966201624	0.925549051	-0.040652573	0.977967889	0.873130214
1.092554391	0.965403061	0.924683195	-0.040719866	0.977099959	0.872266431
1.094755817	0.964605632	0.923812	-0.040793631	0.976226644	0.871397357
1.096957242	0.963809333	0.92293554	-0.040873793	0.975348016	0.870523064
1.099158667	0.963014161	0.922053887	-0.040960274	0.97446415	0.869643624
1.101360092	0.962220113	0.921167114	-0.041052998	0.97357512	0.868759109
1.103561518	0.961427184	0.920275295	-0.04115189	0.972681	0.86786959
1.105762943	0.960635373	0.919378501	-0.041256872	0.971781863	0.86697514
1.107964368	0.959844675	0.918476807	-0.041367868	0.970877784	0.86607583
1.110165793	0.959055087	0.917570285	-0.041484802	0.969968838	0.865171733
1.112367218	0.958266607	0.916659008	-0.041607598	0.969055098	0.864262919
1.114568644	0.957479229	0.91574305	-0.041736179	0.968136638	0.863349462
1.116770069	0.956692953	0.914822483	-0.041870469	0.967213534	0.862431433
1.118971494	0.955907773	0.913897381	-0.042010392	0.966285859	0.861508903
1.121172919	0.955123687	0.912967817	-0.04215587	0.965353688	0.860581946
1.123374345	0.954340692	0.912033863	-0.042306829	0.964417094	0.859650631
1.12557577	0.953558784	0.911095593	-0.042463191	0.963476153	0.858715032
1.127777195	0.95277796	0.910153079	-0.042624881	0.962530939	0.85777522
1.12997862	0.951998218	0.909206395	-0.042791823	0.961581525	0.856831266
1.132180046	0.951219553	0.908255614	-0.04296394	0.960627986	0.855883241
1.134381471	0.950441963	0.907300807	-0.043141156	0.959670395	0.854931219
1.136582896	0.949665445	0.906342049	-0.043323396	0.958708828	0.853975269
1.138784321	0.948889995	0.905379411	-0.043510584	0.957743358	0.853015463
1.140985746	0.948115611	0.904412966	-0.043702645	0.956774059	0.852051873
1.143187172	0.947342289	0.903442787	-0.043899502	0.955801004	0.85108457
1.145388597	0.946570027	0.902468946	-0.044101081	0.954824268	0.850113623
1.147590022	0.94579882	0.901491515	-0.044307305	0.953843924	0.849139106
1.149791447	0.945028667	0.900510566	-0.0445181	0.952860045	0.848161087
1.151992873	0.944259564	0.899526172	-0.044733392	0.951872706	0.847179639
1.154194298	0.943491508	0.898538405	-0.044953103	0.950881978	0.846194831
1.156395723	0.942724496	0.897547335	-0.045177161	0.949887936	0.845206734
1.158597148	0.941958526	0.896553035	-0.045405491	0.948890651	0.844215419
1.160798573	0.941193593	0.895555576	-0.045638017	0.947890198	0.843220954
1.162999999	0.940429696	0.89455503	-0.045874666	0.946886648	0.842223412
1.165201424	0.939666832	0.893551467	-0.046115364	0.945880075	0.84122286
1.167402849	0.938904996	0.892544959	-0.046360037	0.944870549	0.840219369
1.169604274	0.938144188	0.891535577	-0.046608611	0.943858144	0.839213009
1.1718057	0.937384402	0.89052339	-0.046861012	0.942842932	0.838203849
1.174007125	0.936625638	0.88950847	-0.047117168	0.941824983	0.837191957
1.17620855	0.935867891	0.888490887	-0.047377004	0.94080437	0.836177404
1.178409975	0.935111159	0.88747071	-0.047640449	0.939781164	0.835160257
1.180611401	0.93435544	0.88644801	-0.04790743	0.938755435	0.834140586
1.182812826	0.93360073	0.885422856	-0.048177873	0.937727255	0.833118458
1.185014251	0.932847026	0.884395318	-0.048451708	0.936696694	0.832093942
1.187215676	0.932094326	0.883365464	-0.048728862	0.935663822	0.831067105
1.189417101	0.931342627	0.882333364	-0.049009263	0.93462871	0.830038017
1.191618527	0.930591926	0.881299085	-0.04929284	0.933591428	0.829006743
1.193819952	0.92984222	0.880262698	-0.049579522	0.932552044	0.827973352
1.196021377	0.929093507	0.879224269	-0.049869238	0.931510628	0.82693791
1.198222802	0.928345784	0.878183867	-0.050161917	0.930467249	0.825900485
1.200424228	0.927599048	0.877141559	-0.050457489	0.929421976	0.824861142
1.202625653	0.926853297	0.876097413	-0.050755884	0.928374877	0.823819949
1.204827078	0.926108527	0.875051495	-0.051057032	0.927326019	0.82277697
1.207028503	0.925364736	0.874003873	-0.051360863	0.926275472	0.821732273
1.209229929	0.924621922	0.872954612	-0.051667309	0.925223302	0.820685922
1.211431354	0.923880081	0.87190378	-0.051976301	0.924169577	0.819637983
1.213632779	0.923139211	0.870851442	-0.05228777	0.923114362	0.818588521
1.215834204	0.92239931	0.869797663	-0.052601647	0.922057725	0.8175376
1.218035629	0.921660374	0.868742509	-0.052917866	0.920999732	0.816485285
1.220237055	0.920922402	0.867686044	-0.053236357	0.919940449	0.81543164
1.22243848	0.92018539	0.866628335	-0.053557056	0.91887994	0.814376729
1.224639905	0.919449336	0.865569443	-0.053879893	0.917818271	0.813320615
1.22684133	0.918714238	0.864509434	-0.054204804	0.916755507	0.812263362
1.229042756	0.917980092	0.863448372	-0.054531721	0.915691711	0.811205032
1.231244181	0.917246897	0.862386318	-0.054860578	0.914626948	0.810145688
1.233445606	0.916514649	0.861323337	-0.055191312	0.913561282	0.809085393
1.235647031	0.915783347	0.860259491	-0.055523856	0.912494775	0.808024207
1.237848456	0.915052987	0.859194842	-0.055858145	0.91142749	0.806962194
1.240049882	0.914323567	0.858129451	-0.056194116	0.910359489	0.805899413
1.242251307	0.913595085	0.857063381	-0.056531704	0.909290835	0.804835926
1.244452732	0.912867538	0.855996692	-0.056870846	0.908221589	0.803771794
1.246654157	0.912140923	0.854929444	-0.057211479	0.907151813	0.802707076
1.248855583	0.911415239	0.853861699	-0.05755354	0.906081565	0.801641833
1.251057008	0.910690483	0.852793516	-0.057896967	0.905010908	0.800576124
1.253258433	0.909966651	0.851724955	-0.058241697	0.903939901	0.799510008
1.255459858	0.909243743	0.850656074	-0.05858767	0.902868604	0.798443543
1.257661284	0.908521755	0.849586932	-0.058934823	0.901797074	0.79737679
1.259862709	0.907800685	0.848517588	-0.059283098	0.900725371	0.796309804
1.262064134	0.907080531	0.847448099	-0.059632432	0.899653554	0.795242644
1.264265559	0.90636129	0.846378523	-0.059982767	0.898581678	0.794175367
1.266466984	0.905642959	0.845308917	-0.060334043	0.897509803	0.79310803
1.26866841	0.904925538	0.844239337	-0.060686201	0.896437984	0.79204069
1.270869835	0.904209022	0.843169839	-0.061039182	0.895366277	0.790973401
1.27307126	0.90349341	0.84210048	-0.06139293	0.894294739	0.789906221
1.275272685	0.902778699	0.841031314	-0.061747385	0.893223425	0.788839204
1.277474111	0.902064887	0.839962397	-0.06210249	0.892152389	0.787772405
1.279675536	0.901351972	0.838893782	-0.06245819	0.891081686	0.786705878
1.281876961	0.900639952	0.837825524	-0.062814428	0.89001137	0.785639678
1.284078386	0.899928823	0.836757676	-0.063171148	0.888941494	0.784573857
1.286279812	0.899218585	0.835690291	-0.063528294	0.887872112	0.783508469
1.288481237	0.898509234	0.834623421	-0.063885813	0.886803275	0.782443567
1.290682662	0.897800768	0.833557119	-0.064243649	0.885735035	0.781379203
1.292884087	0.897093185	0.832491436	-0.064601749	0.884667444	0.780315429
1.295085512	0.896386483	0.831426424	-0.064960059	0.883600553	0.779252295
1.297286938	0.895680659	0.830362133	-0.065318527	0.882534412	0.778189854
1.299488363	0.894975712	0.829298613	-0.0656771	0.881469071	0.777128154
1.301689788	0.894271639	0.828235913	-0.066035725	0.88040458	0.776067247
1.303891213	0.893568437	0.827174084	-0.066394353	0.879340987	0.775007182
1.306092639	0.892866106	0.826113174	-0.066752931	0.878278341	0.773948008
1.308294064	0.892164641	0.825053231	-0.06711141	0.877216689	0.772889773
1.310495489	0.891464042	0.823994302	-0.067469739	0.87615608	0.771832525
1.312696914	0.890764306	0.822936436	-0.06782787	0.875096559	0.770776313
1.314898339	0.89006543	0.821879678	-0.068185752	0.874038173	0.769721184
1.317099765	0.889367414	0.820824076	-0.068543338	0.872980968	0.768667183
1.31930119	0.888670254	0.819769674	-0.06890058	0.87192499	0.767614358
1.321502615	0.887973948	0.818716518	-0.06925743	0.870870282	0.766562754
1.32370404	0.887278495	0.817664653	-0.069613842	0.869816889	0.765512416
1.325905466	0.886583892	0.816614123	-0.069969769	0.868764855	0.76446339
1.328106891	0.885890137	0.815564971	-0.070325166	0.867714223	0.763415718
1.330308316	0.885197228	0.814517241	-0.070679987	0.866665036	0.762369446
1.332509741	0.884505162	0.813470975	-0.071034187	0.865617335	0.761324616
1.334711167	0.883813939	0.812426216	-0.071387723	0.864571162	0.760281271
1.336912592	0.883123555	0.811383005	-0.071740549	0.863526558	0.759239453
1.339114017	0.882434008	0.810341384	-0.072092625	0.862483563	0.758199204
1.341315442	0.881745298	0.809301392	-0.072443906	0.861442218	0.757160566
1.343516867	0.88105742	0.80826307	-0.07279435	0.860402562	0.756123578
1.345718293	0.880370374	0.807226458	-0.073143917	0.859364633	0.755088282
1.347919718	0.879684158	0.806191593	-0.073492565	0.858328471	0.754054716
1.350121143	0.878998769	0.805158516	-0.073840253	0.857294112	0.75302292
1.352322568	0.878314205	0.804127264	-0.074186941	0.856261594	0.751992934
1.354523994	0.877630464	0.803097873	-0.074532591	0.855230953	0.750964793
1.356725419	0.876947545	0.802070382	-0.074877163	0.854202226	0.749938537
1.358926844	0.876265445	0.801044826	-0.07522062	0.853175448	0.748914203
1.361128269	0.875584163	0.800021241	-0.075562922	0.852150655	0.747891826
1.363329695	0.874903696	0.798999662	-0.075904034	0.85112788	0.746871443
1.36553112	0.874224042	0.797980124	-0.076243918	0.850107158	0.74585309
1.367732545	0.873545199	0.796962661	-0.076582538	0.849088522	0.744836801
1.36993397	0.872867166	0.795947308	-0.076919859	0.848072005	0.74382261
1.372135395	0.872189941	0.794934096	-0.077255845	0.847057639	0.742810553
1.374336821	0.871513521	0.793923058	-0.077590462	0.846045456	0.74180066
1.376538246	0.870837904	0.792914227	-0.077923677	0.845035487	0.740792967
1.378739671	0.87016309	0.791907634	-0.078255456	0.844027763	0.739787504
1.380941096	0.869489075	0.790903309	-0.078585766	0.843022314	0.738784304
1.383142522	0.868815858	0.789901284	-0.078914574	0.84201917	0.737783398
1.385343947	0.868143437	0.788901587	-0.07924185	0.841018359	0.736784815
1.387545372	0.86747181	0.787904249	-0.079567561	0.84001991	0.735788587
1.389746797	0.866800975	0.786909297	-0.079891678	0.839023851	0.734794743
1.391948222	0.86613093	0.785916761	-0.080214169	0.83803021	0.733803312
1.394149648	0.865461674	0.784926667	-0.080535007	0.837039012	0.732814321
1.396351073	0.864793204	0.783939043	-0.080854161	0.836050286	0.7318278
1.398552498	0.864125519	0.782953915	-0.081171604	0.835064056	0.730843775
1.400753923	0.863458617	0.78197131	-0.081487307	0.834080347	0.729862273
1.402955349	0.862792496	0.780991252	-0.081801244	0.833099185	0.72888332
1.405156774	0.862127154	0.780013767	-0.082113387	0.832120593	0.727906942
1.407358199	0.861462589	0.779038879	-0.08242371	0.831144595	0.726933164
1.409559624	0.8607988	0.778066612	-0.082732188	0.830171215	0.72596201
1.41176105	0.860135785	0.77709699	-0.083038795	0.829200474	0.724993505
1.413962475	0.859473541	0.776130034	-0.083343507	0.828232396	0.724027672
1.4161639	0.858812068	0.775165767	-0.083646301	0.827267	0.723064533
1.418365325	0.858151362	0.774204211	-0.083947152	0.826304309	0.722104112
1.42056675	0.857491424	0.773245387	-0.084246037	0.825344343	0.72114643
1.422768176	0.856832249	0.772289315	-0.084542935	0.824387122	0.720191508
1.424969601	0.856173838	0.771336015	-0.084837823	0.823432664	0.719239366
1.427171026	0.855516188	0.770385508	-0.08513068	0.82248099	0.718290026
1.429372451	0.854859298	0.769437811	-0.085421486	0.821532117	0.717343506
1.431573877	0.854203165	0.768492944	-0.085710221	0.820586063	0.716399825
1.433775302	0.853547788	0.767550925	-0.085996863	0.819642846	0.715459003
1.435976727	0.852893165	0.766611769	-0.086281396	0.818702482	0.714521056
1.438178152	0.852239295	0.765675496	-0.086563799	0.817764988	0.713586003
1.440379578	0.851586175	0.76474212	-0.086844055	0.816830379	0.71265386
1.442581003	0.850933804	0.763811657	-0.087122147	0.815898671	0.711724643
1.444782428	0.850282181	0.762884123	-0.087398057	0.814969878	0.710798369
1.446983853	0.849631303	0.761959533	-0.08767177	0.814044015	0.709875052
1.449185278	0.848981169	0.761037901	-0.087943268	0.813121095	0.708954707
1.451386704	0.848331777	0.76011924	-0.088212537	0.812201132	0.708037347
1.453588129	0.847683125	0.759203563	-0.088479562	0.811284138	0.707122988
1.455789554	0.847035213	0.758290884	-0.088744329	0.810370126	0.706211642
1.457990979	0.846388037	0.757381214	-0.089006823	0.809459107	0.70530332
1.460192405	0.845741597	0.756474565	-0.089267033	0.808551093	0.704398036
1.46239383	0.845095891	0.755570948	-0.089524943	0.807646095	0.703495801
1.464595255	0.844450917	0.754670373	-0.089780544	0.806744122	0.702596625
1.46679668	0.843806673	0.753772852	-0.090033822	0.805845184	0.701700519
1.468998105	0.843163159	0.752878392	-0.090284767	0.804949292	0.700807493
1.471199531	0.842520371	0.751987004	-0.090533367	0.804056452	0.699917555
1.473400956	0.841878309	0.751098696	-0.090779613	0.803166675	0.699030716
1.475602381	0.841236971	0.750213476	-0.091023495	0.802279968	0.698146983
1.477803806	0.840596355	0.749331351	-0.091265004	0.801396338	0.697266364
1.480005232	0.83995646	0.748452329	-0.091504131	0.800515791	0.696388866
1.482206657	0.839317284	0.747576416	-0.091740868	0.799638336	0.695514496
1.484408082	0.838678826	0.746703619	-0.091975207	0.798763977	0.69464326
1.486609507	0.838041083	0.745833942	-0.092207141	0.79789272	0.693775164
1.488810933	0.837404055	0.744967392	-0.092436664	0.79702457	0.692910213
1.491012358	0.83676774	0.744103972	-0.092663768	0.796159532	0.692048412
1.493213783	0.836132135	0.743243687	-0.092888449	0.795297609	0.691189765
1.495415208	0.835497241	0.742386541	-0.0931107	0.794438806	0.690334275
1.497616633	0.834863054	0.741532536	-0.093330518	0.793583126	0.689481946
1.499818059	0.834229574	0.740681676	-0.093547897	0.792730572	0.688632781
1.502019484	0.833596799	0.739833963	-0.093762835	0.791881145	0.687786782
1.504220909	0.832964727	0.738989399	-0.093975328	0.791034848	0.68694395
1.506422334	0.832333356	0.738147985	-0.094185372	0.790191682	0.686104287
1.50862376	0.831702687	0.737309721	-0.094392965	0.789351649	0.685267794
1.510825185	0.831072715	0.736474609	-0.094598106	0.788514748	0.68443447
1.51302661	0.830443441	0.735642649	-0.094800793	0.787680981	0.683604317
1.515228035	0.829814863	0.734813839	-0.095001024	0.786850346	0.682777332
1.517429461	0.829186979	0.73398818	-0.0951988	0.786022843	0.681953516
1.519630886	0.828559788	0.733165669	-0.095394119	0.785198471	0.681132866
1.521832311	0.827933287	0.732346305	-0.095586983	0.784377229	0.680315381
1.524033736	0.827307477	0.731530086	-0.095777391	0.783559114	0.679501057
1.526235161	0.826682354	0.730717009	-0.095965346	0.782744125	0.678689893
1.528436587	0.826057919	0.729907071	-0.096150848	0.781932257	0.677881884
1.530638012	0.825434168	0.729100268	-0.0963339	0.781123509	0.677077027
1.532839437	0.824811101	0.728296597	-0.096514504	0.780317877	0.676275318
1.535040862	0.824188717	0.727496054	-0.096692663	0.779515356	0.675476752
1.537242288	0.823567013	0.726698633	-0.09686838	0.778715942	0.674681324
1.539443713	0.822945989	0.72590433	-0.097041659	0.777919631	0.673889028
1.541645138	0.822325642	0.725113138	-0.097212504	0.777126418	0.673099859
1.543846563	0.821705972	0.724325053	-0.097380919	0.776336296	0.672313809
1.546047988	0.821086977	0.723540067	-0.09754691	0.77554926	0.671530873
1.548249414	0.820468655	0.722758174	-0.097710481	0.774765304	0.670751043
1.550450839	0.819851005	0.721979366	-0.097871639	0.773984421	0.669974311
1.552652264	0.819234026	0.721203637	-0.09803039	0.773206603	0.66920067
1.554853689	0.818617717	0.720430978	-0.098186739	0.772431845	0.668430111
1.557055115	0.818002075	0.719661381	-0.098340694	0.771660137	0.667662625
1.55925654	0.817387099	0.718894837	-0.098492262	0.770891471	0.666898203
1.561457965	0.816772789	0.718131338	-0.098641451	0.77012584	0.666136836
1.56365939	0.816159142	0.717370874	-0.098788268	0.769363234	0.665378513
1.565860816	0.815546157	0.716613434	-0.098932723	0.768603644	0.664623225
1.568062241	0.814933833	0.71585901	-0.099074823	0.76784706	0.66387096
1.570263666	0.814322168	0.715107591	-0.099214578	0.767093473	0.663121708
1.572465091	0.813711162	0.714359165	-0.099351997	0.766342872	0.662375458
1.574666516	0.813100812	0.713613722	-0.09948709	0.765595247	0.661632196
1.576867942	0.812491117	0.712871249	-0.099619868	0.764850587	0.660891912
1.579069367	0.811882076	0.712131737	-0.09975034	0.76410888	0.660154593
1.581270792	0.811273688	0.711395171	-0.099878517	0.763370115	0.659420226
1.583472217	0.810665951	0.71066154	-0.100004411	0.762634281	0.658688799
1.585673643	0.810058863	0.70993083	-0.100128033	0.761901364	0.657960297
1.587875068	0.809452424	0.70920303	-0.100249394	0.761171353	0.657234706
1.590076493	0.808846632	0.708478124	-0.100368508	0.760444234	0.656512014
1.592277918	0.808241486	0.7077561	-0.100485386	0.759719995	0.655792205
1.594479344	0.807636984	0.707036943	-0.100600041	0.758998621	0.655075265
1.596680769	0.807033126	0.706320639	-0.100712486	0.7582801	0.654361179
1.598882194	0.806429909	0.705607174	-0.100822735	0.757564416	0.653649931
1.601083619	0.805827332	0.704896531	-0.100930801	0.756851557	0.652941506
1.603285044	0.805225395	0.704188697	-0.101036698	0.756141506	0.652235888
1.60548647	0.804624095	0.703483655	-0.10114044	0.75543425	0.651533061
1.607687895	0.804023432	0.70278139	-0.101242042	0.754729772	0.650833008
1.60988932	0.803423404	0.702081886	-0.101341518	0.754028058	0.650135713
1.612090745	0.80282401	0.701385125	-0.101438884	0.753329091	0.649441159
1.614292171	0.802225248	0.700691093	-0.101534156	0.752632857	0.648749329
1.616493596	0.801627118	0.699999771	-0.101627347	0.751939337	0.648060204
1.618695021	0.801029618	0.699311142	-0.101718475	0.751248516	0.647373768
1.620896446	0.800432746	0.69862519	-0.101807556	0.750560378	0.646690003
1.623097871	0.799836502	0.697941896	-0.101894605	0.749874904	0.646008889
1.625299297	0.799240884	0.697261243	-0.10197964	0.749192077	0.645330409
1.627500722	0.79864589	0.696583213	-0.102062678	0.748511881	0.644654545
1.629702147	0.798051521	0.695907786	-0.102143734	0.747834296	0.643981276
1.631903572	0.797457773	0.695234945	-0.102222828	0.747159306	0.643310585
1.634104998	0.796864647	0.694564671	-0.102299976	0.746486891	0.642642452
1.636306423	0.796272141	0.693896945	-0.102375196	0.745817034	0.641976856
1.638507848	0.795680253	0.693231747	-0.102448506	0.745149715	0.641313779
1.640709273	0.795088982	0.692569058	-0.102519924	0.744484915	0.640653201
1.642910699	0.794498328	0.691908858	-0.10258947	0.743822615	0.639995102
1.645112124	0.793908288	0.691251128	-0.10265716	0.743162797	0.63933946
1.647313549	0.793318863	0.690595848	-0.102723015	0.742505439	0.638686256
1.649514974	0.792730049	0.689942996	-0.102787053	0.741850523	0.638035469
1.651716399	0.792141847	0.689292554	-0.102849293	0.741198028	0.637387079
1.653917825	0.791554254	0.688644499	-0.102909755	0.740547935	0.636741063
1.65611925	0.79096727	0.687998812	-0.102968458	0.739900221	0.636097402
1.658320675	0.790380894	0.687355471	-0.103025423	0.739254868	0.635456074
1.6605221	0.789795124	0.686714455	-0.103080669	0.738611854	0.634817057
1.662723526	0.789209959	0.686075744	-0.103134215	0.737971158	0.63418033
1.664924951	0.788625398	0.685439315	-0.103186083	0.737332759	0.633545871
1.667126376	0.78804144	0.684805147	-0.103236293	0.736696636	0.632913658
1.669327801	0.787458083	0.684173218	-0.103284865	0.736062766	0.632283669
1.671529227	0.786875327	0.683543506	-0.103331821	0.735431129	0.631655883
1.673730652	0.786293169	0.682915989	-0.10337718	0.734801703	0.631030276
1.675932077	0.78571161	0.682290646	-0.103420964	0.734174465	0.630406827
1.678133502	0.785130647	0.681667453	-0.103463194	0.733549393	0.629785513
1.680334927	0.78455028	0.681046389	-0.103503891	0.732926466	0.629166312
1.682536353	0.783970507	0.680427431	-0.103543077	0.73230566	0.628549201
1.684737778	0.783391328	0.679810555	-0.103580773	0.731686953	0.627934157
1.686939203	0.782812741	0.67919574	-0.103617001	0.731070323	0.627321157
1.689140628	0.782234744	0.678582963	-0.103651782	0.730455746	0.62671018
1.691342054	0.781657338	0.6779722	-0.103685138	0.729843199	0.6261012
1.693543479	0.78108052	0.677363428	-0.103717092	0.729232659	0.625494197
1.695744904	0.780504289	0.676756625	-0.103747665	0.728624104	0.624889146
1.697946329	0.779928645	0.676151766	-0.103776879	0.728017509	0.624286024
1.700147754	0.779353586	0.67554883	-0.103804756	0.727412852	0.623684808
1.70234918	0.778779111	0.674947792	-0.10383132	0.726810108	0.623085475
1.704550605	0.778205219	0.674348628	-0.103856591	0.726209254	0.622488002
1.70675203	0.777631909	0.673751316	-0.103880593	0.725610267	0.621892364
1.708953455	0.77705918	0.673155831	-0.103903349	0.725013122	0.62129854
1.711154881	0.77648703	0.67256215	-0.10392488	0.724417796	0.620706505
1.713356306	0.775915458	0.67197025	-0.103945209	0.723824264	0.620116235
1.715557731	0.775344464	0.671380105	-0.103964359	0.723232502	0.619527708
1.717759156	0.774774046	0.670791694	-0.103982353	0.722642487	0.6189409
1.719960582	0.774204203	0.67020499	-0.103999213	0.722054193	0.618355788
1.722162007	0.773634934	0.669619972	-0.104014962	0.721467597	0.617772347
1.724363432	0.773066238	0.669036615	-0.104029624	0.720882675	0.617190554
1.726564857	0.772498114	0.668454894	-0.10404322	0.720299401	0.616610386
1.728766282	0.771930561	0.667874786	-0.104055775	0.719717752	0.61603182
1.730967708	0.771363577	0.667296267	-0.10406731	0.719137703	0.615454831
1.733169133	0.770797161	0.666719312	-0.104077849	0.718559229	0.614879396
1.735370558	0.770231313	0.666143899	-0.104087415	0.717982305	0.614305492
1.737571983	0.769666032	0.665570002	-0.10409603	0.717406908	0.613733095
1.739773409	0.769101316	0.664997597	-0.104103719	0.716833012	0.613162182
1.741974834	0.768537164	0.664426661	-0.104110502	0.716260593	0.612592729
1.744176259	0.767973575	0.66385717	-0.104116405	0.715689626	0.612024713
1.746377684	0.767410548	0.663289099	-0.104121449	0.715120086	0.611458111
1.74857911	0.766848082	0.662722424	-0.104125658	0.714551949	0.610892898
1.750780535	0.766286177	0.662157121	-0.104129055	0.71398519	0.610329053
1.75298196	0.76572483	0.661593167	-0.104131662	0.713419784	0.609766551
1.755183385	0.765164041	0.661030538	-0.104133503	0.712855706	0.60920537
1.75738481	0.764603808	0.660469209	-0.1041346	0.712292932	0.608645486
1.759586236	0.764044132	0.659909156	-0.104134976	0.711731437	0.608086876
1.761787661	0.76348501	0.659350356	-0.104134654	0.711171196	0.607529517
1.763989086	0.762926442	0.658792785	-0.104133657	0.710612184	0.606973386
1.766190511	0.762368427	0.658236419	-0.104132007	0.710054378	0.606418461
1.768391937	0.761810963	0.657681235	-0.104129728	0.709497752	0.605864718
1.770593362	0.76125405	0.657127208	-0.104126841	0.708942282	0.605312135
1.772794787	0.760697686	0.656574316	-0.10412337	0.708387943	0.604760689
1.774996212	0.760141871	0.656022534	-0.104119337	0.707834711	0.604210357
1.777197637	0.759586603	0.655471839	-0.104114764	0.707282561	0.603661117
1.779399063	0.759031882	0.654922208	-0.104109674	0.706731469	0.603112947
1.781600488	0.758477706	0.654373617	-0.104104089	0.70618141	0.602565823
1.783801913	0.757924075	0.653826043	-0.104098032	0.705632361	0.602019725
1.786003338	0.757370987	0.653279463	-0.104091524	0.705084298	0.601474629
1.788204764	0.756818442	0.652733854	-0.104084588	0.704537195	0.600930514
1.790406189	0.756266438	0.652189193	-0.104077245	0.703991029	0.600387357
1.792607614	0.755714975	0.651645457	-0.104069518	0.703445776	0.599845138
1.794809039	0.755164051	0.651102623	-0.104061428	0.702901413	0.599303833
1.797010465	0.754613665	0.650560668	-0.104052997	0.702357915	0.598763422
1.79921189	0.754063817	0.65001957	-0.104044247	0.701815258	0.598223882
1.801413315	0.753514506	0.649479306	-0.104035199	0.70127342	0.597685193
1.80361474	0.75296573	0.648939855	-0.104025875	0.700732376	0.597147333
1.805816165	0.752417488	0.648401192	-0.104016296	0.700192104	0.59661028
1.808017591	0.751869781	0.647863297	-0.104006483	0.69965258	0.596074015
1.810219016	0.751322605	0.647326148	-0.103996457	0.699113781	0.595538515
1.812420441	0.750775961	0.646789722	-0.10398624	0.698575683	0.59500376
1.814621866	0.750229848	0.646253997	-0.103975851	0.698038265	0.59446973
1.816823292	0.749684265	0.645718953	-0.103965312	0.697501502	0.593936403
1.819024717	0.74913921	0.645184567	-0.103954644	0.696965374	0.59340376
1.821226142	0.748594683	0.644650818	-0.103943866	0.696429856	0.592871779
1.823427567	0.748050683	0.644117684	-0.103932999	0.695894928	0.592340441
1.825628993	0.747507209	0.643585146	-0.103922063	0.695360566	0.591809726
1.827830418	0.746964259	0.643053181	-0.103911079	0.694826748	0.591279613
1.830031843	0.746421834	0.642521769	-0.103900065	0.694293453	0.590750084
1.832233268	0.745879932	0.641990889	-0.103889043	0.69376066	0.590221118
1.834434693	0.745338551	0.64146052	-0.103878031	0.693228345	0.589692695
1.836636119	0.744797692	0.640930643	-0.103867049	0.692696489	0.589164797
1.838837544	0.744257353	0.640401237	-0.103856115	0.692165069	0.588637405
1.841038969	0.743717533	0.639872282	-0.103845251	0.691634066	0.588110499
1.843240394	0.743178231	0.639343758	-0.103834473	0.691103457	0.587584059
1.84544182	0.742639447	0.638815646	-0.103823801	0.690573223	0.587058069
1.847643245	0.742101179	0.638287925	-0.103813254	0.690043342	0.586532508
1.84984467	0.741563427	0.637760577	-0.10380285	0.689513795	0.586007359
1.852046095	0.74102619	0.637233582	-0.103792607	0.688984561	0.585482603
1.85424752	0.740489466	0.636706922	-0.103782544	0.688455621	0.584958223
1.856448946	0.739953255	0.636180577	-0.103772677	0.687926955	0.584434199
1.858650371	0.739417555	0.635654529	-0.103763026	0.687398544	0.583910514
1.860851796	0.738882367	0.635128759	-0.103753608	0.686870367	0.583387151
1.863053221	0.738347689	0.634603249	-0.103744439	0.686342407	0.582864092
1.865254647	0.73781352	0.634077982	-0.103735538	0.685814643	0.58234132
1.867456072	0.737279859	0.633552938	-0.103726921	0.685287059	0.581818817
1.869657497	0.736746706	0.633028101	-0.103718605	0.684759635	0.581296567
1.871858922	0.736214059	0.632503453	-0.103710606	0.684232353	0.580774553
1.874060348	0.735681917	0.631978976	-0.103702941	0.683705195	0.580252757
1.876261773	0.735150281	0.631454654	-0.103695627	0.683178145	0.579731163
1.878463198	0.734619148	0.630930469	-0.103688678	0.682651183	0.579209756
1.880664623	0.734088518	0.630406406	-0.103682112	0.682124293	0.578688519
1.882866048	0.73355839	0.629882447	-0.103675943	0.681597458	0.578167435
1.885067474	0.733028763	0.629358576	-0.103670187	0.681070662	0.577646489
1.887268899	0.732499636	0.628834777	-0.103664859	0.680543888	0.577125666
1.889470324	0.731971009	0.628311034	-0.103659975	0.680017119	0.576604949
1.891671749	0.73144288	0.627787332	-0.103655548	0.679490341	0.576084323
1.893873175	0.730915249	0.627263655	-0.103651594	0.678963536	0.575563774
1.8960746	0.730388115	0.626739988	-0.103648126	0.67843669	0.575043286
1.898276025	0.729861476	0.626216316	-0.10364516	0.677909788	0.574522845
1.90047745	0.729335333	0.625692625	-0.103642708	0.677382815	0.574002435
1.902678876	0.728809684	0.625168899	-0.103640785	0.676855756	0.573482042
1.904880301	0.728284528	0.624645124	-0.103639403	0.676328597	0.572961652
1.907081726	0.727759865	0.624121287	-0.103638577	0.675801324	0.572441251
1.909283151	0.727235693	0.623597374	-0.103638319	0.675273923	0.571920825
1.911484576	0.726712012	0.62307337	-0.103638642	0.67474638	0.57140036
1.913686002	0.726188821	0.622549263	-0.103639558	0.674218683	0.570879842
1.915887427	0.725666119	0.622025039	-0.10364108	0.673690819	0.570359258
1.918088852	0.725143905	0.621500685	-0.10364322	0.673162775	0.569838595
1.920290277	0.724622179	0.620976189	-0.10364599	0.672634538	0.56931784
1.922491703	0.724100939	0.620451538	-0.103649401	0.672106097	0.56879698
1.924693128	0.723580185	0.619926721	-0.103653465	0.67157744	0.568276001
1.926894553	0.723059916	0.619401724	-0.103658192	0.671048555	0.567754892
1.929095978	0.722540131	0.618876537	-0.103663594	0.670519432	0.567233641
1.931297403	0.722020829	0.618351147	-0.103669682	0.669990059	0.566712234
1.933498829	0.72150201	0.617825544	-0.103676466	0.669460427	0.566190661
1.935700254	0.720983672	0.617299716	-0.103683956	0.668930524	0.565668909
1.937901679	0.720465815	0.616773653	-0.103692161	0.66840034	0.565146966
1.940103104	0.719948438	0.616247345	-0.103701093	0.667869867	0.564624822
1.94230453	0.71943154	0.61572078	-0.10371076	0.667339095	0.564102464
1.944505955	0.71891512	0.615193949	-0.103721171	0.666808015	0.563579883
1.94670738	0.718399178	0.614666842	-0.103732336	0.666276618	0.563057066
1.948908805	0.717883712	0.61413945	-0.103744262	0.665744896	0.562534004
1.951110231	0.717368723	0.613611763	-0.10375696	0.66521284	0.562010685
1.953311656	0.716854208	0.613083772	-0.103770436	0.664680444	0.5614871
1.955513081	0.716340168	0.612555468	-0.103784699	0.664147699	0.560963238
1.957714506	0.715826601	0.612026844	-0.103799757	0.663614598	0.560439089
1.959915931	0.715313507	0.611497889	-0.103815617	0.663081135	0.559914644
1.962117357	0.714800885	0.610968598	-0.103832287	0.662547303	0.559389892
1.964318782	0.714288733	0.61043896	-0.103849773	0.662013096	0.558864825
1.966520207	0.713777053	0.60990897	-0.103868082	0.661478508	0.558339433
1.968721632	0.713265841	0.60937862	-0.103887221	0.660943533	0.557813708
1.970923058	0.712755099	0.608847903	-0.103907196	0.660408166	0.55728764
1.973124483	0.712244824	0.608316811	-0.103928013	0.659872402	0.55676122
1.975325908	0.711735016	0.607785339	-0.103949677	0.659336237	0.556234441
1.977527333	0.711225675	0.60725348	-0.103972195	0.658799666	0.555707294
1.979728759	0.710716799	0.606721228	-0.103995572	0.658262685	0.555179771
1.981930184	0.710208389	0.606188577	-0.104019811	0.657725291	0.554651864
1.984131609	0.709700442	0.605655522	-0.10404492	0.657187479	0.554123565
1.986333034	0.709192958	0.605122058	-0.104070901	0.656649248	0.553594867
1.988534459	0.708685937	0.604588178	-0.104097759	0.656110594	0.553065763
1.990735885	0.708179378	0.60405388	-0.104125498	0.655571515	0.552536245
1.99293731	0.70767328	0.603519157	-0.104154123	0.655032008	0.552006306
1.995138735	0.707167642	0.602984007	-0.104183635	0.654492073	0.55147594
1.99734016	0.706662463	0.602448424	-0.104214039	0.653951706	0.550945141
1.999541586	0.706157743	0.601912405	-0.104245338	0.653410908	0.550413902
2.001743011	0.705653481	0.601375946	-0.104277535	0.652869676	0.549882216
2.003944436	0.705149676	0.600839045	-0.104310631	0.652328011	0.549350078
2.006145861	0.704646328	0.600301698	-0.10434463	0.651785913	0.548817483
2.008347286	0.704143435	0.599763902	-0.104379533	0.65124338	0.548284424
2.010548712	0.703640997	0.599225655	-0.104415342	0.650700413	0.547750896
2.012750137	0.703139013	0.598686954	-0.104452059	0.650157014	0.547216895
2.014951562	0.702637483	0.598147799	-0.104489684	0.649613182	0.546682415
2.017152987	0.702136405	0.597608185	-0.10452822	0.649068919	0.546147452
2.019354413	0.70163578	0.597068113	-0.104567666	0.648524226	0.545612001
2.021555838	0.701135605	0.596527581	-0.104608024	0.647979105	0.545076057
2.023757263	0.700635881	0.595986588	-0.104649293	0.647433558	0.544539618
2.025958688	0.700136607	0.595445133	-0.104691474	0.646887588	0.544002678
2.028160114	0.699637781	0.594903215	-0.104734566	0.646341196	0.543465235
2.030361539	0.699139404	0.594360834	-0.10477857	0.645794385	0.542927284
2.032562964	0.698641475	0.593817991	-0.104823484	0.645247159	0.542388823
2.034764389	0.698143992	0.593274685	-0.104869308	0.644699521	0.541849848
2.036965814	0.697646956	0.592730916	-0.10491604	0.644151475	0.541310357
2.03916724	0.697150364	0.592186686	-0.104963679	0.643603024	0.540770347
2.041368665	0.696654218	0.591641994	-0.105012223	0.643054172	0.540229817
2.04357009	0.696158515	0.591096843	-0.105061672	0.642504924	0.539688762
2.045771515	0.695663255	0.590551234	-0.105112021	0.641955285	0.539147183
2.047972941	0.695168438	0.590005168	-0.105163271	0.641405259	0.538605076
2.050174366	0.694674063	0.589458647	-0.105215416	0.640854852	0.538062441
2.052375791	0.694180129	0.588911673	-0.105268456	0.640304069	0.537519277
2.054577216	0.693686635	0.588364248	-0.105322387	0.639752915	0.536975582
2.056778642	0.693193581	0.587816376	-0.105377205	0.639201396	0.536431355
2.058980067	0.692700966	0.587268057	-0.105432908	0.638649519	0.535886596
2.061181492	0.692208789	0.586719297	-0.105489492	0.638097289	0.535341305
2.063382917	0.691717049	0.586170097	-0.105546952	0.637544714	0.534795481
2.065584342	0.691225747	0.585620462	-0.105605285	0.636991799	0.534249125
2.067785768	0.69073488	0.585070395	-0.105664486	0.636438552	0.533702238
2.069987193	0.690244449	0.584519899	-0.10572455	0.635884979	0.533154819
2.072188618	0.689754453	0.583968979	-0.105785474	0.635331089	0.532606869
2.074390043	0.689264891	0.583417639	-0.105847251	0.634776889	0.53205839
2.076591469	0.688775762	0.582865884	-0.105909877	0.634222386	0.531509383
2.078792894	0.688287065	0.582313719	-0.105973347	0.633667588	0.53095985
2.080994319	0.687798801	0.581761148	-0.106037653	0.633112503	0.530409792
2.083195744	0.687310968	0.581208176	-0.106102792	0.63255714	0.529859212
2.085397169	0.686823566	0.58065481	-0.106168756	0.632001508	0.529308112
2.087598595	0.686336594	0.580101054	-0.10623554	0.631445613	0.528756494
2.08980002	0.685850051	0.579546914	-0.106303136	0.630889467	0.528204362
2.092001445	0.685363936	0.578992397	-0.106371539	0.630333076	0.527651718
2.09420287	0.684878249	0.578437508	-0.106440741	0.629776451	0.527098566
2.096404296	0.68439299	0.577882255	-0.106510735	0.629219601	0.526544909
2.098605721	0.683908157	0.577326643	-0.106581514	0.628662534	0.525990751
2.100807146	0.68342375	0.576770679	-0.106653071	0.628105261	0.525436098
2.103008571	0.682939768	0.576214371	-0.106725397	0.627547791	0.524880951
2.105209997	0.682456211	0.575657726	-0.106798485	0.626990134	0.524325318
2.107411422	0.681973078	0.575100751	-0.106872327	0.6264323	0.523769202
2.109612847	0.681490368	0.574543453	-0.106946915	0.625874298	0.523212608
2.111814272	0.68100808	0.573985841	-0.107022239	0.625316139	0.522655543
2.114015697	0.680526214	0.573427923	-0.107098292	0.624757833	0.522098012
2.116217123	0.68004477	0.572869706	-0.107175064	0.624199391	0.52154002
2.118418548	0.679563746	0.572311199	-0.107252548	0.623640822	0.520981575
2.120619973	0.679083142	0.57175241	-0.107330732	0.623082137	0.520422683
2.122821398	0.678602958	0.571193349	-0.107409608	0.622523348	0.51986335
2.125022824	0.678123192	0.570634024	-0.107489167	0.621964463	0.519303585
2.127224249	0.677643843	0.570074444	-0.107569399	0.621405495	0.518743393
2.129425674	0.677164913	0.569514619	-0.107650294	0.620846454	0.518182783
2.131627099	0.676686399	0.568954557	-0.107731841	0.620287351	0.517621764
2.133828525	0.676208301	0.568394269	-0.107814031	0.619728196	0.517060342
2.13602995	0.675730618	0.567833764	-0.107896854	0.619169001	0.516498527
2.138231375	0.67525335	0.567273052	-0.107980298	0.618609777	0.515936328
2.1404328	0.674776496	0.566712144	-0.108064352	0.618050534	0.515373753
2.142634225	0.674300056	0.566151049	-0.108149007	0.617491284	0.514810813
2.144835651	0.673824028	0.565589777	-0.108234251	0.616932039	0.514247516
2.147037076	0.673348413	0.56502834	-0.108320073	0.616372808	0.513683873
2.149238501	0.672873209	0.564466748	-0.108406461	0.615813603	0.513119894
2.151439926	0.672398416	0.563905012	-0.108493404	0.615254436	0.512555589
2.153641352	0.671924034	0.563343143	-0.10858089	0.614695317	0.51199097
2.155842777	0.671450061	0.562781153	-0.108668908	0.614136258	0.511426047
2.158044202	0.670976497	0.562219051	-0.108757445	0.61357727	0.510860833
2.160245627	0.670503341	0.561656851	-0.10884649	0.613018364	0.510295338
2.162447052	0.670030594	0.561094563	-0.10893603	0.612459551	0.509729575
2.164648478	0.669558253	0.5605322	-0.109026054	0.611900843	0.509163556
2.166849903	0.669086319	0.559969772	-0.109116547	0.61134225	0.508597294
2.169051328	0.668614791	0.559407293	-0.109207498	0.610783783	0.508030802
2.171252753	0.668143668	0.558844773	-0.109298895	0.610225455	0.507464092
2.173454179	0.66767295	0.558282227	-0.109390723	0.609667275	0.506897178
2.175655604	0.667202636	0.557719665	-0.109482971	0.609109255	0.506330075
2.177857029	0.666732726	0.557157101	-0.109575625	0.608551406	0.505762795
2.180058454	0.666263218	0.556594546	-0.109668672	0.607993738	0.505195354
2.18225988	0.665794112	0.556032015	-0.109762098	0.607436263	0.504627766
2.184461305	0.665325409	0.555469519	-0.10985589	0.606878992	0.504060046
2.18666273	0.664857106	0.554907072	-0.109950034	0.606321934	0.503492209
2.188864155	0.664389203	0.554344686	-0.110044517	0.605765102	0.502924271
2.19106558	0.663921701	0.553782376	-0.110139325	0.605208504	0.502356247
2.193267006	0.663454598	0.553220154	-0.110234444	0.604652153	0.501788154
2.195468431	0.662987893	0.552658033	-0.110329859	0.604096059	0.501220008
2.197669856	0.662521586	0.552096028	-0.110425558	0.603540232	0.500651825
2.199871281	0.662055677	0.551534152	-0.110521525	0.602984682	0.500083622
2.202072707	0.661590164	0.550972418	-0.110617746	0.602429419	0.499515417
2.204274132	0.661125048	0.550410841	-0.110714208	0.601874455	0.498947226
2.206475557	0.660660327	0.549849433	-0.110810894	0.601319799	0.498379068
2.208676982	0.660196002	0.549288211	-0.110907791	0.60076546	0.497810961
2.210878408	0.659732071	0.548727186	-0.111004885	0.60021145	0.497242922
2.213079833	0.659268533	0.548166374	-0.111102159	0.599657778	0.49667497
2.215281258	0.658805389	0.547605789	-0.1111996	0.599104453	0.496107125
2.217482683	0.658342638	0.547045445	-0.111297193	0.598551486	0.495539404
2.219684108	0.657880279	0.546485356	-0.111394922	0.597998886	0.494971827
2.221885534	0.657418311	0.545925538	-0.111492773	0.597446662	0.494404414
2.224086959	0.656956734	0.545366004	-0.11159073	0.596894824	0.493837184
2.226288384	0.656495548	0.544806769	-0.111688779	0.596343381	0.493270157
2.228489809	0.656034751	0.544247848	-0.111786903	0.595792343	0.492703353
2.230691235	0.655574344	0.543689256	-0.111885088	0.595241719	0.492136793
2.23289266	0.655114325	0.543131007	-0.111983318	0.594691516	0.491570497
2.235094085	0.654654694	0.542573116	-0.112081578	0.594141746	0.491004487
2.23729551	0.654195451	0.542015599	-0.112179852	0.593592416	0.490438782
2.239496935	0.653736594	0.54145847	-0.112278124	0.593043535	0.489873405
2.241698361	0.653278124	0.540901744	-0.11237638	0.592495112	0.489308376
2.243899786	0.65282004	0.540345437	-0.112474603	0.591947155	0.488743718
2.246101211	0.652362341	0.539789562	-0.112572778	0.591399673	0.488179452
2.248302636	0.651905026	0.539234137	-0.112670889	0.590852674	0.4876156
2.250504062	0.651448096	0.538679176	-0.11276892	0.590306167	0.487052184
2.252705487	0.650991549	0.538124693	-0.112866856	0.58976016	0.486489227
2.254906912	0.650535385	0.537570705	-0.11296468	0.58921466	0.48592675
2.257108337	0.650079603	0.537017227	-0.113062376	0.588669676	0.485364778
2.259309763	0.649624204	0.536464274	-0.11315993	0.588125217	0.484803331
2.261511188	0.649169185	0.535911861	-0.113257324	0.587581289	0.484242434
2.263712613	0.648714547	0.535360005	-0.113354543	0.587037901	0.483682108
2.265914038	0.64826029	0.534808719	-0.11345157	0.58649506	0.483122378
2.268115463	0.647806411	0.534258021	-0.113548391	0.585952774	0.482563267
2.270316889	0.647352912	0.533707924	-0.113644988	0.585411051	0.482004797
2.272518314	0.646899792	0.533158446	-0.113741346	0.584869899	0.481446992
2.274719739	0.646447049	0.532609601	-0.113837449	0.584329325	0.480889876
2.276921164	0.645994684	0.532061404	-0.11393328	0.583789336	0.480333473
2.27912259	0.645542696	0.531513872	-0.114028824	0.58324994	0.479777804
2.281324015	0.645091084	0.53096702	-0.114124064	0.582711144	0.479222896
2.28352544	0.644639847	0.530420863	-0.114218984	0.582172956	0.47866877
2.285726865	0.644188986	0.529875417	-0.114313569	0.581635383	0.478115451
2.287928291	0.6437385	0.529330698	-0.114407802	0.581098433	0.477562963
2.290129716	0.643288388	0.528786721	-0.114501667	0.580562113	0.477011328
2.292331141	0.642838649	0.528243501	-0.114595148	0.58002643	0.476460572
2.294532566	0.642389283	0.527701054	-0.114688229	0.579491391	0.475910717
2.296733991	0.64194029	0.527159396	-0.114780894	0.578957005	0.475361787
2.298935417	0.641491669	0.526618542	-0.114873127	0.578423278	0.474813807
2.301136842	0.641043419	0.526078508	-0.114964912	0.577890217	0.474266798
2.303338267	0.640595541	0.525539308	-0.115056232	0.577357832	0.473720785
2.305539692	0.640148032	0.52500096	-0.115147073	0.576826128	0.473175791
2.307741118	0.639700894	0.524463477	-0.115237417	0.576295113	0.47263184
2.309942543	0.639254124	0.523926875	-0.115327249	0.575764796	0.472088954
2.312143968	0.638807724	0.52339117	-0.115416554	0.575235184	0.471547157
2.314345393	0.638361692	0.522856377	-0.115505314	0.574706284	0.471006471
2.316546818	0.637916027	0.522322512	-0.115593515	0.574178105	0.470466919
2.318748244	0.63747073	0.521789589	-0.115681141	0.573650655	0.469928524
2.320949669	0.6370258	0.521257624	-0.115768175	0.573123941	0.469391307
2.323151094	0.636581235	0.520726633	-0.115854603	0.572597973	0.468855292
2.325352519	0.636137037	0.520196629	-0.115940408	0.572072758	0.4683205
2.327553945	0.635693203	0.519667629	-0.116025574	0.571548306	0.467786952
2.32975537	0.635249734	0.519139647	-0.116110087	0.571024624	0.467254671
2.331956795	0.63480663	0.518612699	-0.11619393	0.570501723	0.466723676
2.33415822	0.634363888	0.5180868	-0.116277089	0.56997961	0.466193989
2.336359646	0.63392151	0.517561964	-0.116359547	0.569458296	0.465665631
2.338561071	0.633479495	0.517038206	-0.116441289	0.56893779	0.465138621
2.340762496	0.633037841	0.516515541	-0.1165223	0.568418102	0.46461298
2.342963921	0.632596549	0.515993984	-0.116602565	0.567899242	0.464088726
2.345165346	0.632155618	0.51547355	-0.116682068	0.56738122	0.46356588
2.347366772	0.631715048	0.514954253	-0.116760794	0.566864048	0.463044458
2.349568197	0.631274837	0.514436108	-0.116838729	0.566347735	0.462524481
2.351769622	0.630834986	0.513919129	-0.116915857	0.565832294	0.462005965
2.353971047	0.630395494	0.513403331	-0.116992163	0.565317735	0.461488927
2.356172473	0.629956361	0.512888728	-0.117067632	0.564804071	0.460973385
2.358373898	0.629517585	0.512375335	-0.11714225	0.564291315	0.460459355
2.360575323	0.629079167	0.511863165	-0.117216002	0.563779478	0.459946852
2.362776748	0.628641106	0.511352234	-0.117288873	0.563268575	0.459435892
2.364978174	0.628203402	0.510842554	-0.117360848	0.562758619	0.458926489
2.367179599	0.627766053	0.51033414	-0.117431913	0.562249623	0.458418657
2.369381024	0.62732906	0.509827006	-0.117502054	0.561741602	0.45791241
2.371582449	0.626892422	0.509321166	-0.117571257	0.561234572	0.45740776
2.373783874	0.626456139	0.508816633	-0.117639506	0.560728547	0.456904719
2.3759853	0.626020209	0.508313421	-0.117706788	0.560223545	0.456403298
2.378186725	0.625584634	0.507811544	-0.117773089	0.55971958	0.455903508
2.38038815	0.625149411	0.507311015	-0.117838395	0.559216672	0.455405359
2.382589575	0.62471454	0.506811848	-0.117902692	0.558714836	0.45490886
2.384791001	0.624280022	0.506314055	-0.117965967	0.558214092	0.454414018
2.386992426	0.623845855	0.505817651	-0.118028204	0.55771446	0.453920842
2.389193851	0.62341204	0.505322648	-0.118089392	0.557215957	0.453429338
2.391395276	0.622978575	0.504829058	-0.118149516	0.556718606	0.452939511
2.393596701	0.62254546	0.504336896	-0.118208563	0.556222426	0.452451366
2.395798127	0.622112694	0.503846174	-0.11826652	0.555727441	0.451964907
2.397999552	0.621680278	0.503356904	-0.118323374	0.555233672	0.451480137
2.400200977	0.621248211	0.5028691	-0.118379111	0.554741142	0.450997057
2.402402402	0.620816492	0.502382773	-0.118433719	0.554249877	0.450515668
2.404603828	0.62038512	0.501897936	-0.118487184	0.553759902	0.45003597
2.406805253	0.619954096	0.501414601	-0.118539495	0.553271241	0.449557961
2.409006678	0.619523418	0.50093278	-0.118590638	0.552783923	0.449081638
2.411208103	0.619093087	0.500452487	-0.1186406	0.552297974	0.448606999
2.413409529	0.618663101	0.499973731	-0.11868937	0.551813424	0.448134038
2.415610954	0.618233461	0.499496525	-0.118736936	0.551330302	0.447662748
2.417812379	0.617804166	0.499020882	-0.118783284	0.55084864	0.447193124
2.420013804	0.617375215	0.498546811	-0.118828404	0.550368468	0.446725155
2.422215229	0.616946608	0.498074326	-0.118872282	0.54988982	0.446258832
2.424416655	0.616518344	0.497603437	-0.118914908	0.54941273	0.445794143
2.42661808	0.616090424	0.497134155	-0.118956269	0.548937232	0.445331077
2.428819505	0.615662846	0.496666491	-0.118996355	0.548463364	0.444869618
2.43102093	0.61523561	0.496200457	-0.119035153	0.547991162	0.444409752
2.433222356	0.614808716	0.495736063	-0.119072653	0.547520665	0.443951461
2.435423781	0.614382162	0.49527332	-0.119108842	0.547051914	0.443494726
2.437625206	0.61395595	0.494812238	-0.119143711	0.546584948	0.443039528
2.439826631	0.613530077	0.494352829	-0.119177249	0.546119812	0.442585845
2.442028057	0.613104545	0.493895101	-0.119209444	0.545656548	0.442133654
2.444229482	0.612679351	0.493439066	-0.119240286	0.545195202	0.44168293
2.446430907	0.612254497	0.492984733	-0.119269764	0.54473582	0.441233645
2.448632332	0.611829981	0.492532112	-0.119297869	0.544278451	0.440785773
2.450833757	0.611405802	0.492081213	-0.119324589	0.543823144	0.440339283
2.453035183	0.610981962	0.491632046	-0.119349915	0.54336995	0.439894142
2.455236608	0.610558458	0.49118462	-0.119373837	0.542918922	0.439450319
2.457438033	0.61013529	0.490738945	-0.119396346	0.542470113	0.439007776
2.459639458	0.609712459	0.490295029	-0.11941743	0.54202358	0.438566477
2.461840884	0.609289964	0.489852882	-0.119437082	0.54157938	0.438126383
2.464042309	0.608867804	0.489412512	-0.119455291	0.541137571	0.437687453
2.466243734	0.608445978	0.488973929	-0.119472049	0.540698215	0.437249643
2.468445159	0.608024487	0.488537141	-0.119487346	0.540261373	0.436812908
2.470646584	0.607603329	0.488102156	-0.119501173	0.53982711	0.436377202
2.47284801	0.607182505	0.487668983	-0.119513522	0.539395491	0.435942475
2.475049435	0.606762014	0.48723763	-0.119524384	0.538966584	0.435508676
2.47725086	0.606341856	0.486808105	-0.119533751	0.538540458	0.435075752
2.479452285	0.605922029	0.486380416	-0.119541613	0.538117184	0.434643647
2.481653711	0.605502534	0.48595457	-0.119547964	0.537696835	0.434212305
2.483855136	0.605083371	0.485530576	-0.119552795	0.537279487	0.433781665
2.486056561	0.604664538	0.48510844	-0.119556097	0.536865215	0.433351666
2.488257986	0.604246035	0.484688171	-0.119557864	0.536454099	0.432922243
2.490459412	0.603827862	0.484269774	-0.119558088	0.536046218	0.43249333
2.492660837	0.603410019	0.483853258	-0.119556761	0.535641656	0.43206486
2.494862262	0.602992505	0.483438628	-0.119553877	0.535240496	0.43163676
2.497063687	0.602575319	0.483025892	-0.119549427	0.534842825	0.431208959
2.499265112	0.602158461	0.482615056	-0.119543406	0.53444873	0.430781381
2.501466538	0.601741932	0.482206126	-0.119535805	0.534058303	0.430353949
2.503667963	0.601325729	0.481799109	-0.11952662	0.533671636	0.429926583
2.505869388	0.600909853	0.481394011	-0.119515842	0.533288821	0.4294992
2.508070813	0.600494304	0.480990837	-0.119503467	0.532909956	0.429071718
2.510272239	0.60007908	0.480589593	-0.119489487	0.532535138	0.428644049
2.512473664	0.599664182	0.480190286	-0.119473897	0.532164467	0.428216104
2.514675089	0.599249609	0.479792919	-0.11945669	0.531798046	0.427787793
2.516876514	0.598835361	0.479397499	-0.119437862	0.531435977	0.427359022
2.51907794	0.598421438	0.479004031	-0.119417407	0.531078366	0.426929696
2.521279365	0.598007837	0.478612519	-0.119395318	0.530725322	0.426499717
2.52348079	0.597594561	0.478222969	-0.119371592	0.530376952	0.426068985
2.525682215	0.597181607	0.477835384	-0.119346223	0.53003337	0.425637399
2.52788364	0.596768976	0.47744977	-0.119319206	0.529694686	0.425204855
2.530085066	0.596356667	0.477066131	-0.119290536	0.529361017	0.424771245
2.532286491	0.59594468	0.47668447	-0.11926021	0.529032478	0.424336463
2.534487916	0.595533014	0.476304793	-0.119228221	0.528709188	0.423900398
2.536689341	0.595121669	0.475927102	-0.119194568	0.528391266	0.423462938
2.538890767	0.594710645	0.475551401	-0.119159244	0.528078834	0.423023968
2.541092192	0.59429994	0.475177694	-0.119122246	0.527772014	0.422583374
2.543293617	0.593889555	0.474805984	-0.119083571	0.527470932	0.422141037
2.545495042	0.59347949	0.474436275	-0.119043215	0.527175712	0.421696838
2.547696467	0.593069743	0.474068568	-0.119001175	0.526886481	0.421250656
2.549897893	0.592660315	0.473702868	-0.118957446	0.526603368	0.420802368
2.552099318	0.592251204	0.473339177	-0.118912027	0.526326503	0.420351851
2.554300743	0.591842411	0.472977497	-0.118864914	0.526056015	0.419898978
2.556502168	0.591433936	0.472617831	-0.118816105	0.525792037	0.419443624
2.558703594	0.591025777	0.47226018	-0.118765596	0.525534701	0.41898566
2.560905019	0.590617934	0.471904548	-0.118713386	0.52528414	0.418524956
2.563106444	0.590210407	0.471550935	-0.118659472	0.525040488	0.418061383
2.565307869	0.589803196	0.471199344	-0.118603852	0.52480388	0.417594809
2.567509295	0.5893963	0.470849776	-0.118546524	0.524574451	0.417125102
2.56971072	0.588989719	0.470502233	-0.118487486	0.524352337	0.416652129
2.571912145	0.588583452	0.470156715	-0.118426737	0.524137674	0.416175756
2.57411357	0.588177499	0.469813224	-0.118364275	0.523930598	0.41569585
2.576314995	0.587771859	0.469471761	-0.118300098	0.523731246	0.415212277
2.578516421	0.587366533	0.469132326	-0.118234206	0.523539752	0.414724901
2.580717846	0.586961519	0.468794921	-0.118166598	0.523356255	0.414233587
2.582919271	0.586556818	0.468459545	-0.118097273	0.523180888	0.413738201
2.585120696	0.586152428	0.468126198	-0.11802623	0.523013789	0.413238607
2.587322122	0.58574835	0.467794882	-0.117953468	0.522855092	0.412734672

		
		
		
		
		
		
		
		
		
		
		
		
		
		
		
		
		
		
		
		
		
		
		
		
		
		
		
		
		
		
		
		
		
		
		
		
		
		
		
		
		
		
		
		
		
		
		
		
		
		
		
		
		
		
		
		
		
		
		
		
		
		
		
		
		
		
		
