TITLE = "Decane T rho" 

  VARIABLES = T	rho_NIST_0.1Mpa	rho_Soave_0.1Mpa	rho_new_0.1Mpa	rho_NIST_1Mpa	rho_Soave_1Mpa	rho_new_1Mpa	rho_NIST_2Mpa	rho_Soave_2Mpa	rho_new_2Mpa	rho_NIST_3Mpa	rho_Soave_3Mpa	rho_new_3Mpa	rho_NIST_5Mpa	rho_Soave_5Mpa	rho_new_5Mpa	rho_NIST_10Mpa	rho_Soave_10Mpa	rho_new_10Mpa
300	725.09	670.2809191	729.1906947	725.82	670.9794719	729.254602	726.63	671.7380293	729.3252135	727.43	672.4787862	729.3954114	729.01	673.9097345	729.5345813	732.8	677.2211583	729.8755302
310	717.32	665.6151582	724.7659414	718.1	666.3842736	724.8518624	718.96	667.2184655	724.9467117	719.8	668.0321081	725.0409168	721.47	669.6011998	725.2274225	725.48	673.219543	725.6828919
320	709.53	660.7508846	719.5292114	710.36	661.5976565	719.6454508	711.27	662.5149002	719.7736285	712.17	663.4083961	719.9007905	713.94	665.128361	720.1521192	718.18	669.0797525	720.7635495
330	701.72	655.6770304	713.3897807	702.61	656.6094194	713.5475478	703.58	657.6180046	713.7212874	704.53	658.5991098	713.8934119	706.4	660.4840394	714.2329137	710.89	664.7970783	715.0550622
340	693.88	650.3814767	706.2896416	694.82	651.4084463	706.5036546	695.85	652.5176668	706.7389567	696.87	653.5950387	706.971684	698.86	655.6605676	707.4295996	703.6	660.3666016	708.5324525
350	685.99	644.8509087	698.2290504	686.99	645.9825904	698.5178689	688.09	647.2029004	698.8348115	689.17	648.3862308	699.1476665	691.28	650.6497475	699.761465	696.31	655.7831883	701.2302949
360	678.04	639.0706435	689.2933832	679.11	640.3185353	689.6791161	680.28	641.6617369	690.1014629	681.43	642.96191	690.5174017	683.68	645.4428032	691.3307102	689	651.0414845	693.2626865
370	670.01	633.0244224	679.672034	671.16	634.4016315	680.1790243	672.42	635.8811	680.7327188	673.64	637.3103809	681.2765824	676.04	640.0303287	682.3360062	681.68	646.1359132	684.8320146
380	661.91	626.6941587	669.6567999	663.14	628.2156993	670.3090846	664.48	629.8466581	671.0194416	665.79	631.4189178	671.7151722	668.35	634.4022287	673.0648274	674.34	641.0606713	676.2165981
390	653.7	620.0596286	659.6096767	655.02	621.742792	660.4275338	656.46	623.5426474	661.3155194	657.87	625.2736355	662.1825655	660.6	628.5476527	663.857269	666.97	635.8097299	667.7325149
400	645.38	613.0980889	649.9008803	646.81	614.9629061	650.8974738	648.35	616.9516618	651.9761972	649.86	618.8593374	653.0262263	652.78	622.4549201	655.045546	659.56	630.3768357	659.6762554
410	636.93	605.7837971	640.8335221	638.47	607.8536258	642.0130528	640.13	610.0543984	643.2859618	641.76	612.1593362	644.5212988	644.89	616.1114361	646.8870741	652.11	624.7555157	652.2662504
420	628.32	598.087404	632.5813241	629.99	600.3896806	633.9397157	631.79	602.8293487	635.4015167	633.54	605.1552398	636.8162052	636.9	609.503597	639.5150068	644.62	618.9390859	645.6040269
430	619.54	589.9751705	625.16117	621.36	592.542388	626.6892425	623.31	595.2524184	628.3293934	625.2	597.8266955	629.9126414	628.82	602.6166818	632.9224844	637.06	612.9206649	639.6666073
440	610.56	581.4079439	618.4453118	612.54	584.2789427	620.1333503	614.67	587.2964556	621.9409073	616.72	590.1510802	623.6817041	620.62	595.4347308	626.9806393	629.45	606.693193	634.3272356
450	4.0508	4.010176976	4.057109269	603.52	575.5614968	614.0431312	605.84	578.9306578	616.0114771	608.07	582.1031229	617.9029937	612.3	587.9404065	621.4770418	621.77	600.2494593	629.3914352
460	3.9401	3.908806863	3.953068716	594.27	566.3459471	608.135418	596.81	570.119817	610.2659504	599.25	573.6544398	612.3088878	603.84	580.1148359	616.1578772	614.01	593.582139	624.6342479
470	3.8369	3.812972202	3.854916398	584.74	556.5803078	602.1114818	587.55	560.823344	604.4161415	590.22	564.7729561	606.6209414	595.22	571.9374313	610.7621611	606.17	586.6838411	619.8296293
480	3.7403	3.722192357	3.761763317	574.9	546.202477	595.6819277	578.01	550.9939868	598.1850186	580.96	555.4221776	600.5733547	586.43	563.3856872	605.0437875	598.25	579.5471719	614.769285
490	3.6495	3.636044347	3.672993277	564.69	535.1370912	588.5784631	568.17	540.5761147	591.3184337	571.43	545.5602623	593.9245758	577.44	554.4349496	598.7827153	590.23	572.1648161	609.2725038
500	3.5639	3.554154055	3.58818464	554.05	523.2909644	580.5563592	557.96	529.5033727	583.5882242	561.61	535.1388191	586.460833	568.24	545.0581573	591.7889583	582.1	564.5296394	603.1902088
510	3.483	3.476189055	3.507049816	542.88	510.5462327	571.3916941	547.34	517.6953931	574.7907587	551.43	524.1013294	577.9955961	558.79	535.2255527	583.9031445	573.87	556.6348185	596.4063364
520	3.4063	3.401852707	3.429388793	531.08	496.7496012	560.8763223	536.21	505.0530527	564.7439633	540.86	512.3810347	568.3679826	549.07	524.904366	574.9964744	565.52	548.4740023	588.8387759
530	3.3334	3.330879253	3.355054185	518.49	481.6945604	548.8119486	524.48	491.451394	553.2845287	529.81	499.8980541	557.4419022	539.05	514.0584783	564.971771	557.04	540.0415118	580.4410473
540	3.2641	3.263029732	3.283925882	504.88	465.0899241	535.0030242	512.03	476.7286208	540.2657361	518.22	486.5553579	545.1066235	528.68	502.6480813	553.7662776	548.44	531.3325851	571.2049226
550	3.198	3.198088543	3.215893568	489.92	446.4990018	519.2461759	498.65	460.6681092	525.5551357	505.97	472.2329991	531.2784999	517.94	490.6293686	541.3559755	539.7	522.3436736	561.1633464
560	3.1349	3.13586054	3.150845575	473.03	425.2065221	501.3107011	484.11	442.967083	509.0299609	492.92	456.7795961	515.9027148	506.75	477.9543245	527.7603958	530.82	513.0727984	550.3923045
570	3.0745	3.076168563	3.088662676	43.456	42.46538159	48.76510448	468	423.1773913	490.5662792	478.89	439.999323	498.9530475	495.08	464.5707328	513.0461977	521.79	503.5199711	539.0098335
580	3.0167	3.018851332	3.029215549	40.818	40.3472337	44.34981509	449.68	400.5802155	470.014667	463.63	421.6312364	480.4268061	482.86	450.4226282	497.3272823	512.62	493.6876836	527.1703513
590	2.9612	2.963761636	2.972364888	38.719	38.55277922	41.3055161	427.97	373.8735119	447.1483721	446.78	401.3149202	460.3312696	470.01	435.4515858	480.7591509	503.3	483.5814661	515.053142
600	2.908	2.910764771	2.917963252	36.976	36.99753799	38.99169552	400.15	340.1472282	421.5516767	427.82	378.5305417	438.657112	456.47	419.5995454	463.5258557	493.83	473.2105061	502.8452048
610	2.8568	2.859737192	2.865857975	35.487	35.62671259	37.13761933	355.73	288.6655559	392.3544046	405.91	352.4895817	415.3327917	442.14	402.8143585	445.8193907	484.21	462.5883109	490.72048
620	2.8075	2.810565335	2.815894582	34.189	34.40259519	35.59906538	116.8	112.1492805	357.435626	379.58	321.9365608	390.1500012	426.96	385.0600001	427.8135592	474.46	451.7333813	478.8190422
630	2.76	2.763144596	2.767920297	33.038	33.29806146	34.28836359	97.814	96.80328283	309.4043132	345.77	284.9021869	362.6396504	410.84	366.3343203	409.6366974	464.58	440.6698469	467.23043
640	2.7143	2.717378428	2.721787336	32.007	32.29291375	33.14751123	87.804	87.94097917	105.9401609	296.49	239.8201385	331.8521743	393.71	346.6977085	391.349368	454.59	429.4279931	455.9844967
650	2.6701	2.673177556	2.677355777	31.073	31.37168889	32.1359271	81.017	81.65576871	92.66623556	221.91	194.6681782	295.9691858	375.5	326.3140595	372.9337303	444.51	418.0445887	445.0513132
660	2.6275	2.630459283	2.634495847	30.219	30.52227534	31.2241955	75.911	76.78865556	84.8642946	172	163.6555507	252.2027326	356.14	305.4966059	354.300854	434.35	406.5629095	434.3495562
670	2.5862	2.58914687	2.593089559	29.435	29.7350039	30.39057893	71.839	72.82554454	79.26826007	147.22	144.2500074	203.5453611	335.56	284.7319792	335.3214959	424.13	395.0323515	423.7612968
680	2.5464	2.549168993	2.553031668	28.708	29.00202902	29.61891939	68.465	69.49075694	74.8695242	131.92	131.0088564	167.8448848	313.7	264.6377777	315.8848898	413.87	383.5075478	413.1505216
690	2.5078	2.51045926	2.514229957	28.033	28.31689535	28.89727335	65.593	66.61852815	71.21786056	121.15	121.2109184	146.312679	290.71	245.8308307	295.98557	403.61	372.0469506	402.3829273
700	2.4704	2.472955776	2.476604921	27.403	27.67422647	28.21694892	63.1	64.10114845	68.07555249	112.98	113.5386789	131.9888032	267.19	228.7623872	275.8206955	393.34	360.7109138	391.3450577
710	2.4342	2.436600757	2.440088934	26.811	27.06949655	27.5717716	60.902	61.8645778	65.30477464	106.46	107.2880832	121.4511721	244.44	213.6271132	255.8431869	383.1	349.5594009	379.9612676
720	2.3991	2.401340186	2.404625008	26.255	26.49885953	26.95748966	58.94	59.85569189	62.82081273	101.08	102.0467893	113.1715812	223.96	200.3890377	236.6920062	372.91	338.6495286	368.2070397
730	2.365	2.367123497	2.37016528	25.729	25.95901938	26.37127606	57.17	58.03506367	60.5693286	96.52	97.5551358	106.3844966	206.52	188.8719116	218.9900518	362.77	328.0332104	356.1169048
740	2.3319	2.3339033	2.336669338	25.232	25.44712997	25.81130864	55.561	56.37262019	58.51405988	92.588	93.64006913	100.6631614	192.04	178.8455808	203.1398537	352.71	317.7551659	343.7849985
750	2.2998	2.301635127	2.304102526	24.76	24.96071674	25.27642196	54.086	54.84489855	56.62967852	89.142	90.1809558	95.74818817	180.03	170.0799156	189.2594112	342.74	307.8515088	331.3567346
760	2.2686	2.270277202	2.27243432	24.311	24.49761481	24.76582795	52.728	53.43324127	54.89747233	86.084	87.09059907	91.47011273	169.95	162.3694653	177.2523024	332.88	298.349026	319.0116827
770	2.2382	2.239790236	2.241636871	23.884	24.05591949	24.27890238	51.468	52.12256915	53.30269054	83.341	84.30406635	87.71105922	161.39	155.5405766	166.9142369	323.16	289.2651488	306.9402894
780	2.2087	2.210137242	2.211683776	23.475	23.63394625	23.81503187	50.296	50.90052282	51.83291866	80.859	81.77178847	84.38438958	154.02	149.4502657	158.0113813	313.61	280.6085192	295.3194176
790	2.18	2.181283359	2.18254912	23.084	23.23019817	23.3735146	49.2	49.75684734	50.4771067	78.598	79.45512115	81.42330984	147.59	143.9820861	150.3209033	304.24	272.3799912	284.2922981
800	2.152	2.153195701	2.154206798	22.71	22.84333916	22.9535059	48.172	48.68294161	49.22501579	76.523	77.32339034	78.77422447	141.91	139.0414425	143.6462826	295.09	264.5738862	273.9567915
810	2.1248	2.125843215	2.126630115	22.35	22.47217182	22.55400011	47.204	47.67152225	48.06693232	74.609	75.35186634	76.39273676	136.86	134.5513213	137.8199998	286.2	257.1793393	264.3628138
820	2.0982	2.099196551	2.099791647	22.005	22.11561897	22.1738399	46.29	46.71636873	46.99355166	72.834	73.52033886	74.24118677	132.32	130.4487214	132.7011688	277.59	250.1816045	255.5170896
830	2.0724	2.073227944	2.073663318	21.673	21.77270818	21.81174548	45.425	45.81212719	45.99596757	71.182	71.81209203	72.28711576	128.22	126.6817854	128.1717623	269.29	243.5632344	247.3921642
840	2.0471	2.047911107	2.04821665	21.353	21.44255863	21.46635664	44.604	44.95415753	45.06572535	69.637	70.21315243	70.50230651	124.48	123.2075377	124.1329408	261.34	237.3050876	239.9368075
850	2.0225	2.02322113	2.023423134	21.045	21.12437009	21.13628208	43.823	44.13841273	44.19491036	68.188	68.71172768	68.86218892	121.05	119.9901116	120.5019859	253.73	231.3871482	233.0858694
860	1.9986	1.999134389	1.999254683	20.747	20.81741342	20.82015086	43.078	43.36134258	43.3762516	66.824	67.29778075	67.34547718	117.9	116.9993649	117.2099084	246.5	225.789166	226.7686227
870	1.9751	1.975628464	1.97568409	20.459	20.52102241	20.51666195	42.367	42.61981616	42.60322456	65.536	65.96270256	65.93394735	114.98	114.2097939	114.199633	239.63	220.4911346	220.9153121
880	1.9523	1.952682059	1.952685476	20.181	20.23458686	20.2246282	41.688	41.91105882	41.87014046	64.318	64.6990569	64.61228883	112.26	111.5996787	111.4246076	233.12	215.4736332	215.4619794
890	1.9299	1.930274931	1.93023467	19.911	19.95754646	19.94301201	41.036	41.23260059	41.17221087	63.163	63.5003796	63.3679792	109.73	109.1504072	108.8476838	226.97	210.7180579	210.3537541
900	1.9081	1.908387829	1.908309497	19.65	19.68938558	19.67095047	40.411	40.58223347	40.50557942	62.064	62.36101844	62.19114453	107.37	106.845937	106.4401332	221.17	206.2067664	205.5468046
910	1.8868	1.887002424	1.886889967	19.397	19.42962866	19.40776874	39.811	39.95797606	39.86731515	61.018	61.27600463	61.07437958	105.14	104.6723638	104.1806978	215.69	201.9231564	201.0091207
920	1.866	1.866101262	1.865958326	19.152	19.17783622	19.15298125	39.234	39.35804381	39.2553656	60.02	60.24094841	60.01251431	103.05	102.6175735	102.0546144	210.52	197.8516961	196.7202939
930	1.8456	1.845667706	1.845499008	18.914	18.93360129	18.90628125	38.677	38.78082409	38.66847206	59.065	59.25195383	59.00232571	101.07	100.6709599	100.0525881	205.64	193.9779193	192.6704757
940	1.8257	1.825685889	1.825498462	18.682	18.69654637	18.66752004	38.141	38.22485498	38.1060526	58.151	58.30554842	58.04220404	99.205	98.8231942	98.16972871	201.03	190.2883975	188.8587266
950	1.8062	1.806140671	1.805944891	18.457	18.46632063	18.43667805	37.623	37.68880729	37.56806155	57.274	57.39862491	57.13179009	97.432	97.06603552	96.40448386	196.68	186.7706952	185.2909896
960	1.7871	1.787017592	1.786827917	18.238	18.24259752	18.21383004	37.123	37.17146914	37.05483568	56.433	56.52839255	56.2716041	95.747	95.39217398	94.75761526	192.56	183.4133172	181.9779236
970	1.7684	1.76830284	1.768138192	18.025	18.02507255	17.99910734	36.639	36.67173267	36.5669371	55.624	55.69233619	55.46268614	94.142	93.79510072	93.23126042	188.66	180.2056492	178.932802
980	1.7502	1.74998321	1.749866996	17.818	17.81346144	17.79265946	36.171	36.18858266	36.10500209	54.845	54.88818175	54.70626482	92.611	92.26899895	91.82811169	184.96	177.1378974	176.1696299
990	1.7323	1.732046071	1.732005827	17.616	17.60749832	17.5946175	35.717	35.72108656	35.66960296	54.094	54.11386684	54.00346558	91.149	90.80865256	90.55072788	181.45	174.2010284	173.7015629
1000	1.7148	1.714479337	1.714546025	17.419	17.40693423	17.40506102	35.278	35.26838586	35.2611275	53.369	53.36751571	53.35506395	89.749	89.40936893	89.40097657	178.11	171.3867099	171.5396471
