TITLE = "oxygen alpha prediction MODEL 2" 

  VARIABLES = Tr	model_uncorrected	model_corrected	bias	upper	lower

0.388146021	0.958603937	0.769100687	-0.189503251	0.779907988	0.758293385
0.392546735	0.957679027	0.770319809	-0.187359218	0.781127111	0.759512507
0.396947449	0.956754117	0.771912273	-0.184841844	0.782719575	0.761104972
0.401348163	0.955829207	0.773842963	-0.181986245	0.784650264	0.763035661
0.405748877	0.954904297	0.776074938	-0.178829359	0.78688224	0.765267636
0.410149591	0.953979387	0.778570136	-0.175409252	0.789377438	0.767762834
0.414550305	0.953054478	0.781290068	-0.17176441	0.792097369	0.770482766
0.418951019	0.952129568	0.784196508	-0.167933059	0.79500381	0.773389206
0.423351733	0.951204658	0.787252151	-0.163952507	0.798059453	0.776444849
0.427752447	0.950279748	0.790421217	-0.159858531	0.801228519	0.779613915
0.432153161	0.949354838	0.793670006	-0.155684832	0.804477308	0.782862704
0.436553875	0.948429928	0.796967374	-0.151462554	0.807774676	0.786160072
0.44095459	0.947505018	0.800285132	-0.147219886	0.811092434	0.78947783
0.445355304	0.946580108	0.803598352	-0.142981756	0.814405653	0.79279105
0.449756018	0.945655198	0.806885586	-0.138769612	0.817692887	0.796078284
0.454156732	0.944730288	0.810128985	-0.134601303	0.820936287	0.799321684
0.458557446	0.943805378	0.813314333	-0.130491045	0.824121635	0.802507031
0.46295816	0.942880468	0.816430978	-0.12644949	0.82723828	0.805623677
0.467358874	0.941955558	0.819471696	-0.122483862	0.830278998	0.808664394
0.471759588	0.941030648	0.822432467	-0.118598181	0.833239769	0.811625165
0.476160302	0.940105738	0.825312197	-0.114793542	0.836119498	0.814504895
0.480561016	0.939180828	0.828112378	-0.111068451	0.83891968	0.817305076
0.48496173	0.938255918	0.830836719	-0.1074192	0.841644021	0.820029417
0.489362444	0.937331009	0.833490741	-0.103840268	0.844298042	0.822683439
0.493763159	0.936406099	0.836081364	-0.100324735	0.846888665	0.825274062
0.498163873	0.935481189	0.838616496	-0.096864692	0.849423798	0.827809194
0.502564587	0.934556279	0.841104632	-0.093451646	0.851911934	0.830297331
0.506965301	0.933631369	0.843554477	-0.090076892	0.854361779	0.832747175
0.511366015	0.932706459	0.845974604	-0.086731855	0.856781906	0.835167302
0.515766729	0.931781549	0.848373155	-0.083408394	0.859180457	0.837565853
0.520167443	0.930856639	0.850757587	-0.080099052	0.861564889	0.839950285
0.524568157	0.929931729	0.853134474	-0.076797255	0.863941776	0.842327173
0.528968871	0.929006819	0.855509359	-0.07349746	0.866316661	0.844702058
0.533369585	0.928081909	0.857886662	-0.070195247	0.868693964	0.847079361
0.537770299	0.927156999	0.860269641	-0.066887358	0.871076943	0.849462339
0.542171013	0.926232089	0.862660399	-0.06357169	0.873467701	0.851853098
0.546571727	0.925307179	0.865059939	-0.060247241	0.87586724	0.854252637
0.550972442	0.924382269	0.867468247	-0.056914022	0.878275549	0.856660945
0.555373156	0.923457359	0.869884418	-0.053572942	0.88069172	0.859077116
0.55977387	0.92253245	0.872306791	-0.050225658	0.883114093	0.861499489
0.564174584	0.92160754	0.874733109	-0.046874431	0.885540411	0.863925807
0.568575298	0.92068263	0.877160676	-0.043521954	0.887967977	0.866353374
0.572976012	0.91975772	0.879586521	-0.040171199	0.890393823	0.868779219
0.577376726	0.91883281	0.882007551	-0.036825259	0.892814852	0.871200249
0.58177744	0.9179079	0.884420687	-0.033487213	0.895227989	0.873613385
0.586178154	0.91698299	0.88682299	-0.03016	0.897630292	0.876015688
0.590578868	0.91605808	0.889211758	-0.026846322	0.90001906	0.878404456
0.594979582	0.91513317	0.891584602	-0.023548568	0.902391904	0.8807773
0.599380296	0.91420826	0.893939498	-0.020268762	0.9047468	0.883132196
0.603781011	0.91328335	0.896274813	-0.017008537	0.907082115	0.885467511
0.608181725	0.91235844	0.898589311	-0.013769129	0.909396613	0.887782009
0.612582439	0.91143353	0.900882133	-0.010551397	0.911689435	0.890074832
0.616983153	0.91050862	0.90315277	-0.007355851	0.913960071	0.892345468
0.621383867	0.90958371	0.905401008	-0.004182703	0.91620831	0.894593706
0.625784581	0.9086588	0.907626881	-0.001031919	0.918434183	0.896819579
0.630185295	0.90773389	0.909830608	0.002096717	0.920637909	0.899023306
0.634586009	0.906808981	0.912012532	0.005203551	0.922819834	0.90120523
0.638986723	0.905884071	0.914173069	0.008288998	0.92498037	0.903365767
0.643387437	0.904959161	0.916312655	0.011353494	0.927119957	0.905505353
0.647788151	0.904034251	0.918431714	0.014397463	0.929239016	0.907624412
0.652188865	0.903109341	0.920530629	0.017421288	0.93133793	0.909723327
0.65658958	0.902184431	0.92260973	0.020425299	0.933417032	0.911802428
0.660990294	0.901259521	0.924669301	0.02340978	0.935476603	0.913861999
0.665391008	0.900334611	0.926709589	0.026374978	0.93751689	0.915902287
0.669791722	0.899409701	0.928730833	0.029321132	0.939538134	0.917923531
0.674192436	0.898484791	0.930733299	0.032248508	0.941540601	0.919925998
0.67859315	0.897559881	0.932717321	0.03515744	0.943524623	0.92191002
0.682993864	0.896634971	0.934683342	0.038048371	0.945490644	0.92387604
0.687394578	0.895710061	0.936631954	0.040921893	0.947439256	0.925824652
0.691795292	0.894785151	0.938563936	0.043778785	0.949371238	0.927756635
0.696196006	0.893860241	0.940480281	0.046620039	0.951287582	0.929672979
0.70059672	0.892935331	0.942382203	0.049446871	0.953189504	0.931574901
0.704997434	0.892010422	0.944271142	0.05226072	0.955078443	0.93346384
0.709398149	0.891085512	0.946148741	0.05506323	0.956956043	0.93534144
0.713798863	0.890160602	0.948016812	0.05785621	0.958824114	0.93720951
0.718199577	0.889235692	0.949877274	0.060641583	0.960684576	0.939069973
0.722600291	0.888310782	0.951732089	0.063421307	0.962539391	0.940924787
0.727001005	0.887385872	0.953583167	0.066197295	0.964390468	0.942775865
0.731401719	0.886460962	0.955432271	0.068971309	0.966239573	0.944624969
0.735802433	0.885536052	0.957280912	0.07174486	0.968088214	0.946473611
0.740203147	0.884611142	0.95913024	0.074519098	0.969937541	0.948322938
0.744603861	0.883686232	0.960980936	0.077294704	0.971788238	0.950173635
0.749004575	0.882761322	0.962833125	0.080071803	0.973640427	0.952025823
0.753405289	0.881836412	0.964686288	0.082849876	0.97549359	0.953878986
0.757806003	0.880911502	0.96653921	0.085627708	0.977346512	0.955731908
0.762206718	0.879986592	0.968389947	0.088403355	0.979197249	0.957582646
0.766607432	0.879061682	0.970235826	0.091174143	0.981043127	0.959428524
0.771008146	0.878136772	0.972073474	0.093936702	0.982880776	0.961266172
0.77540886	0.877211862	0.973898896	0.096687034	0.984706198	0.963091594
0.779809574	0.876286953	0.975707572	0.09942062	0.986514874	0.964900271
0.784210288	0.875362043	0.977494603	0.10213256	0.988301904	0.966687301
0.788611002	0.874437133	0.979254876	0.104817743	0.990062177	0.968447574
0.793011716	0.873512223	0.980983265	0.107471043	0.991790567	0.970175964
0.79741243	0.872587313	0.982674848	0.110087536	0.99348215	0.971867547
0.801813144	0.871662403	0.984325128	0.112662725	0.99513243	0.973517826
0.806213858	0.870737493	0.985930264	0.115192771	0.996737565	0.975122962
0.810614572	0.869812583	0.987487287	0.117674704	0.998294589	0.976679986
0.815015287	0.868887673	0.988994302	0.120106629	0.999801604	0.978187
0.819416001	0.867962763	0.990450647	0.122487884	1.001257948	0.979643345
0.823816715	0.867037853	0.991857022	0.124819169	1.002664324	0.98104972
0.828217429	0.866112943	0.993215561	0.127102618	1.004022863	0.982408259
0.832618143	0.865188033	0.994529841	0.129341808	1.005337143	0.98372254
0.837018857	0.864263123	0.995804835	0.131541711	1.006612136	0.984997533
0.841419571	0.863338213	0.997046781	0.133708567	1.007854083	0.986239479
0.845820285	0.862413303	0.998262995	0.135849692	1.009070297	0.987455694
0.850220999	0.861488394	0.999461606	0.137973213	1.010268908	0.988654305
0.854621713	0.860563484	1.000651228	0.140087744	1.011458529	0.989843926
0.859022427	0.859638574	1.001840575	0.142202002	1.012647877	0.991033274
0.863423141	0.858713664	1.003038039	0.144324375	1.01384534	0.992230737
0.867823856	0.857788754	1.004251219	0.146462465	1.015058521	0.993443918
0.87222457	0.856863844	1.005486455	0.148622611	1.016293757	0.994679153
0.876625284	0.855938934	1.006748343	0.150809409	1.017555645	0.995941041
0.881025998	0.855014024	1.008039287	0.153025264	1.018846589	0.997231986
0.885426712	0.854089114	1.00935908	0.155269966	1.020166382	0.998551778
0.889827426	0.853164204	1.010704545	0.157540341	1.021511847	0.999897243
0.89422814	0.852239294	1.012069258	0.159829964	1.02287656	1.001261956
0.898628854	0.851314384	1.013443355	0.162128971	1.024250657	1.002636053
0.903029568	0.850389474	1.014813452	0.164423977	1.025620753	1.00400615
0.907430282	0.849464564	1.016162673	0.166698109	1.026969975	1.005355372
0.911830996	0.848539654	1.017470811	0.168931157	1.028278113	1.006663509
0.91623171	0.847614744	1.0187146	0.171099855	1.029521901	1.007907298
0.920632424	0.846689834	1.019868118	0.173178284	1.03067542	1.009060816
0.925033139	0.845764925	1.020903305	0.175138381	1.031710607	1.010096003
0.929433853	0.844840015	1.021790578	0.176950563	1.03259788	1.010983276
0.933834567	0.843915105	1.022499538	0.178584433	1.033306839	1.011692236
0.938235281	0.842990195	1.022999742	0.180009547	1.033807044	1.01219244
0.942635995	0.842065285	1.023261524	0.18119624	1.034068826	1.012454223
0.947036709	0.841140375	1.023256831	0.182116456	1.034064132	1.012449529
0.951437423	0.840215465	1.022960047	0.182744582	1.033767349	1.012152746
0.955838137	0.839290555	1.022348797	0.183058242	1.033156099	1.011541495
0.960238851	0.838365645	1.021404668	0.183039023	1.03221197	1.010597366
0.964639565	0.837440735	1.02011386	0.182673125	1.030921162	1.009306558
0.969040279	0.836515825	1.018467713	0.181951888	1.029275015	1.007660412
0.973440993	0.835590915	1.016463109	0.180872194	1.027270411	1.005655807
0.977841708	0.834666005	1.014102724	0.179436718	1.024910025	1.003295422
0.982242422	0.833741095	1.011395121	0.177654026	1.022202423	1.000587819
0.986643136	0.832816185	1.008354685	0.175538499	1.019161986	0.997547383
0.99104385	0.831891275	1.005001383	0.173110108	1.015808685	0.994194081
0.995444564	0.830966366	1.001360378	0.170394012	1.01216768	0.990553076
0.999845278	0.830041456	0.997461484	0.167420028	1.008268785	0.986654182
1.004245992	0.829116546	0.993338496	0.16422195	1.004145798	0.982531194
1.008646706	0.828191636	0.989028409	0.160836773	0.99983571	0.978221107
1.01304742	0.827266726	0.984570543	0.157303818	0.995377845	0.973763242
1.017448134	0.826341816	0.980005622	0.153663806	0.990812923	0.96919832
1.021848848	0.825416906	0.975374804	0.149957898	0.986182106	0.964567502
1.026249562	0.824491996	0.970718731	0.146226735	0.981526032	0.959911429
1.030650277	0.823567086	0.966076589	0.142509503	0.976883891	0.955269288
1.035050991	0.822642176	0.961485244	0.138843067	0.972292545	0.950677942
1.039451705	0.821717266	0.956978443	0.135261177	0.967785744	0.946171141
1.043852419	0.820792356	0.95258614	0.131793784	0.963393442	0.941778838
1.048253133	0.819867446	0.948333934	0.128466488	0.959141236	0.937526632
1.052653847	0.818942536	0.944242653	0.125300117	0.955049955	0.933435352
1.057054561	0.818017626	0.940328087	0.12231046	0.951135389	0.929520785
1.061455275	0.817092716	0.936600869	0.119508152	0.94740817	0.925793567
1.065855989	0.816167806	0.933066514	0.116898708	0.943873816	0.922259212
1.070256703	0.815242897	0.9297256	0.114482704	0.940532902	0.918918298
1.074657417	0.814317987	0.926574081	0.112256095	0.937381383	0.91576678
1.079058131	0.813393077	0.923603723	0.110210646	0.934411024	0.912796421
1.083458846	0.812468167	0.920802633	0.108334466	0.931609934	0.909995331
1.08785956	0.811543257	0.918155875	0.106612619	0.928963177	0.907348574
1.092260274	0.810618347	0.915646136	0.105027789	0.926453438	0.904838834
1.096660988	0.809693437	0.913254418	0.103560981	0.92406172	0.902447117
1.101061702	0.808768527	0.910960749	0.102192222	0.921768051	0.900153447
1.105462416	0.807843617	0.908744863	0.100901246	0.919552165	0.897937562
1.10986313	0.806918707	0.906586854	0.099668147	0.917394156	0.895779553
1.114263844	0.805993797	0.904467763	0.098473966	0.915275065	0.893660461
1.118664558	0.805068887	0.902370096	0.097301209	0.913177398	0.891562794
1.123065272	0.804143977	0.900278256	0.096134279	0.911085558	0.889470955
1.127465986	0.803219067	0.898178879	0.094959811	0.908986181	0.887371577
1.1318667	0.802294157	0.896061063	0.093766906	0.906868365	0.885253761
1.136267415	0.801369247	0.893916508	0.092547261	0.90472381	0.883109206
1.140668129	0.800444338	0.891739545	0.091295208	0.902546847	0.880932244
1.145068843	0.799519428	0.889527078	0.09000765	0.90033438	0.878719776
1.149469557	0.798594518	0.887278436	0.088683918	0.898085738	0.876471134
1.153870271	0.797669608	0.88499516	0.087325553	0.895802462	0.874187859
1.158270985	0.796744698	0.882680721	0.085936023	0.893488023	0.871873419
1.162671699	0.795819788	0.880340197	0.084520409	0.891147499	0.869532895
1.167072413	0.794894878	0.877979919	0.083085041	0.888787221	0.867172617
1.171473127	0.793969968	0.875607102	0.081637134	0.886414404	0.8647998
1.175873841	0.793045058	0.873229474	0.080184416	0.884036776	0.862422173
1.180274555	0.792120148	0.870854921	0.078734772	0.881662222	0.860047619
1.184675269	0.791195238	0.868491151	0.077295913	0.879298453	0.857683849
1.189075984	0.790270328	0.866145405	0.075875077	0.876952707	0.855338104
1.193476698	0.789345418	0.8638242	0.074478782	0.874631502	0.853016899
1.197877412	0.788420508	0.861533128	0.07311262	0.87234043	0.850725826
1.202278126	0.787495598	0.859276707	0.071781108	0.870084008	0.848469405
1.20667884	0.786570688	0.857058286	0.070487597	0.867865587	0.846250984
1.211079554	0.785645778	0.854880006	0.069234228	0.865687308	0.844072704
1.215480268	0.784720869	0.85274281	0.068021942	0.863550112	0.841935508
1.219880982	0.783795959	0.850646497	0.066850538	0.861453799	0.839839195
1.224281696	0.782871049	0.848589819	0.065718771	0.859397121	0.837782518
1.22868241	0.781946139	0.846570613	0.064624474	0.857377915	0.835763311
1.233083124	0.781021229	0.844585952	0.063564723	0.855393253	0.83377865
1.237483838	0.780096319	0.842632316	0.062535997	0.853439618	0.831825015
1.241884553	0.779171409	0.840705778	0.06153437	0.85151308	0.829898477
1.246285267	0.778246499	0.838802179	0.06055568	0.849609481	0.827994877
1.250685981	0.777321589	0.836917306	0.059595716	0.847724607	0.826110004
1.255086695	0.776396679	0.835047052	0.058650373	0.845854354	0.824239751
1.259487409	0.775471769	0.833187567	0.057715798	0.843994869	0.822380265
1.263888123	0.774546859	0.831335373	0.056788513	0.842142674	0.820528071
1.268288837	0.773621949	0.829487464	0.055865515	0.840294766	0.818680162
1.272689551	0.772697039	0.827641379	0.054944339	0.83844868	0.816834077
1.277090265	0.771772129	0.82579524	0.054023111	0.836602542	0.814987939
1.281490979	0.770847219	0.823947775	0.053100555	0.834755077	0.813140473
1.285891693	0.76992231	0.822098301	0.052175991	0.832905603	0.811290999
1.290292407	0.7689974	0.820246699	0.0512493	0.831054001	0.809439397
1.294693122	0.76807249	0.818393361	0.050320871	0.829200662	0.807586059
1.299093836	0.76714758	0.816539121	0.049391541	0.827346422	0.805731819
1.30349455	0.76622267	0.81468518	0.04846251	0.825492482	0.803877878
1.307895264	0.76529776	0.812833018	0.047535258	0.823640319	0.802025716
1.312295978	0.76437285	0.810984303	0.046611454	0.821791605	0.800177002
1.316696692	0.76344794	0.809140806	0.045692866	0.819948108	0.798333504
1.321097406	0.76252303	0.80730431	0.04478128	0.818111612	0.796497008
1.32549812	0.76159812	0.805476534	0.043878414	0.816283836	0.794669233
1.329898834	0.76067321	0.803659067	0.042985857	0.814466368	0.792851765
1.334299548	0.7597483	0.801853303	0.042105003	0.812660605	0.791046001
1.338700262	0.75882339	0.800060404	0.041237014	0.810867706	0.789253103
1.343100976	0.75789848	0.798281265	0.040382784	0.809088566	0.787473963
1.34750169	0.75697357	0.796516494	0.039542923	0.807323796	0.785709192
1.351902405	0.75604866	0.794766412	0.038717751	0.805573713	0.78395911
1.356303119	0.75512375	0.793031057	0.037907306	0.803838358	0.782223755
1.360703833	0.754198841	0.791310203	0.037111362	0.802117504	0.780502901
1.365104547	0.753273931	0.789603388	0.036329457	0.80041069	0.778796086
1.369505261	0.752349021	0.787909948	0.035560927	0.79871725	0.777102646
1.373905975	0.751424111	0.786229056	0.034804946	0.797036358	0.775421755
1.378306689	0.750499201	0.784559767	0.034060566	0.795367069	0.773752465
1.382707403	0.749574291	0.782901059	0.033326768	0.793708361	0.772093757
1.387108117	0.748649381	0.781251879	0.032602498	0.792059181	0.770444577
1.391508831	0.747724471	0.779611183	0.031886712	0.790418485	0.768803881
1.395909545	0.746799561	0.777977973	0.031178412	0.788785275	0.767170672
1.400310259	0.745874651	0.77635133	0.030476679	0.787158631	0.765544028
1.404710974	0.744949741	0.774730437	0.029780696	0.785537739	0.763923136
1.409111688	0.744024831	0.773114606	0.029089774	0.783921907	0.762307304
1.413512402	0.743099921	0.771503282	0.02840336	0.782310583	0.76069598
1.417913116	0.742175011	0.769896057	0.027721045	0.780703358	0.759088755
1.42231383	0.741250101	0.768292667	0.027042565	0.779099969	0.757485365
1.426714544	0.740325191	0.766692987	0.026367796	0.777500289	0.755885686
1.431115258	0.739400282	0.765097022	0.025696741	0.775904324	0.75428972
1.435515972	0.738475372	0.763504889	0.025029518	0.774312191	0.752697587
1.439916686	0.737550462	0.761916803	0.024366341	0.772724104	0.751109501
1.4443174	0.736625552	0.760333053	0.023707501	0.771140354	0.749525751
1.448718114	0.735700642	0.758753984	0.023053342	0.769561286	0.747946682
1.453118828	0.734775732	0.757179974	0.022404242	0.767987275	0.746372672
1.457519543	0.733850822	0.755611412	0.02176059	0.766418714	0.74480411
1.461920257	0.732925912	0.754048681	0.021122769	0.764855982	0.743241379
1.466320971	0.732001002	0.752492136	0.020491134	0.763299438	0.741684834
1.470721685	0.731076092	0.750942095	0.019866002	0.761749396	0.740134793
1.475122399	0.730151182	0.749398821	0.019247639	0.760206122	0.738591519
1.479523113	0.729226272	0.747862518	0.018636246	0.75866982	0.737055216
1.483923827	0.728301362	0.746333323	0.01803196	0.757140624	0.735526021
1.488324541	0.727376452	0.744811304	0.017434851	0.755618605	0.734004002
1.492725255	0.726451542	0.743296461	0.016844919	0.754103763	0.732489159
1.497125969	0.725526632	0.74178873	0.016262098	0.752596032	0.730981428
1.501526683	0.724601722	0.740287988	0.015686265	0.751095289	0.729480686
1.505927397	0.723676813	0.738794059	0.015117247	0.749601361	0.727986757
1.510328112	0.722751903	0.737306729	0.014554826	0.74811403	0.726499427
1.514728826	0.721826993	0.735825747	0.013998754	0.746633049	0.725018445
1.51912954	0.720902083	0.734350845	0.013448762	0.745158147	0.723543543
1.523530254	0.719977173	0.732881741	0.012904568	0.743689043	0.722074439
1.527930968	0.719052263	0.731418153	0.01236589	0.742225455	0.720610851
1.532331682	0.718127353	0.729959808	0.011832455	0.74076711	0.719152506
1.536732396	0.717202443	0.728506448	0.011304005	0.73931375	0.717699147
1.54113311	0.716277533	0.72705784	0.010780307	0.737865142	0.716250538
1.545533824	0.715352623	0.725613778	0.010261155	0.73642108	0.714806476
1.549934538	0.714427713	0.72417409	0.009746376	0.734981391	0.713366788
1.554335252	0.713502803	0.722738636	0.009235833	0.733545937	0.711931334
1.558735966	0.712577893	0.721307313	0.00872942	0.732114615	0.710500012
1.563136681	0.711652983	0.719880053	0.00822707	0.730687355	0.709072752
1.567537395	0.710728073	0.718456819	0.007728745	0.72926412	0.707649517
1.571938109	0.709803163	0.717037602	0.007234438	0.727844903	0.7062303
1.576338823	0.708878254	0.715622419	0.006744166	0.726429721	0.704815118
1.580739537	0.707953344	0.714211309	0.006257966	0.725018611	0.703404008
1.585140251	0.707028434	0.712804324	0.005775891	0.723611626	0.701997022
1.589540965	0.706103524	0.711401527	0.005298003	0.722208829	0.700594225
1.593941679	0.705178614	0.710002985	0.004824371	0.720810287	0.699195683
1.598342393	0.704253704	0.708608767	0.004355063	0.719416069	0.697801465
1.602743107	0.703328794	0.707218936	0.003890142	0.718026238	0.696411634
1.607143821	0.702403884	0.705833548	0.003429664	0.71664085	0.695026247
1.611544535	0.701478974	0.704452648	0.002973674	0.71525995	0.693645347
1.61594525	0.700554064	0.703076267	0.002522202	0.713883568	0.692268965
1.620345964	0.699629154	0.701704419	0.002075265	0.712511721	0.690897117
1.624746678	0.698704244	0.700337105	0.001632861	0.711144407	0.689529804
1.629147392	0.697779334	0.698974309	0.001194975	0.709781611	0.688167008
1.633548106	0.696854424	0.697615999	0.000761575	0.708423301	0.686808697
1.63794882	0.695929514	0.696262128	0.000332613	0.70706943	0.685454826
1.642349534	0.695004604	0.694912637	-9.20E-05	0.705719939	0.684105335
1.646750248	0.694079694	0.693567457	-0.000512237	0.704374759	0.682760156
1.651150962	0.693154785	0.692226511	-0.000928274	0.703033813	0.681419209
1.655551676	0.692229875	0.690889714	-0.001340161	0.701697016	0.680082412
1.65995239	0.691304965	0.68955698	-0.001747985	0.700364281	0.678749678
1.664353104	0.690380055	0.688228221	-0.002151834	0.699035522	0.677420919
1.668753819	0.689455145	0.68690335	-0.002551794	0.697710652	0.676096049
1.673154533	0.688530235	0.685582287	-0.002947948	0.696389588	0.674774985
1.677555247	0.687605325	0.684264952	-0.003340373	0.695072254	0.67345765
1.681955961	0.686680415	0.682951275	-0.003729139	0.693758577	0.672143974
1.686356675	0.685755505	0.681641194	-0.004114311	0.692448496	0.670833893
1.690757389	0.684830595	0.680334654	-0.004495941	0.691141956	0.669527352
1.695158103	0.683905685	0.679031609	-0.004874077	0.68983891	0.668224307
1.699558817	0.682980775	0.67773202	-0.005248755	0.688539322	0.666924719
1.703959531	0.682055865	0.67643586	-0.005620005	0.687243162	0.665628558
1.708360245	0.681130955	0.675143106	-0.00598785	0.685950408	0.664335804
1.712760959	0.680206045	0.673853743	-0.006352303	0.684661044	0.663046441
1.717161673	0.679281135	0.67256776	-0.006713375	0.683375062	0.661760458
1.721562387	0.678356226	0.671285153	-0.007071072	0.682092455	0.660477852
1.725963102	0.677431316	0.670005919	-0.007425396	0.680813221	0.659198618
1.730363816	0.676506406	0.668730057	-0.007776348	0.679537359	0.657922756
1.73476453	0.675581496	0.667457567	-0.008123928	0.678264869	0.656650266
1.739165244	0.674656586	0.666188449	-0.008468137	0.67699575	0.655381147
1.743565958	0.673731676	0.664922699	-0.008808977	0.675730001	0.654115397
1.747966672	0.672806766	0.663660314	-0.009146452	0.674467616	0.652853012
1.752367386	0.671881856	0.662401286	-0.00948057	0.673208588	0.651593984
1.7567681	0.670956946	0.661145604	-0.009811342	0.671952906	0.650338302
1.761168814	0.670032036	0.659893254	-0.010138782	0.670700556	0.649085953
1.765569528	0.669107126	0.658644218	-0.010462908	0.66945152	0.647836916
1.769970242	0.668182216	0.657398474	-0.010783743	0.668205775	0.646591172
1.774370956	0.667257306	0.656155995	-0.011101311	0.666963297	0.645348694
1.778771671	0.666332396	0.654916756	-0.011415641	0.665724057	0.644109454
1.783172385	0.665407486	0.653680723	-0.011726763	0.664488025	0.642873421
1.787573099	0.664482576	0.652447865	-0.012034712	0.663255167	0.641640563
1.791973813	0.663557666	0.651218147	-0.012339519	0.662025449	0.640410846
1.796374527	0.662632757	0.649991535	-0.012641221	0.660798837	0.639184233
1.800775241	0.661707847	0.648767993	-0.012939853	0.659575295	0.637960692
1.805175955	0.660782937	0.647547487	-0.013235449	0.658354789	0.636740186
1.809576669	0.659858027	0.646329984	-0.013528043	0.657137286	0.635522682
1.813977383	0.658933117	0.64511545	-0.013817667	0.655922752	0.634308148
1.818378097	0.658008207	0.643903856	-0.014104351	0.654711158	0.633096554
1.822778811	0.657083297	0.642695173	-0.014388124	0.653502475	0.631887871
1.827179525	0.656158387	0.641489375	-0.014669012	0.652296677	0.630682073
1.83158024	0.655233477	0.640286438	-0.014947039	0.65109374	0.629479136
1.835980954	0.654308567	0.639086341	-0.015222226	0.649893643	0.628279039
1.840381668	0.653383657	0.637889064	-0.015494593	0.648696366	0.627081762
1.844782382	0.652458747	0.63669459	-0.015764157	0.647501892	0.625887288
1.849183096	0.651533837	0.635502903	-0.016030934	0.646310205	0.624695602
1.85358381	0.650608927	0.63431399	-0.016294938	0.645121292	0.623506688
1.857984524	0.649684017	0.633127837	-0.016556181	0.643935138	0.622320535
1.862385238	0.648759107	0.631944431	-0.016814676	0.642751733	0.62113713
1.866785952	0.647834198	0.630763763	-0.017070435	0.641571064	0.619956461
1.871186666	0.646909288	0.629585818	-0.017323469	0.64039312	0.618778517
1.87558738	0.645984378	0.628410587	-0.017573791	0.639217889	0.617603285
1.879988094	0.645059468	0.627238056	-0.017821411	0.638045358	0.616430755
1.884388809	0.644134558	0.626068213	-0.018066344	0.636875515	0.615260912
1.888789523	0.643209648	0.624901044	-0.018308604	0.635708346	0.614093742
1.893190237	0.642284738	0.623736534	-0.018548204	0.634543836	0.612929232
1.897590951	0.641359828	0.622574667	-0.018785161	0.633381968	0.611767365
1.901991665	0.640434918	0.621415426	-0.019019492	0.632222728	0.610608124
1.906392379	0.639510008	0.620258793	-0.019251215	0.631066095	0.609451492
1.910793093	0.638585098	0.619104751	-0.019480347	0.629912053	0.608297449
1.915193807	0.637660188	0.617953279	-0.01970691	0.62876058	0.607145977
1.919594521	0.636735278	0.616804357	-0.019930921	0.627611659	0.605997055
1.923995235	0.635810368	0.615657966	-0.020152402	0.626465268	0.604850664
1.928395949	0.634885458	0.614514085	-0.020371373	0.625321387	0.603706784
1.932796663	0.633960548	0.613372695	-0.020587853	0.624179997	0.602565394
1.937197378	0.633035639	0.612233777	-0.020801862	0.623041078	0.601426475
1.941598092	0.632110729	0.61109731	-0.021013418	0.621904612	0.600290009
1.945998806	0.631185819	0.609963278	-0.02122254	0.62077058	0.599155977
1.95039952	0.630260909	0.608831665	-0.021429244	0.619638966	0.598024363
1.954800234	0.629335999	0.607702453	-0.021633546	0.618509754	0.596895151
1.959200948	0.628411089	0.606575629	-0.02183546	0.61738293	0.595768327
1.963601662	0.627486179	0.605451179	-0.022035	0.616258481	0.594643878
1.968002376	0.626561269	0.604329093	-0.022232176	0.615136394	0.593521791
1.97240309	0.625636359	0.603209357	-0.022427002	0.614016659	0.592402056
1.976803804	0.624711449	0.602091964	-0.022619485	0.612899266	0.591284662
1.981204518	0.623786539	0.600976903	-0.022809636	0.611784205	0.590169602
1.985605232	0.622861629	0.599864166	-0.022997463	0.610671468	0.589056865
1.990005947	0.621936719	0.598753745	-0.023182974	0.609561047	0.587946443
1.994406661	0.621011809	0.597645631	-0.023366178	0.608452933	0.586838329
1.998807375	0.620086899	0.596539815	-0.023547084	0.607347117	0.585732514
2.003208089	0.619161989	0.595436289	-0.0237257	0.606243591	0.584628987
2.007608803	0.618237079	0.594335042	-0.023902038	0.605142343	0.58352774
2.012009517	0.61731217	0.593236062	-0.024076108	0.604043364	0.58242876
2.016410231	0.61638726	0.592139338	-0.024247922	0.602946639	0.581332036
2.020810945	0.61546235	0.591044855	-0.024417495	0.601852157	0.580237553
2.025211659	0.61453744	0.589952598	-0.024584842	0.6007599	0.579145296
2.029612373	0.61361253	0.58886255	-0.024749979	0.599669852	0.578055249
2.034013087	0.61268762	0.587774694	-0.024912926	0.598581995	0.576967392
2.038413801	0.61176271	0.586689008	-0.025073702	0.59749631	0.575881706
2.042814516	0.6108378	0.585605473	-0.025232327	0.596412775	0.574798172
2.04721523	0.60991289	0.584524068	-0.025388822	0.59533137	0.573716766
2.051615944	0.60898798	0.583444771	-0.025543209	0.594252072	0.572637469
2.056016658	0.60806307	0.582367559	-0.025695511	0.593174861	0.571560258
2.060417372	0.60713816	0.581292413	-0.025845747	0.592099715	0.570485111
2.064818086	0.60621325	0.580219312	-0.025993938	0.591026614	0.56941201
2.0692188	0.60528834	0.579148237	-0.026140103	0.589955539	0.568340935
2.073619514	0.60436343	0.578079172	-0.026284259	0.588886474	0.56727187
2.078020228	0.60343852	0.577012102	-0.026426419	0.587819404	0.5662048
2.082420942	0.602513611	0.575947015	-0.026566595	0.586754317	0.565139714
2.086821656	0.601588701	0.574883904	-0.026704797	0.585691206	0.564076602
2.09122237	0.600663791	0.573822761	-0.026841029	0.584630063	0.56301546
2.095623084	0.599738881	0.572763586	-0.026975295	0.583570887	0.561956284
2.100023799	0.598813971	0.571706377	-0.027107594	0.582513679	0.560899075
2.104424513	0.597889061	0.570651139	-0.027237922	0.581458441	0.559843837
2.108825227	0.596964151	0.569597877	-0.027366274	0.580405179	0.558790575
2.113225941	0.596039241	0.568546599	-0.027492642	0.579353901	0.557739297
2.117626655	0.595114331	0.567497314	-0.027617017	0.578304616	0.556690012
2.122027369	0.594189421	0.566450031	-0.02773939	0.577257333	0.555642729
2.126428083	0.593264511	0.565404759	-0.027859752	0.576212061	0.554597458
2.130828797	0.592339601	0.564361507	-0.027978095	0.575168808	0.553554205
2.135229511	0.591414691	0.563320279	-0.028094413	0.57412758	0.552512977
2.139630225	0.590489781	0.562281077	-0.028208704	0.573088379	0.551473776
2.144030939	0.589564871	0.561243902	-0.02832097	0.572051203	0.5504366
2.148431653	0.588639961	0.560208745	-0.028431216	0.571016047	0.549401444
2.152832368	0.587715051	0.559175596	-0.028539455	0.569982898	0.548368295
2.157233082	0.586790142	0.558144438	-0.028645704	0.568951739	0.547337136
2.161633796	0.585865232	0.557115245	-0.028749986	0.567922547	0.546307944
2.16603451	0.584940322	0.556087991	-0.028852331	0.566895292	0.545280689
2.170435224	0.584015412	0.555062638	-0.028952774	0.56586994	0.544255336
2.174835938	0.583090502	0.554039148	-0.029051354	0.564846449	0.543231846
2.179236652	0.582165592	0.553017475	-0.029148117	0.563824777	0.542210173
2.183637366	0.581240682	0.551997572	-0.029243109	0.562804874	0.541190271
2.18803808	0.580315772	0.550979391	-0.029336381	0.561786693	0.54017209
2.192438794	0.579390862	0.549962882	-0.02942798	0.560770184	0.53915558
2.196839508	0.578465952	0.548947997	-0.029517955	0.559755299	0.538140696
2.201240222	0.577541042	0.547934694	-0.029606349	0.558741995	0.537127392
2.205640937	0.576616132	0.546922932	-0.0296932	0.557730234	0.53611563
2.210041651	0.575691222	0.545912681	-0.029778541	0.556719983	0.535105379
2.214442365	0.574766312	0.544903918	-0.029862394	0.55571122	0.534096617
2.218843079	0.573841402	0.543896632	-0.02994477	0.554703934	0.533089331
2.223243793	0.572916492	0.542890822	-0.03002567	0.553698124	0.532083521
2.227644507	0.571991583	0.5418865	-0.030105082	0.552693802	0.531079198
2.232045221	0.571066673	0.54088369	-0.030182983	0.551690991	0.530076388
2.236445935	0.570141763	0.539882427	-0.030259335	0.550689729	0.529075126
2.240846649	0.569216853	0.538882761	-0.030334091	0.549690063	0.52807546
2.245247363	0.568291943	0.537884749	-0.030407193	0.548692051	0.527077448
2.249648077	0.567367033	0.536888457	-0.030478575	0.547695759	0.526081156
2.254048791	0.566442123	0.535893957	-0.030548166	0.546701259	0.525086655
2.258449506	0.565517213	0.534901322	-0.030615891	0.545708624	0.524094021
2.26285022	0.564592303	0.533910627	-0.030681676	0.544717929	0.523103325
2.267250934	0.563667393	0.53292194	-0.030745453	0.543729242	0.522114638
2.271651648	0.562742483	0.531935322	-0.030807161	0.542742624	0.52112802
2.276052362	0.561817573	0.530950822	-0.030866751	0.541758124	0.520143521
2.280453076	0.560892663	0.529968473	-0.03092419	0.540775775	0.519161172
2.28485379	0.559967753	0.52898829	-0.030979463	0.539795592	0.518180988
2.289254504	0.559042843	0.528010264	-0.031032579	0.538817566	0.517202962
2.293655218	0.558117933	0.527034365	-0.031083569	0.537841666	0.516227063
2.298055932	0.557193023	0.526060535	-0.031132488	0.536867837	0.515253234
2.302456646	0.556268114	0.525088694	-0.031179419	0.535895996	0.514281393
2.30685736	0.555343204	0.524118735	-0.031224468	0.534926037	0.513311434
2.311258075	0.554418294	0.52315053	-0.031267764	0.533957831	0.512343228
2.315658789	0.553493384	0.522183929	-0.031309454	0.532991231	0.511376628
2.320059503	0.552568474	0.521218771	-0.031349703	0.532026073	0.510411469
2.324460217	0.551643564	0.520254882	-0.031388682	0.531062184	0.50944758
2.328860931	0.550718654	0.519292085	-0.031426568	0.530099387	0.508484784
2.333261645	0.549793744	0.518330209	-0.031463535	0.529137511	0.507522907
2.337662359	0.548868834	0.517369091	-0.031499743	0.528176392	0.506561789
2.342063073	0.547943924	0.516408588	-0.031535336	0.52721589	0.505601286
2.346463787	0.547019014	0.515448586	-0.031570429	0.526255887	0.504641284
2.350864501	0.546094104	0.514489001	-0.031605103	0.525296303	0.503681699
2.355265215	0.545169194	0.513529793	-0.031639401	0.524337095	0.502722491
2.359665929	0.544244284	0.512570967	-0.031673318	0.523378268	0.501763665
2.364066644	0.543319374	0.511612577	-0.031706798	0.522419879	0.500805275
2.368467358	0.542394464	0.51065473	-0.031739734	0.521462032	0.499847428
2.372868072	0.541469555	0.509697586	-0.031771968	0.520504888	0.498890285
2.377268786	0.540544645	0.508741355	-0.03180329	0.519548656	0.497934053
2.3816695	0.539619735	0.507786291	-0.031833444	0.518593593	0.496978989
2.386070214	0.538694825	0.50683269	-0.031862135	0.517639991	0.496025388
2.390470928	0.537769915	0.505880875	-0.03188904	0.516688177	0.495073573
2.394871642	0.536845005	0.504931191	-0.031913814	0.515738492	0.494123889
2.399272356	0.535920095	0.503983985	-0.03193611	0.514791286	0.493176683
2.40367307	0.534995185	0.503039596	-0.031955589	0.513846898	0.492232295
2.408073784	0.534070275	0.50209834	-0.031971935	0.512905641	0.491291038
2.412474498	0.533145365	0.501160487	-0.031984878	0.511967789	0.490353185
2.416875213	0.532220455	0.500226253	-0.031994202	0.511033555	0.489418951
2.421275927	0.531295545	0.499295779	-0.031999766	0.510103081	0.488488478
2.425676641	0.530370635	0.498369121	-0.032001514	0.509176423	0.487561819
2.430077355	0.529445725	0.497446234	-0.031999492	0.508253536	0.486638932
2.434478069	0.528520815	0.496526966	-0.031993849	0.507334268	0.485719665
2.438878783	0.527595905	0.495611054	-0.031984851	0.506418356	0.484803753
2.443279497	0.526670995	0.49469812	-0.031972875	0.505505422	0.483890819
2.447680211	0.525746086	0.493787676	-0.03195841	0.504594977	0.482980374
2.452080925	0.524821176	0.49287913	-0.031942045	0.503686432	0.482071829
2.456481639	0.523896266	0.491971805	-0.03192446	0.502779107	0.481164504
2.460882353	0.522971356	0.491064952	-0.031906404	0.501872254	0.48025765
2.465283067	0.522046446	0.490157773	-0.031888672	0.500965075	0.479350472
2.469683781	0.521121536	0.489249455	-0.031872081	0.500056757	0.478442153
2.474084496	0.520196626	0.488339194	-0.031857432	0.499146495	0.477531892
2.47848521	0.519271716	0.487426235	-0.031845481	0.498233536	0.476618933
2.482885924	0.518346806	0.486509907	-0.031836899	0.497317209	0.475702606
2.487286638	0.517421896	0.485589665	-0.031832231	0.496396967	0.474782363
2.491687352	0.516496986	0.484665122	-0.031831864	0.495472424	0.47385782
2.496088066	0.515572076	0.483736094	-0.031835982	0.494543395	0.472928792
2.50048878	0.514647166	0.482802629	-0.031844537	0.493609931	0.471995327
2.504889494	0.513722256	0.481865044	-0.031857213	0.492672345	0.471057742
2.509290208	0.512797346	0.480923947	-0.031873399	0.491731249	0.470116646
2.513690922	0.511872436	0.479980263	-0.031892173	0.490787565	0.469172961
2.518091636	0.510947527	0.479035243	-0.031912284	0.489842544	0.468227941
2.52249235	0.510022617	0.478090471	-0.031932145	0.488897773	0.46728317
2.526893065	0.509097707	0.477147867	-0.031949839	0.487955169	0.466340565
2.531293779	0.508172797	0.476209668	-0.031963128	0.48701697	0.465402367
2.535694493	0.507247887	0.475278414	-0.031969473	0.486085716	0.464471112
2.540095207	0.506322977	0.474356914	-0.031966063	0.485164216	0.463549612
2.544495921	0.505398067	0.473448213	-0.031949854	0.484255514	0.462640911
2.548896635	0.504473157	0.472555543	-0.031917614	0.483362844	0.461748241
2.553297349	0.503548247	0.471682272	-0.031865975	0.482489574	0.460874971
2.557698063	0.502623337	0.470831848	-0.03179149	0.481639149	0.460024546
2.562098777	0.501698427	0.470007728	-0.031690699	0.48081503	0.459200426
2.566499491	0.500773517	0.469213322	-0.031560196	0.480020623	0.45840602
2.570900205	0.499848607	0.468451916	-0.031396691	0.479259218	0.457644614
2.575300919	0.498923697	0.467726612	-0.031197085	0.478533914	0.45691931
2.579701634	0.497998787	0.467040255	-0.030958532	0.477847557	0.456232953
2.584102348	0.497073877	0.466395375	-0.030678503	0.477202676	0.455588073



		
		
		
