 TITLE = "PR density_T" 

  VARIABLES = Temperature	PR_cp_01	NIST_cp_01	PR_cp_1	NIST_cp_1	PR_cp_3	NIST_cp_3	PR_cp_5	NIST_cp_5	PR_cp_7	NIST_cp_7	PR_cp_10	NIST_cp_10
300	2.158160874	2.1994	2.156450234	2.1985	2.154626859	2.1976	2.152879745	2.1967	2.14959525	2.1951	2.142423709	2.1914
310	2.200883725	2.2372	2.198982343	2.2362	2.196960766	2.2352	2.195028632	2.2342	2.191409074	2.2323	2.183562362	2.2281
320	2.243845594	2.2759	2.241729126	2.2748	2.239485026	2.2736	2.237346074	2.2725	2.233354238	2.2703	2.22476647	2.2657
330	2.287046671	2.3154	2.284686815	2.3142	2.282192103	2.3129	2.279821326	2.3116	2.275414916	2.3092	2.266012603	2.3039
340	2.330493706	2.3557	2.327857384	2.3543	2.325079471	2.3528	2.322448069	2.3513	2.317578855	2.3486	2.307279868	2.3428
350	2.37420057	2.3965	2.371248905	2.3949	2.368149794	2.3932	2.36522445	2.3916	2.359837246	2.3886	2.348549614	2.3821
360	2.418189069	2.4378	2.41487609	2.436	2.41141124	2.4341	2.408153239	2.4323	2.402184665	2.4289	2.389805177	2.4217
370	2.462490093	2.4795	2.45876108	2.4775	2.454877977	2.4753	2.451242106	2.4733	2.444619084	2.4695	2.431031664	2.4615
380	2.507145177	2.5216	2.502934515	2.5193	2.498570857	2.5169	2.49450403	2.5146	2.487141949	2.5103	2.472215756	2.5014
390	2.552208596	2.5639	2.547436983	2.5613	2.542518345	2.5586	2.537957872	2.556	2.529758327	2.5513	2.513345532	2.5414
400	2.5977502	2.6065	2.592320939	2.6036	2.586757753	2.6005	2.581629139	2.5976	2.572477129	2.5923	2.554410305	2.5813
410	2.643859247	2.6494	2.637653276	2.646	2.631336856	2.6426	2.625550971	2.6393	2.615311413	2.6333	2.595400465	2.6212
420	2.690649644	2.6925	2.683518762	2.6887	2.676316023	2.6847	2.669765437	2.681	2.65827878	2.6743	2.636307313	2.6608
430	2.73826723	2.736	2.730024696	2.7316	2.721771034	2.727	2.7143252	2.7228	2.701401867	2.7153	2.677122895	2.7003
440	2.786900049	2.7798	2.777307295	2.7747	2.767796826	2.7695	2.759295676	2.7647	2.744708963	2.7562	2.717839818	2.7395
450	2.326752355	2.3544	2.825540585	2.8181	2.814512534	2.8121	2.80475786	2.8066	2.788234771	2.7969	2.758451038	2.7784
460	2.364413525	2.3903	2.874949041	2.862	2.862068373	2.855	2.850812024	2.8486	2.832021322	2.8376	2.798949618	2.817
470	2.401737501	2.4263	2.925825942	2.9064	2.910655185	2.8982	2.897582642	2.8908	2.876119095	2.8783	2.839328439	2.8552
480	2.438707823	2.4622	2.978560765	2.9516	2.960517925	2.9419	2.945225002	2.9333	2.920588361	2.9188	2.879579844	2.893
490	2.47530956	2.4979	3.033681338	2.9978	3.011975157	2.9862	2.993934236	2.9761	2.96550079	2.9594	2.919695218	2.9305
500	2.511529032	2.5333	3.091921152	3.0456	3.065447958	3.0314	3.043957829	3.0194	3.010941367	3	2.959664457	2.9675
510	2.547353581	2.5685	3.154331671	3.0953	3.121504054	3.0779	3.095613299	3.0634	3.057010645	3.0407	2.999475331	3.004
520	2.582771403	2.6032	3.22248006	3.148	3.180927645	3.1261	3.149313701	3.1084	3.103827331	3.0815	3.039112693	3.0401
530	2.617771405	2.6375	3.298821346	3.2051	3.244834541	3.1766	3.205605328	3.1547	3.151531188	3.1226	3.078557527	3.0758
540	2.652343087	2.6714	3.387461541	3.2686	3.314871824	3.2306	3.265224962	3.2028	3.200286075	3.1641	3.117785788	3.1109
550	2.686476457	2.7048	3.495911981	3.3427	3.39358621	3.2894	3.329189615	3.2533	3.250282768	3.206	3.156767018	3.1455
560	2.720161952	2.7377	3.639830878	3.4354	3.485159171	3.3556	3.398942296	3.3071	3.301740765	3.2486	3.195462721	3.1795
570	2.753390373	2.77	2.966984317	3.1731	3.597033034	3.4336	3.476598883	3.3656	3.354907442	3.292	3.233824481	3.213
580	2.786152838	2.8019	2.967653852	3.1204	3.744056394	3.5321	3.565386632	3.4309	3.410051414	3.3363	3.271791854	3.2458
590	2.818440737	2.8332	2.976359958	3.0961	3.961539438	3.6717	3.670466667	3.5061	3.467444061	3.3817	3.309290084	3.2779
600	2.850245694	2.864	2.990006462	3.0871	4.364290019	3.92	3.800569602	3.5969	3.527317993	3.4283	3.346227772	3.3093
610	2.881559538	2.8943	3.006854525	3.0873	5.804593212	4.7962	3.971414139	3.7146	3.589782358	3.4764	3.382494701	3.34
620	2.912374277	2.9241	3.025843569	3.0935	4.303952314	4.9828	4.212669917	3.8854	3.654661305	3.5261	3.417960133	3.3698
630	2.942682076	2.9533	3.046285368	3.1036	3.67143635	3.9602	4.57430571	4.1881	3.721206589	3.5779	3.45247201	3.3987
640	2.972475237	2.982	3.067711122	3.1166	3.483607962	3.6678	5.02077126	4.9361	3.787636785	3.6323	3.485857638	3.4268
650	3.001746186	3.0102	3.089788723	3.1316	3.399833495	3.5331	4.914079354	5.7859	3.850532521	3.6908	3.517926483	3.454
660	3.030487453	3.0379	3.11227511	3.1481	3.35803863	3.4605	4.334380387	4.7086	3.904383955	3.7553	3.548475714	3.4804
670	3.058691667	3.0651	3.134987407	3.1657	3.337541457	3.4189	3.964356203	4.1643	3.942074874	3.8284	3.577298931	3.506
680	3.086351538	3.0918	3.157784699	3.184	3.329328619	3.3953	3.765964537	3.903	3.957237924	3.9106	3.604198119	3.5309
690	3.113459856	3.1181	3.180556094	3.2028	3.328796304	3.3829	3.654044205	3.7576	3.947947331	3.9955	3.628998216	3.5551
700	3.140009477	3.1438	3.203212689	3.2221	3.333328914	3.378	3.587724472	3.6695	3.918667028	4.0613	3.65156288	3.5788
710	3.165993317	3.1691	3.225681994	3.2416	3.341321628	3.3784	3.547582786	3.6136	3.878049773	4.0785	3.671809314	3.6021
720	3.191404348	3.1939	3.247903996	3.2613	3.351730485	3.3825	3.523585027	3.5775	3.834667934	4.0416	3.689719589	3.6249
730	3.21623559	3.2183	3.269828303	3.2811	3.363844276	3.3895	3.510106893	3.5546	3.794337557	3.9764	3.705346123	3.6474
740	3.240480109	3.2423	3.291412056	3.3008	3.377159947	3.3985	3.503773222	3.5406	3.75988395	3.9093	3.71880984	3.6694
750	3.26413101	3.2658	3.312618354	3.3206	3.391310379	3.4091	3.502442261	3.5331	3.732071221	3.852	3.730290996	3.6909
760	3.287181434	3.2889	3.333415078	3.3403	3.40602045	3.421	3.504691084	3.5303	3.710573373	3.8067	3.740014115	3.7117
770	3.309624557	3.3116	3.353773966	3.3599	3.421079202	3.4338	3.509537504	3.5311	3.694616908	3.7724	3.748229593	3.7316
780	3.331453582	3.3339	3.373669916	3.3793	3.436321587	3.4473	3.516281344	3.5346	3.683322451	3.7469	3.755194924	3.7504
790	3.352661743	3.3558	3.393080422	3.3986	3.451616154	3.4614	3.524409502	3.5402	3.675858737	3.7286	3.761158086	3.7679
800	3.373242296	3.3773	3.411985132	3.4177	3.466856517	3.4759	3.533536881	3.5476	3.671498321	3.7159	3.766344798	3.7839
810	3.393188522	3.3985	3.430365499	3.4367	3.481955314	3.4907	3.543368336	3.5562	3.669627471	3.7077	3.770950281	3.7983
820	3.41249372	3.4192	3.44820449	3.4554	3.496839842	3.5058	3.55367343	3.5659	3.669737283	3.703	3.775135319	3.8109
830	3.431151212	3.4397	3.465486356	3.474	3.511448851	3.521	3.564269232	3.5764	3.671408731	3.7013	3.779025847	3.8218
840	3.449154334	3.4597	3.482196441	3.4923	3.525730148	3.5364	3.57500833	3.5876	3.674297216	3.7018	3.782715056	3.8311
850	3.466496439	3.4795	3.498321025	3.5104	3.539638783	3.5518	3.5857703	3.5993	3.678118717	3.7043	3.786267034	3.8391
860	3.483170897	3.4989	3.513847191	3.5283	3.553135655	3.5673	3.596455523	3.6115	3.682638157	3.7083	3.789721131	3.8459
870	3.49917109	3.518	3.528762719	3.546	3.566186434	3.5827	3.606980627	3.624	3.687659905	3.7136	3.793096448	3.8519
880	3.514490412	3.5367	3.543055994	3.5635	3.578760711	3.5981	3.617275086	3.6367	3.693020165	3.72	3.79639606	3.8572
890	3.529122269	3.5552	3.556715924	3.5807	3.590831325	3.6134	3.627278631	3.6497	3.698580896	3.7272	3.799610765	3.8622
900	3.543060079	3.5733	3.569731881	3.5977	3.602373827	3.6287	3.636939269	3.6628	3.70422499	3.7352	3.802722274	3.867
910	3.556297269	3.5912	3.582093641	3.6145	3.613366047	3.6439	3.646211747	3.676	3.709852427	3.7438	3.805705833	3.8719
920	3.568827275	3.6087	3.593791334	3.631	3.623787739	3.659	3.655056342	3.6892	3.715377209	3.7529	3.808532313	3.8768
930	3.580643542	3.626	3.604815408	3.6474	3.633620293	3.6739	3.663437906	3.7025	3.72072491	3.7624	3.811169851	3.8819
940	3.591739524	3.643	3.61515659	3.6635	3.642846501	3.6888	3.671325104	3.7159	3.725830696	3.7723	3.813585095	3.8873
950	3.602108679	3.6597	3.624805857	3.6794	3.651450355	3.7035	3.678689793	3.7292	3.730637734	3.7825	3.815744134	3.893
960	3.611744477	3.6762	3.633754406	3.695	3.659416886	3.718	3.685506531	3.7425	3.735095894	3.7929	3.817613183	3.899
970	3.620640389	3.6924	3.641993634	3.7105	3.666732021	3.7325	3.69175216	3.7557	3.739160694	3.8035	3.819159057	3.9052
980	3.628789896	3.7083	3.649515116	3.7257	3.673382475	3.7468	3.697405479	3.7689	3.742792426	3.8142	3.820349504	3.9118
990	3.636186483	3.724	3.656310587	3.7408	3.679355643	3.7609	3.702446956	3.782	3.745955447	3.8251	3.821153417	3.9187
1000	3.642823639	3.7395	3.662371926	3.7556	3.684639522	3.7749	3.706858504	3.795	3.748617585	3.836	3.821540958	3.9258
