 TITLE = "Density VS Temperature for Oxygen" 

 VARIABLES =  T	rho_NIST_0.1Mpa	rho_Soave_0.1Mpa	rho_new_0.1Mpa	rho_NIST_1Mpa	rho_Soave_1Mpa	rho_new_1Mpa	rho_NIST_5Mpa	rho_Soave_5Mpa	rho_new_5Mpa	rho_NIST_7Mpa	rho_Soave_7Mpa	rho_new_7Mpa	rho_NIST_8Mpa	rho_Soave_8Mpa	rho_new_8Mpa	rho_NIST_10Mpa	rho_Soave_10Mpa	rho_new_10Mpa
220	2.4394	2.437912151	2.44004377	1167	1113.546777	1164.912584	1175.6	1135.781142	1181.554784	1179.7	1145.663031	1189.149515	1181.7	1150.348552	1192.78982	1185.6	1159.266426	1199.784591
230	2.3288	2.32936478	2.331118677	1129	1067.03476	1123.339294	1139.3	1094.511257	1143.558575	1144.2	1106.42262	1152.633064	1146.5	1112.016456	1156.952841	1151.2	1122.576761	1165.203122
240	2.2282	2.230185063	2.231592769	24.857	24.4480676	24.65072147	1100.7	1049.343469	1100.900868	1106.6	1063.944658	1111.964746	1109.4	1070.712534	1117.181986	1114.9	1083.353023	1127.065804
250	2.1363	2.139197524	2.140287454	23.435	23.22672257	23.37712548	1058.9	999.1051869	1052.034898	1066.2	1017.44066	1065.913048	1069.7	1025.781073	1072.367942	1076.4	1041.131784	1084.457897
260	2.0519	2.055417357	2.056216175	22.215	22.13492252	22.24124451	1012.6	941.8235657	994.5071117	1022.1	965.709923	1012.663638	1026.5	976.262948	1020.927095	1035	995.279531	1036.143215
270	1.9741	1.97801294	1.978546389	21.147	21.15139267	21.22021888	959.39	873.6399752	923.8251453	972.5	906.7510832	949.2704153	978.46	920.6515472	960.409741	989.46	944.8907275	980.3589467
280	1.9021	1.906276924	1.906570277	20.199	20.25954741	20.29638636	893.9	784.472657	829.2094731	914.25	836.7216317	870.1184722	922.92	856.3202576	886.516609	938.22	888.5931939	914.385865
290	1.8352	1.839603681	1.839681918	19.349	19.44621343	19.45580863	148.41	145.4476983	146.7294971	839.25	746.044478	760.6084477	854.2	777.8470607	789.8587918	878.06	824.1365732	833.5128163
300	1.773	1.777471525	1.777359322	18.579	18.70076042	18.68728307	128.4	130.7552665	129.5130104	706.06	580.186831	288.2135068	753.17	669.5732082	636.5598537	801.62	747.397515	728.0031803
310	1.715	1.719428558	1.719150148	17.878	18.01449201	17.98166016	116.13	120.0798868	117.6982675	210.63	223.1376594	208.6562975	327.71	381.8193657	293.895981	685.77	649.5786354	572.9023515
320	1.6606	1.665081304	1.664660261	17.234	17.38020869	17.33136027	107.22	111.7080698	108.7262352	178.74	192.001432	179.6766977	231.91	257.2706622	228.9666641	448.28	511.7589493	381.8993808
330	1.6097	1.614085508	1.613544495	16.641	16.79188736	16.73002454	100.22	104.843589	101.5338028	160.11	172.6361776	161.3626588	198.87	219.6019188	198.6559067	310.26	370.6715104	294.9549377
340	1.5618	1.566138627	1.565499138	16.092	16.24444203	16.1722582	94.478	99.04619066	95.56753874	146.95	158.5616301	148.0478339	178.65	196.5972249	178.9131904	258.62	300.747929	252.2425692
350	1.5167	1.520973669	1.520255784	15.581	15.7335422	15.653439	89.619	94.04514826	90.49943321	136.82	147.5437839	137.6701194	164.16	180.077616	164.4182807	228.8	261.9915218	225.1145286
360	1.4742	1.478354092	1.477576269	15.105	15.25547298	15.16957235	85.418	89.66146528	86.11764342	128.61	138.52748	129.2319354	152.93	167.25323	153.0752257	208.25	236.0379362	205.6382409
370	1.434	1.438069561	1.437248475	14.659	14.80702599	14.71718053	81.726	85.77036569	82.27666448	121.75	130.9261392	122.1703057	143.82	156.8227393	143.8348729	192.74	216.7992648	190.6595029
380	1.396	1.399932402	1.399082837	14.241	14.3854132	14.29321686	78.44	82.28128248	78.87181506	115.86	124.3785976	116.1345201	136.18	148.070382	136.0942111	180.38	201.6516734	178.6211536
390	1.3599	1.363774616	1.362909414	13.848	13.98819825	13.89499861	75.484	79.12634479	75.82502547	110.73	118.6461925	110.8904263	129.63	140.5593526	129.4735064	170.18	189.243338	168.6432848
400	1.3257	1.329445356	1.328575425	13.477	13.61324111	13.52015382	72.804	76.25335464	73.07639544	106.18	113.5627842	106.2734732	123.9	134.0031501	123.7175504	161.53	178.7907499	160.1808164
410	1.2931	1.296808785	1.295943152	13.127	13.25865306	13.16657865	70.355	73.62129634	70.57891631	102.11	109.0079928	102.1634096	118.84	128.2035962	118.6462986	154.05	169.8007543	152.8729243
420	1.2622	1.265742245	1.264888161	12.796	12.92275992	12.83240268	68.104	71.19735262	68.29503018	98.436	104.8917768	98.46964759	114.31	123.0178808	114.1279278	147.48	161.9434999	146.4685773
430	1.2327	1.236134695	1.23529777	12.482	12.60407159	12.51596017	66.024	68.95485678	66.19430463	95.09	101.1450194	95.12230598	110.21	118.3396926	110.0631003	141.63	154.9878376	140.7863434
440	1.2045	1.207885356	1.207069734	12.183	12.30125681	12.21576597	64.094	66.87184837	64.25181066	92.025	97.71351243	92.06646999	106.49	114.0877676	106.3752615	136.39	148.7657065	135.691162
450	1.1776	1.180902557	1.180111091	11.899	12.01312205	11.93049478	62.295	64.93003014	62.44695734	89.2	94.55396068	89.25836332	103.07	110.1986065	103.0043804	131.63	143.1512115	131.0801588
460	1.1519	1.155102719	1.154337171	11.629	11.73859368	11.65896329	60.613	63.11399928	60.76263085	86.584	91.63124306	86.66270353	99.928	106.6216616	99.90274826	127.3	138.0476876	126.8735707
470	1.1273	1.130409481	1.129670714	11.371	11.476703	11.40011421	59.035	61.41067044	59.18454104	84.151	88.91648289	84.2508147	97.016	103.3160502	97.03205807	123.32	133.3793573	123.0086989
480	1.1037	1.106752934	1.106041101	11.125	11.22657339	11.1530022	57.55	59.80883575	57.70071251	81.88	86.38565627	81.99923896	94.307	100.2482489	94.36130624	119.65	129.0857581	119.4357299
490	1.0811	1.084068954	1.083383668	10.889	10.98740943	10.91678103	56.15	58.29882455	56.30107884	79.752	84.01856765	79.88868599	91.778	97.39043593	91.8652397	116.24	125.1179061	116.1147514
500	1.0594	1.062298612	1.061639104	10.664	10.75848748	10.6906921	54.826	56.87223681	54.97715249	77.754	81.79808217	77.9032181	89.41	94.71927493	89.52317488	113.07	121.4355859	113.0135541
510	1.0386	1.041387659	1.040752908	10.448	10.53914763	10.47405396	53.571	55.52173185	53.7217519	75.87	79.70954099	76.02960462	87.185	92.21500656	87.31807893	110.11	118.0053936	110.1059727
520	1.0185	1.021286067	1.020674916	10.241	10.3287867	10.26625292	52.38	54.24085921	52.52877355	74.092	77.74030977	74.25680228	85.089	89.86075827	85.23584167	107.33	114.7992944	107.3706043
530	0.99926	1.001947626	1.001358868	10.042	10.12685213	10.06673454	51.248	53.02392181	51.39300051	72.408	75.87942538	72.57553239	83.109	87.64201272	83.2646915	104.72	111.7935416	104.7898042
540	0.98071	0.983329588	0.982762033	9.8512	9.932836691	9.874996131	50.169	51.86586449	50.30994169	70.812	74.11731632	70.97793543	81.235	85.54619284	81.39472364	102.26	108.9678533	102.3488909
550	0.96283	0.965392344	0.964844867	9.6675	9.746273875	9.690580044	49.14	50.76218222	49.27569745	69.294	72.4455791	69.45728874	79.458	83.56233418	79.61751862	99.93	106.3047768	100.0355137
560	0.94559	0.948099144	0.947570713	9.4907	9.566733783	9.513067897	48.157	49.70884422	48.28684811	67.849	70.85679769	68.00777712	77.769	81.68082338	77.92583485	97.725	103.7891919	97.83915058
570	0.92897	0.931415842	0.930905533	9.3203	9.393819562	9.342075516	47.216	48.7022306	47.34036269	66.472	69.3443964	66.62430816	76.16	79.89318745	76.31336284	95.633	101.4079177	95.75071231
580	0.91292	0.915310668	0.914817667	9.1562	9.227164233	9.177248641	46.315	47.73907921	46.43352509	65.156	67.90251916	65.30236513	74.627	78.19192238	74.77453099	93.644	99.1493988	93.76223229
590	0.89741	0.899754025	0.899277624	8.9978	9.066427888	9.018259277	45.451	46.81644074	45.56387539	63.898	66.52592956	64.03789182	73.162	76.5703527	73.30435408	91.749	97.0034521	91.86662743
600	0.88242	0.884718307	0.884257892	8.8449	8.911295201	8.864802641	44.621	45.93164071	44.72916399	62.694	65.20992762	62.82720362	71.762	75.02251544	71.89831717	89.941	94.96106061	90.05751622
610	0.86793	0.870177732	0.869732768	8.6972	8.761473213	8.716594607	43.824	45.08224689	43.9273163	61.539	63.95027999	61.66692011	70.42	73.54306364	70.55228789	88.214	93.01420452	88.3290825
620	0.85391	0.856108196	0.855678206	8.5545	8.616689352	8.57336959	43.057	44.26604149	43.15640606	60.43	62.74316115	60.5539149	69.135	72.12718554	69.26245155	86.561	91.15572154	86.67597532
630	0.84033	0.842487136	0.84207169	8.4164	8.476689669	8.434878788	42.319	43.48099714	42.41463553	59.365	61.58510344	59.48527874	67.9	70.7705366	68.02526363	84.977	89.37919072	85.09323626
640	0.82718	0.829293411	0.828892105	8.2829	8.341237248	8.300888718	41.607	42.72525616	41.70032076	58.341	60.47295456	58.45829286	66.714	69.46918182	66.83741566	83.458	87.67883516	83.57624749
650	0.81444	0.81650719	0.816119631	8.1535	8.210110786	8.171179978	40.921	41.9971125	41.01188083	57.354	59.4038411	57.47040971	65.573	68.21954671	65.69581066	81.999	86.04944004	82.12069473
660	0.80208	0.804109851	0.803735649	8.0282	8.083103308	8.045546201	40.259	41.29499605	40.34782982	56.404	58.37513717	56.51923897	64.475	67.01837532	64.59754548	80.597	84.48628326	80.72254081
670	0.79009	0.792083892	0.791722647	7.9068	7.960021014	7.923793149	39.619	40.61745891	39.70677071	55.488	57.38443731	55.60253714	63.416	65.86269413	63.53989773	79.248	82.98507629	79.37800635
680	0.77846	0.780412848	0.780064143	7.789	7.840682232	7.805737909	39	39.96316329	39.08739053	54.603	56.42953299	54.71819961	62.395	64.74978095	62.52031589	77.948	81.54191367	78.08355513
690	0.76716	0.769081214	0.768744609	7.6747	7.724916475	7.691208188	38.402	39.33087089	38.4884564	53.748	55.50839205	53.86425408	61.409	63.67713786	61.53641119	76.695	80.15322948	76.83588243
700	0.75619	0.758074377	0.757749405	7.5638	7.61256358	7.580041664	37.823	38.71943353	37.90881206	52.922	54.61914084	53.03885515	60.457	62.64246774	60.58595094	75.486	78.81575989	75.63190526
710	0.74552	0.74737855	0.74706472	7.4561	7.50347293	7.472085397	37.262	38.12778482	37.34737475	52.123	53.7600485	52.24027933	59.537	61.64365374	59.66685243	74.318	77.5265106	74.46875385
720	0.73516	0.736980719	0.736677512	7.3514	7.397502749	7.367195294	36.718	37.55493276	36.80313238	51.35	52.92951312	51.46692061	58.646	60.6787413	58.77717758	73.189	76.28272854	73.34376395
730	0.72508	0.726868585	0.726575458	7.2497	7.294519451	7.265235599	36.191	36.99995317	36.27514086	50.601	52.12604951	50.71728628	57.784	59.74592229	57.91512784	72.098	75.08187719	72.25446972
740	0.71527	0.717030519	0.716746906	7.1508	7.194397052	7.166078439	35.68	36.46198383	35.76252159	49.875	51.34827841	49.98999309	56.949	58.84352111	57.07903951	71.042	73.92161491	71.19859727
750	0.70572	0.707455515	0.707180832	7.0546	7.097016632	7.069603385	35.184	35.94021918	35.2644591	49.171	50.59491688	49.2837635	56.139	57.9699823	56.2673793	70.019	72.79977588	70.17405846
760	0.69643	0.698133148	0.6978668	6.9609	7.002265842	6.975697055	34.702	35.43390561	34.78019873	48.487	49.86476976	48.59742218	55.354	57.12385959	55.47874007	69.027	71.71435335	69.17894501
770	0.68738	0.68905354	0.688794924	6.8698	6.910038452	6.884252733	34.233	34.94233723	34.3090444	47.824	49.15672201	47.92989242	54.592	56.30380616	54.71183648	68.066	70.66348473	68.21152257
780	0.67856	0.680207318	0.679955831	6.781	6.820233933	6.795170011	33.778	34.46485203	33.85035633	47.18	48.46973192	47.2801925	53.852	55.50856594	53.96550064	67.134	69.64543848	67.27022458
790	0.66996	0.671585589	0.671340633	6.6945	6.732757081	6.708354441	33.335	34.00082841	33.40354857	46.554	47.80282495	46.64743182	53.134	54.73696585	53.23867728	66.228	68.65860231	66.35364554
800	0.66158	0.663179906	0.662940897	6.6102	6.647517661	6.62371721	32.904	33.54968208	32.96808652	45.945	47.15508826	46.03080653	52.435	53.9879088	52.5304185	65.349	67.70147278	65.4605335
