TITLE = "Decane T rho" 

  VARIABLES = T	Soave_error_01Mpa	new_error_01Mpa	Soave_error_1Mpa	new_error_1Mpa	Soave_error_2Mpa	new_error_2Mpa	Soave_error_3Mpa	new_error_3Mpa	Soave_error_5Mpa	new_error_5Mpa	Soave_error_10Mpa	new_error_10Mpa
220	0.060992422	0.026390515	4.580396108	0.178870286	3.387109432	0.506531491	2.885222424	0.801009961	2.65308011	0.93846326	2.22111788	1.196406129
230	0.024251986	0.099565308	5.488506639	0.501391104	3.93125106	0.373788754	3.301641322	0.737027072	3.007722973	0.911717496	2.486382809	1.216393524
240	0.089088191	0.152264999	1.645139817	0.829860908	4.665806402	0.01824914	3.854630584	0.484795414	3.487242254	0.701459022	2.829579052	1.091201321
250	0.135632833	0.186652345	0.888745183	0.246957606	5.646880071	0.648323931	4.573188858	0.026913506	4.105723731	0.249410265	3.276497219	0.748596914
260	0.171419537	0.210350174	0.360465828	0.118138677	6.989574786	1.786775463	5.51708023	0.923232747	4.894013831	0.542903539	3.837726471	0.110455604
270	0.198213872	0.225236267	0.020772063	0.346237689	8.937973585	3.707027875	6.760814063	2.388646245	5.908105885	1.844762073	4.504403669	0.919800019
280	0.219595369	0.235017965	0.299754473	0.482134575	12.24156427	7.236886327	8.479996528	4.827074415	7.216198851	3.94437123	5.28946368	2.540356738
290	0.239956446	0.244219591	0.502420974	0.552011116	1.9960257	1.13233805	11.10581138	9.370456042	8.938531881	7.532335304	6.141200688	5.073364433
300	0.252201082	0.245872642	0.655365852	0.582825092	1.834319738	0.866830539	17.82754567	59.18002623	11.09932575	15.48257981	6.764113291	9.183505869
310	0.258224985	0.241991108	0.763463528	0.579819691	3.401263082	1.350441284	5.93821365	0.937047196	16.51135629	10.318275	5.277478546	16.45852815
320	0.269860559	0.244505632	0.848373508	0.564931375	4.185851299	1.40480805	7.419398036	0.524056008	10.93556217	1.269171597	14.16055797	14.80784759
330	0.272442536	0.238832989	0.906720517	0.534971112	4.61343947	1.310918808	7.823482347	0.782373856	10.42485987	0.107654882	19.47125327	4.93297952
340	0.277796557	0.236850942	0.947315635	0.498745966	4.83518984	1.153219524	7.901755801	0.74707986	10.04602571	0.147321829	16.28950931	2.465946485
350	0.281774185	0.234442171	0.979027018	0.464918791	4.938850314	0.982418027	7.83787741	0.621341478	9.696403517	0.157334708	14.506784	1.61078297
360	0.281786185	0.229023823	0.996179937	0.427489929	4.967881804	0.819081953	7.711282196	0.483582495	9.365873297	0.094962217	13.34354678	1.254146031
370	0.283790862	0.226532419	1.009795928	0.39689292	4.948689139	0.673793505	7.536870013	0.345220284	9.040981291	0.010341317	12.48275644	1.079431939
380	0.281690679	0.22083357	1.014066408	0.366665702	4.897096477	0.55050364	7.352492293	0.236941238	8.731371749	0.062996713	11.79270063	0.975078393
390	0.284919168	0.221296734	1.012407962	0.339389152	4.825320326	0.451785111	7.14909466	0.144880617	8.431190774	0.120723274	11.20186744	0.902994001
400	0.282519117	0.216898616	1.010915716	0.320203435	4.737864183	0.374149002	6.95308359	0.088032778	8.154277749	0.147255526	10.68578584	0.835252638
410	0.28681345	0.219870989	1.002918146	0.30150567	4.642593056	0.318266382	6.755452786	0.052305952	7.879162053	0.16299342	10.22444294	0.764086796
420	0.280640563	0.212974214	0.990621455	0.284484824	4.542101233	0.280497742	6.558349394	0.034182201	7.617776905	0.159279333	9.807092419	0.685803263
430	0.278631824	0.210738244	0.977980997	0.272073178	4.439077886	0.257943527	6.36767213	0.033974105	7.37654713	0.13329076	9.431502946	0.595676449
440	0.281059059	0.213344423	0.970670701	0.268948255	4.334022477	0.246217528	6.181485936	0.045063834	7.134723987	0.107745804	9.073763858	0.512382144
450	0.280448156	0.213238	0.959089392	0.264684288	4.229922364	0.243931834	6.002198067	0.065429732	6.916276802	0.0636651	8.752724714	0.417717232
460	0.278037953	0.211578309	0.942417078	0.257660063	4.126176365	0.246862631	5.829302245	0.090898468	6.698484467	0.025269938	8.442802499	0.334979784
470	0.275834343	0.210300169	0.929584029	0.256039177	4.024172844	0.25330912	5.663013976	0.118613805	6.493825963	0.016551978	8.157117501	0.252433621
480	0.276609004	0.212113861	0.913019244	0.251705165	3.924996957	0.261880988	5.502755578	0.145626483	6.299902372	0.057584532	7.88613301	0.179080712
490	0.274623411	0.211235595	0.903750808	0.255129289	3.826935977	0.269062945	5.349793926	0.171388796	6.115230152	0.095055128	7.637565456	0.107750029
500	0.273608858	0.21135583	0.886041601	0.250300967	3.732238007	0.275694916	5.201124274	0.191910507	5.938122056	0.126579664	7.39859014	0.049921186
510	0.268405474	0.207289453	0.87239311	0.249367917	3.64139526	0.281405806	5.060684048	0.210365919	5.769348577	0.152639713	7.170460051	0.003657505
520	0.273546105	0.213541099	0.857208283	0.246586468	3.552613992	0.284027393	4.924026568	0.222429245	5.607961389	0.172574215	6.95918605	0.037831273
530	0.268961674	0.210042277	0.844972375	0.246310941	3.465348528	0.28293886	4.794256679	0.231372766	5.45429823	0.187334103	6.754718869	0.066657984
540	0.267111382	0.209239573	0.828697934	0.241555659	3.382296809	0.280933831	4.667734732	0.234332363	5.307063259	0.196619241	6.559606189	0.086926408
550	0.266126329	0.209265114	0.81483191	0.238738498	3.301144114	0.276144587	4.548126968	0.235646283	5.165413396	0.200758415	6.379242281	0.105587594
560	0.265352254	0.209468496	0.801139888	0.235682266	3.222468638	0.269634967	4.433075926	0.234015423	5.030054878	0.201667564	6.20536392	0.116807957
570	0.263285387	0.208352531	0.788811116	0.233635354	3.147726627	0.263390989	4.321212539	0.229131297	4.90176923	0.20136928	6.038624406	0.123087541
580	0.261870485	0.207867793	0.775040228	0.229884021	3.074768882	0.255910796	4.215297383	0.224637984	4.776987387	0.197691168	5.879072655	0.126257196
590	0.261198901	0.208112709	0.762718535	0.227380887	3.004203966	0.24834523	4.112694548	0.218929884	4.658637954	0.194573797	5.726985688	0.128205685
600	0.260454975	0.208278631	0.750660849	0.225018275	2.937273282	0.242406027	4.013027748	0.21246629	4.543512502	0.189957312	5.581504106	0.129547387
610	0.25897618	0.207708871	0.739010407	0.222998287	2.871136569	0.235752781	3.918295699	0.207868363	4.434910023	0.187855572	5.441545013	0.130458315
620	0.257427119	0.207071763	0.726978227	0.220580861	2.808002155	0.230870857	3.827835756	0.205055267	4.328032898	0.184351702	5.308073545	0.132825771
630	0.256701091	0.207262658	0.716335596	0.219556916	2.745804817	0.22598722	3.739751436	0.202608835	4.227594406	0.184482519	5.18044968	0.136785554
640	0.255495944	0.206980907	0.704309457	0.217178981	2.687663511	0.224291006	3.654298966	0.201047047	4.129840541	0.184992144	5.057436267	0.141685024
650	0.253817325	0.206231417	0.694312694	0.216839121	2.629731668	0.222088483	3.574015927	0.202967032	4.036031154	0.187288458	4.939621265	0.148410012
660	0.253073342	0.206419456	0.683880665	0.216065885	2.573327834	0.220645868	3.494676203	0.20430992	3.944746516	0.190066654	4.825593081	0.155763625
670	0.252362646	0.206640684	0.673104336	0.214918159	2.520151732	0.221536907	3.417743142	0.206417862	3.858165341	0.195372986	4.715672686	0.164050013
680	0.250860459	0.206066218	0.663528466	0.214891635	2.469649468	0.22407828	3.345114717	0.210976695	3.773989825	0.200842832	4.610655394	0.173904569
690	0.250432048	0.206555193	0.654311895	0.215098809	2.418808639	0.225135153	3.275269863	0.216294713	3.69349421	0.207479672	4.509067712	0.183691799
700	0.249193577	0.206218727	0.644696842	0.214728889	2.370075174	0.22687798	3.206872073	0.220806378	3.614912646	0.213293641	4.411095956	0.193287836
710	0.249295808	0.2072004	0.635358035	0.214393549	2.323506033	0.229120144	3.140741134	0.225004952	3.538394176	0.218103758	4.31727253	0.202849717
720	0.247662945	0.206419304	0.627128839	0.214861029	2.279352786	0.23185462	3.075974912	0.227693489	3.466120956	0.223676951	4.22704032	0.211457933
730	0.246674192	0.206247275	0.618224905	0.214292993	2.235232994	0.232491115	3.013872266	0.229810243	3.395269089	0.226927593	4.138640728	0.217023662
740	0.246133541	0.206482265	0.609680758	0.213660551	2.191658728	0.231282488	2.953941665	0.230562581	3.326697768	0.228343794	4.053397862	0.220429139
750	0.245921205	0.20699883	0.601262039	0.212675204	2.149326917	0.228680927	2.895846899	0.229329279	3.261515702	0.228681139	3.971459008	0.221451979
760	0.244554153	0.206309381	0.594259969	0.212573881	2.109116517	0.225343576	2.841524029	0.227735634	3.197347233	0.225349695	3.893191576	0.220124025
770	0.243466447	0.205843023	0.585729597	0.210380701	2.072086097	0.222137716	2.786722166	0.221421078	3.135635546	0.219512904	3.816126605	0.213796277
780	0.242766731	0.205704846	0.578586246	0.208966385	2.033430124	0.214211402	2.733641199	0.212362239	3.076145625	0.210764022	3.74093377	0.202914442
790	0.242639746	0.206076996	0.57147033	0.206952593	1.997385347	0.20563544	2.68252986	0.200695574	3.016836397	0.197006208	3.670052404	0.189716644
800	0.241831115	0.205704093	0.56454663	0.204490182	1.962320928	0.194768173	2.633775729	0.186759238	2.961588252	0.181974829	3.599860418	0.170673616
