TITLE = "Decane T rho" 

  VARIABLES = T	Soave_error_01Mpa	new_error_01Mpa	Soave_error_1Mpa	new_error_1Mpa	Soave_error_2Mpa	new_error_2Mpa	Soave_error_3Mpa	new_error_3Mpa	Soave_error_5Mpa	new_error_5Mpa	Soave_error_10Mpa	new_error_10Mpa
350	5.997039508	1.784144141	5.969142144	1.678025727	5.942115066	0.733964426	5.917809716	1.44778016	5.877539131	1.226921797	5.820225436	0.706624186
360	5.747353623	1.659693119	5.712103295	1.55631872	5.676818832	0.724448353	5.645200527	1.333578171	5.592849991	1.119048417	5.509218498	0.618677289
370	5.52015307	1.442073105	5.476841366	1.343796457	5.433940095	0.772242204	5.393031746	1.133629602	5.326559278	0.931306763	5.214189476	0.462389188
380	5.320336798	1.17037058	5.266504909	1.081081616	5.212096966	0.901395547	5.162450953	0.889946115	5.07934036	0.705442866	4.935096346	0.27828664
390	5.146148288	0.904034986	5.080334645	0.825552471	5.014372941	1.109607322	4.954833711	0.655534605	4.852005342	0.493077347	4.671914792	0.114325219
400	5.002000544	0.700498981	4.923716999	0.631943508	4.842806855	1.377775716	4.770360169	0.487216673	4.645528342	0.347061188	4.424641325	0.017626199
410	4.89005116	0.612865163	4.795272163	0.554928633	4.698358397	1.677376229	4.612419566	0.430269692	4.462553903	0.309676698	4.194765351	0.023960737
420	4.811655836	0.678209214	4.698537972	0.626948954	4.583904664	1.974790887	4.480342234	0.517126807	4.301523479	0.410583577	3.983884157	0.152652237
430	4.772061453	0.907313485	4.637828639	0.8576739	4.501384798	2.240166959	4.378327653	0.753781409	4.167061831	0.65240997	3.789177638	0.409161975
440	4.774642312	1.291488433	4.613748864	1.239649706	4.453372447	2.449600837	4.308100889	1.128827357	4.058082107	1.024884684	3.615347849	0.774840834
450	1.002839531	0.155753656	4.632572774	1.743625923	4.441658231	2.589069471	4.270376295	1.617082516	3.978375549	1.498781939	3.461173854	1.225764376
460	0.794221898	0.329146879	4.698883154	2.333184921	4.472140717	2.650652267	4.271265784	2.179205309	3.929048112	2.039924024	3.326959009	1.73030535
470	0.623623189	0.469556099	4.815762933	2.97080443	4.548830903	2.639648037	4.311450629	2.778784414	3.911590448	2.611162437	3.214635983	2.253432097
480	0.484122743	0.573839462	4.991741703	3.614876973	4.673969863	2.574159117	4.395797023	3.376024984	3.929593092	3.17408514	3.126256267	2.761267858
490	0.368698547	0.643739615	5.233474798	4.23036766	4.85662483	2.474205374	4.52719278	3.936540921	3.983972422	3.696092279	3.060702429	3.22628532
500	0.273462934	0.681406311	5.551671437	4.784109585	5.100119598	2.372103471	4.713445432	4.424927088	4.079586573	4.1441923	3.018443672	3.62312469
510	0.195548223	0.690491421	5.955969519	5.251933038	5.416122865	2.29296101	4.9559637	4.817582674	4.217048863	4.494200771	3.003325061	3.927080415
520	0.130560809	0.677826161	6.464261276	5.610514853	5.810586772	2.265243471	5.265496671	5.08597098	4.401193654	4.721888721	3.014216604	4.123421963
530	0.075620896	0.64961256	7.096653676	5.848126018	6.297400477	2.302560519	5.645787348	5.215436128	4.63621588	4.808787866	3.051574066	4.200963533
540	0.032789062	0.607392004	7.881095691	5.966373034	6.894396648	2.407045195	6.110270177	5.188264343	4.923946191	4.745077857	3.119286508	4.150850155
550	0.002768705	0.559523695	8.862875213	5.985911159	7.616943914	2.579532866	6.667786814	5.00197638	5.272933432	4.52098225	3.215921146	3.976903166
560	0.030640207	0.508647018	10.11003062	5.978627379	8.498671166	2.805506441	7.331900489	4.662564887	5.6824224	4.146106716	3.343355865	3.68718294
570	0.054271038	0.460649721	2.279589491	12.21719551	9.577480484	3.088627877	8.12100419	4.189489748	6.162492363	3.628948385	3.501414147	3.300146321
580	0.071314098	0.4148755	1.153330142	8.652592207	10.91882773	3.464099101	9.058681193	3.622890261	6.71775915	2.996165001	3.693245755	2.838428322
590	0.086506693	0.377039316	0.429300292	6.680224434	12.64025239	4.073689116	10.1761672	3.033096746	7.352697645	2.287004725	3.917848982	2.335215977
600	0.095074669	0.34261527	0.058248561	5.451361754	14.99506979	5.442384193	11.52107388	2.533100838	8.077300719	1.54574357	4.175423507	1.825568467
610	0.102814063	0.317067175	0.393700774	4.651335208	18.85262534	10.54587687	13.16065588	2.321399262	8.89438674	0.832177739	4.465353682	1.344557104
620	0.109183808	0.299005596	0.624748279	4.124324717	3.981780406	204.7536023	15.18611076	2.784657042	9.813565645	0.199915497	4.789996773	0.918737549
630	0.113934629	0.286967271	0.787158594	3.78462252	1.03330522	203.3601132	17.60355527	4.878864692	10.8328497	0.292888378	5.146616971	0.570500236
640	0.113415156	0.275847777	0.89328505	3.563318111	0.156005609	20.65527864	19.11358274	11.9269366	11.94084262	0.599586505	5.535099087	0.306759218
650	0.115259966	0.27174178	0.961248971	3.420741817	0.788437866	14.37875453	12.2760677	33.37352342	13.09878574	0.683427361	5.953839352	0.121777501
660	0.112627332	0.266254882	1.003591583	3.32636917	1.15616387	11.79446272	4.851424002	46.6294957	14.22008033	0.51641095	6.397396215	0.000102168
670	0.113945931	0.266397006	1.019208088	3.24640372	1.373271531	10.3415416	2.017383892	38.25931335	15.1472228	0.071076445	6.860549469	0.086931644
680	0.10874147	0.260433098	1.024205868	3.173050666	1.498220908	9.354450016	0.690678926	27.23232628	15.63985411	0.696490221	7.336229303	0.173841634
690	0.106039548	0.256398331	1.012718398	3.083056923	1.563471941	8.575397612	0.050283486	20.76985474	15.43777966	1.814719127	7.820185186	0.304024351
700	0.10345595	0.251170715	0.989769273	2.970291275	1.586606099	7.885186203	0.494493665	16.82492756	14.38212987	3.230171614	8.295389793	0.507180117
710	0.098626129	0.241924811	0.964143622	2.837535341	1.580535612	7.229277601	0.777835084	14.08150675	12.60550107	4.66502491	8.755050666	0.81929845
720	0.093376085	0.230295025	0.928811752	2.675641446	1.553600083	6.584344636	0.956459514	11.96238744	10.52463043	5.684946515	9.187329752	1.261151576
730	0.089788441	0.21840506	0.894008253	2.496311793	1.513142673	5.946000696	1.072457314	10.22015806	8.545462143	6.038181205	9.575430616	1.833970612
740	0.085908479	0.204525838	0.852607679	2.295928356	1.460773186	5.314986908	1.136291016	8.72160695	6.870661967	5.779969633	9.910360959	2.53040783
750	0.079795049	0.187082629	0.810649174	2.085710662	1.403133067	4.703025769	1.16550649	7.410859273	5.526903539	5.126596208	10.17928785	3.321253841
760	0.073931126	0.169017025	0.767614709	1.870873077	1.337508093	4.114459738	1.169321901	6.256810473	4.460449936	4.296735739	10.37340002	4.166161164
770	0.071049792	0.153555129	0.719810306	1.653418083	1.271798297	3.56472087	1.155573308	5.243588653	3.624402658	3.422911533	10.48856641	5.019095993
780	0.065071865	0.135091964	0.677087347	1.448485074	1.201930212	3.05574729	1.128864408	4.35992231	2.966974645	2.591469506	10.52309581	5.832270153
790	0.058869689	0.116932132	0.633331189	1.254178655	1.131803539	2.595745324	1.090512678	3.594633249	2.444551726	1.85033088	10.47199869	6.556567805
800	0.055562329	0.102546372	0.587138528	1.072240875	1.06066099	2.185949905	1.045947413	2.941892594	2.021392069	1.223509661	10.34129038	7.161614598
810	0.049097104	0.086131156	0.546630067	0.912752157	0.990429317	1.828091516	0.995679257	2.390779613	1.686890748	0.701446559	10.13999325	7.630044096
820	0.047495529	0.075857746	0.502699273	0.767279727	0.921081724	1.519878292	0.94233306	1.932046531	1.414206954	0.288065897	9.873696992	7.951623036
830	0.039950996	0.060959198	0.460057104	0.640176637	0.852233769	1.256945676	0.885184503	1.552521372	1.199668189	0.037621009	9.553553995	8.131692881
840	0.039622265	0.054547883	0.419419422	0.530869875	0.785036171	1.035165799	0.827365376	1.242595911	1.022222318	0.278807184	9.196798205	8.189788198
850	0.035655385	0.045643238	0.377144663	0.433747112	0.719742451	0.84866477	0.768064287	0.988720775	0.875579037	0.452717158	8.805758802	8.136259251
860	0.026738182	0.032757096	0.339390841	0.352585239	0.657743122	0.692352473	0.708997894	0.780374088	0.763897432	0.585319415	8.401961038	8.004615532
870	0.026756315	0.029572702	0.303154658	0.281841467	0.596728958	0.557567363	0.651096431	0.607219466	0.669860935	0.678698047	7.986840281	7.809826768
880	0.019569663	0.019744734	0.265531232	0.216184513	0.535067221	0.436913416	0.592457639	0.457552832	0.588207149	0.74415856	7.569649449	7.574648516
890	0.019427497	0.0173413	0.233772583	0.160775488	0.479092962	0.331930184	0.534141187	0.324524162	0.528199033	0.804079247	7.16039216	7.320899625
900	0.015084565	0.010979376	0.20043552	0.106618161	0.42372986	0.23404376	0.478567997	0.204860362	0.48809068	0.866039721	6.765489714	7.063885421
910	0.010728433	0.00476821	0.168214995	0.055517558	0.369184546	0.141456249	0.422833631	0.092398277	0.444774768	0.912404629	6.382699042	6.806471904
920	0.005426701	0.002233348	0.134900875	0.005123503	0.316164068	0.054456844	0.36812464	0.012471998	0.419627893	0.965924906	6.017624872	6.555057031
930	0.003668521	0.005472055	0.103633757	0.040809721	0.268438828	0.022049121	0.316522183	0.106110703	0.394815619	1.006640822	5.671114886	6.306907348
940	0.000772885	0.011038945	0.077863014	0.077507521	0.219855212	0.091626871	0.265770866	0.187092162	0.384865478	1.043567653	5.343283359	6.054456242
950	0.003284767	0.014124046	0.050499171	0.110104299	0.174912399	0.146023579	0.21759421	0.248297495	0.37561015	1.054598227	5.03828797	5.790629639
960	0.004611287	0.015224832	0.025208443	0.132525281	0.130563637	0.183617485	0.169036818	0.285995597	0.370587086	1.033332365	4.750042991	5.495469685
970	0.005494252	0.014804781	0.000402506	0.143648619	0.08933834	0.1966836	0.122853792	0.290007656	0.368485143	0.96741049	4.481263014	5.155940843
980	0.012386611	0.019026632	0.025471782	0.142218765	0.048609832	0.182460848	0.078734168	0.252958672	0.369287723	0.845351315	4.229077941	4.752578999
990	0.014658483	0.016981656	0.048261144	0.12138113	0.011441486	0.132701629	0.036726517	0.167365	0.373396785	0.656367178	3.995024317	4.270287754
1000	0.01869972	0.014810745	0.069267863	0.08002169	0.027252504	0.047827248	0.00278118	0.026112633	0.378423234	0.38777416	3.774796506	3.688929836

