 TITLE = "PR density_T" 

  VARIABLES = Temperature	PR_cp_01	NIST_cp_01	PR_cp_1	NIST_cp_1	PR_cp_3	NIST_cp_3	PR_cp_5	NIST_cp_5	PR_cp_7	NIST_cp_7	PR_cp_10	NIST_cp_10
220	0.770268656	0.78067	1.877297352	1.9589	1.834232465	1.9321	1.815533881	1.9202	1.806779136	1.9145	1.790329297	1.9039
230	0.780979879	0.78795	1.972854098	1.9959	1.912071492	1.9586	1.886545773	1.9425	1.874762367	1.9349	1.852899039	1.9208
240	0.791579281	0.79617	0.894698777	0.99915	2.008351441	2.0011	1.972181497	1.9785	1.955807452	1.9681	1.925937191	1.9488
250	0.802050741	0.80501	0.892013279	0.96579	2.134164481	2.0663	2.08017377	2.033	2.05641711	2.0181	2.014096611	1.991
260	0.812382507	0.81424	0.891769694	0.94495	2.311576436	2.1678	2.224518547	2.1152	2.187878499	2.0925	2.124863367	2.0524
270	0.822566117	0.82371	0.893273992	0.93235	2.593290981	2.3377	2.434032878	2.2439	2.372035519	2.206	2.271250296	2.1425
280	0.832595618	0.8333	0.896059049	0.92518	3.154082155	2.6797	2.781184846	2.4674	2.6584608	2.3931	2.47829439	2.2798
290	0.842466992	0.84293	0.899798692	0.92172	2.034940621	2.5783	3.530657755	2.9683	3.193888555	2.7633	2.801495757	2.5108
300	0.852177719	0.85253	0.90425829	0.92089	1.596860061	1.8025	8.099642285	5.9775	4.754343157	3.932	3.392536276	2.9906
310	0.861726456	0.86207	0.909264874	0.92192	1.411249577	1.5246	2.741205069	3.0512	8.493830518	9.5864	4.795820399	4.446
320	0.871112781	0.87151	0.9146883	0.92433	1.307807666	1.3786	1.922147923	2.0539	2.679999243	2.875	6.059602071	7.6175
330	0.880337004	0.88083	0.920428951	0.92777	1.242425751	1.289	1.624448274	1.6992	1.963395313	2.0594	3.244066525	3.5312
340	0.88940001	0.89001	0.926409466	0.932	1.198065599	1.2294	1.467897926	1.5144	1.671073348	1.7274	2.290676194	2.4017
350	0.898303144	0.89903	0.932569021	0.93681	1.166631634	1.1875	1.371563423	1.4012	1.511255667	1.5463	1.888844919	1.948
360	0.907048113	0.9079	0.938859296	0.94206	1.143743885	1.1573	1.306900654	1.3254	1.410919189	1.4326	1.671739739	1.7065
370	0.915636906	0.91661	0.945241563	0.94763	1.126809779	1.1349	1.261085374	1.2718	1.342678842	1.3552	1.537132541	1.5574
380	0.924071738	0.92515	0.951684552	0.95345	1.114189742	1.1182	1.227443903	1.2325	1.293828912	1.2998	1.446370527	1.457
390	0.932354998	0.93352	0.958162862	0.95944	1.1047928	1.1058	1.202138721	1.203	1.257627344	1.2588	1.381693112	1.3856
400	0.940489204	0.94173	0.964655754	0.96555	1.097863151	1.0965	1.182797018	1.1805	1.230147158	1.2277	1.333800562	1.3327
410	0.948476972	0.94978	0.971146232	0.97174	1.092859752	1.0898	1.16786822	1.1632	1.208938316	1.2038	1.297347927	1.2927
420	0.956320989	0.95767	0.977620327	0.97798	1.089384646	1.085	1.156293934	1.1499	1.192389249	1.1852	1.269041505	1.2616
430	0.964023987	0.9654	0.984066536	0.98423	1.087138366	1.0818	1.147325805	1.1396	1.179394463	1.1708	1.246738866	1.2373
440	0.971588722	0.97298	0.99047538	0.99049	1.085891134	1.0798	1.140419087	1.1317	1.169169292	1.1594	1.228984999	1.2181
450	0.979017962	0.98041	0.99683905	0.99673	1.085463672	1.0788	1.135167444	1.1258	1.161140796	1.1506	1.214756328	1.2028
460	0.986314471	0.9877	1.003151121	1.0029	1.085714049	1.0787	1.131261433	1.1214	1.154880541	1.1438	1.203311403	1.1906
470	0.993480996	0.99484	1.009406323	1.0091	1.086528464	1.0792	1.128461148	1.1183	1.150061564	1.1386	1.194099704	1.1809
480	1.000520256	1.0018	1.015600346	1.0152	1.08781464	1.0804	1.126577689	1.1162	1.146429925	1.1348	1.186703761	1.1732
490	1.007434937	1.0087	1.021729691	1.0213	1.089497003	1.082	1.125460284	1.115	1.143785356	1.1321	1.180801168	1.1671
500	1.014227684	1.0154	1.027791537	1.0273	1.091513103	1.084	1.124987138	1.1145	1.141967785	1.1302	1.17613895	1.1624
510	1.020901089	1.022	1.033783633	1.0332	1.093810929	1.0863	1.12505881	1.1147	1.140847735	1.1292	1.172515811	1.1588
520	1.027457694	1.0285	1.03970421	1.0391	1.096346847	1.0889	1.125593336	1.1153	1.140319367	1.1288	1.169769586	1.1562
530	1.033899979	1.0349	1.045551905	1.0449	1.09908401	1.0917	1.126522572	1.1164	1.140295335	1.129	1.167768182	1.1544
540	1.040230363	1.0411	1.051325695	1.0506	1.101991125	1.0948	1.127789428	1.1178	1.140702942	1.1296	1.166402933	1.1533
550	1.046451197	1.0472	1.057024844	1.0563	1.105041464	1.0979	1.129345734	1.1196	1.141481211	1.1306	1.165583639	1.1527
560	1.052564763	1.0533	1.062648855	1.0618	1.10821209	1.1012	1.131150587	1.1216	1.142578631	1.1319	1.165234827	1.1527
570	1.058573268	1.0592	1.068197431	1.0673	1.111483224	1.1046	1.133169049	1.1239	1.143951414	1.1335	1.165292873	1.153
580	1.064478847	1.065	1.07367044	1.0727	1.114837739	1.1081	1.135371112	1.1263	1.145562109	1.1354	1.165703782	1.1538
590	1.070283556	1.0706	1.079067887	1.078	1.118260745	1.1117	1.137730876	1.1289	1.14737851	1.1375	1.166421443	1.1548
600	1.075989371	1.0762	1.084389884	1.0833	1.121739245	1.1153	1.140225877	1.1316	1.149372782	1.1398	1.167406252	1.1561
610	1.08159819	1.0817	1.089636632	1.0885	1.125261854	1.119	1.142836546	1.1344	1.151520751	1.1422	1.168624011	1.1576
620	1.087111826	1.0871	1.0948084	1.0936	1.128818562	1.1227	1.145545765	1.1373	1.153801329	1.1447	1.170045042	1.1594
630	1.092532008	1.0924	1.099905506	1.0986	1.132400538	1.1264	1.148338497	1.1403	1.156196037	1.1473	1.171643467	1.1613
640	1.097860383	1.0976	1.104928305	1.1035	1.135999966	1.1301	1.151201483	1.1434	1.158688623	1.1501	1.173396622	1.1633
650	1.10309851	1.1027	1.109877173	1.1084	1.139609898	1.1338	1.154122986	1.1465	1.161264728	1.1529	1.175284572	1.1655
660	1.108247862	1.1077	1.114752497	1.1132	1.143224142	1.1375	1.15709258	1.1497	1.163911624	1.1557	1.177289711	1.1678
670	1.113309823	1.1126	1.119554664	1.1179	1.146837155	1.1412	1.160100965	1.1529	1.166617982	1.1587	1.179396427	1.1702
680	1.118285691	1.1175	1.124284052	1.1225	1.150443956	1.1449	1.163139819	1.1561	1.169373682	1.1616	1.181590824	1.1726
690	1.123176672	1.1222	1.128941021	1.1271	1.154040053	1.1486	1.166201662	1.1593	1.172169648	1.1646	1.183860485	1.1751
700	1.127983885	1.1269	1.133525909	1.1315	1.157621376	1.1523	1.16927975	1.1625	1.174997711	1.1676	1.186194276	1.1777
710	1.132708357	1.1314	1.138039019	1.136	1.16118422	1.1559	1.172367974	1.1657	1.177850489	1.1706	1.188582168	1.1803
720	1.137351026	1.136	1.142480621	1.1403	1.164725197	1.1595	1.175460781	1.169	1.180721286	1.1737	1.191015103	1.1829
730	1.141912736	1.1404	1.14685094	1.1446	1.168241191	1.1631	1.178553097	1.1722	1.183604002	1.1767	1.193484861	1.1856
740	1.146394242	1.1447	1.151150158	1.1488	1.171729322	1.1666	1.181640272	1.1754	1.18649306	1.1797	1.195983957	1.1883
750	1.150796206	1.149	1.155378402	1.1529	1.175186912	1.1701	1.18471802	1.1786	1.189383335	1.1828	1.198505547	1.191
760	1.155119198	1.1532	1.159535746	1.157	1.178611458	1.1736	1.187782372	1.1817	1.192270097	1.1858	1.201043348	1.1937
770	1.159363696	1.1573	1.163622207	1.161	1.182000602	1.177	1.190829637	1.1849	1.195148965	1.1888	1.203591568	1.1965
780	1.163530083	1.1613	1.16763774	1.1649	1.185352109	1.1804	1.193856361	1.188	1.198015856	1.1918	1.206144845	1.1992
790	1.167618652	1.1653	1.171582234	1.1687	1.188663852	1.1838	1.196859298	1.1911	1.200866951	1.1947	1.208698193	1.2019
800	1.171629599	1.1692	1.175455515	1.1725	1.191933785	1.1871	1.19983538	1.1942	1.203698654	1.1977	1.211246956	1.2046
