 TITLE = "PR density_T" 

  VARIABLES = Temperature	PR_cp_01	NIST_cp_01	PR_cp_1	NIST_cp_1	PR_cp_3	NIST_cp_3	PR_cp_5	NIST_cp_5	PR_cp_7	NIST_cp_7	PR_cp_10	NIST_cp_10
300	1.862048368	2.1994	1.860410336	2.1985	1.858653412	2.1976	1.856959238	2.1967	1.853745322	2.1951	1.846592059	2.1914
310	1.910735502	2.2372	1.908916148	2.2362	1.906969063	2.2352	1.905095703	2.2342	1.901552954	2.2323	1.893718331	2.2281
320	1.959452449	2.2759	1.957428742	2.2748	1.955268178	2.2736	1.953194442	2.2725	1.949285976	2.2703	1.940701951	2.2657
330	2.008219782	2.3154	2.005964962	2.3142	2.003563985	2.3129	2.001265553	2.3116	1.996949393	2.3092	1.98753986	2.3039
340	2.057062844	2.3557	2.054545661	2.3543	2.051873027	2.3528	2.04932187	2.3513	2.044550081	2.3486	2.034229738	2.3428
350	2.106012562	2.3965	2.103196317	2.3949	2.100215601	2.3932	2.097379277	2.3916	2.092096932	2.3886	2.080769968	2.3821
360	2.155106475	2.4378	2.151947816	2.436	2.148616324	2.4341	2.145457114	2.4323	2.139601035	2.4289	2.1271596	2.4217
370	2.204390059	2.4795	2.200837431	2.4775	2.197104842	2.4753	2.193578667	2.4733	2.187075898	2.4695	2.173398316	2.4615
380	2.253918419	2.5216	2.249910084	2.5193	2.24571671	2.5169	2.241771788	2.5146	2.234537722	2.5103	2.219486395	2.5014
390	2.303758504	2.5639	2.299219939	2.5613	2.294494507	2.5586	2.290069653	2.556	2.282005728	2.5513	2.265424668	2.5414
400	2.353991999	2.6065	2.348832474	2.6036	2.34348924	2.6005	2.338511706	2.5976	2.329502544	2.5923	2.311214477	2.5813
410	2.404719178	2.6494	2.398827168	2.646	2.392762139	2.6426	2.387144838	2.6393	2.377054671	2.6333	2.356857606	2.6212
420	2.456064103	2.6925	2.449301049	2.6887	2.442386964	2.6847	2.436024867	2.681	2.424693043	2.6743	2.402356201	2.6608
430	2.508181746	2.736	2.500373438	2.7316	2.492453007	2.727	2.485218413	2.7228	2.47245368	2.7153	2.447712675	2.7003
440	2.561267966	2.7798	2.552192392	2.7747	2.543069039	2.7695	2.534805286	2.7647	2.520378485	2.7562	2.49292956	2.7395
450	2.32412787	2.3544	2.604943608	2.8181	2.594368591	2.8121	2.584881576	2.8066	2.56851618	2.7969	2.538009338	2.7784
460	2.361904476	2.3903	2.658862994	2.862	2.646517099	2.855	2.635563672	2.8486	2.616923431	2.8376	2.582954209	2.817
470	2.399335208	2.4263	2.714254814	2.9064	2.699721779	2.8982	2.686993586	2.8908	2.66566619	2.8783	2.627765788	2.8552
480	2.436404564	2.4622	2.771518608	2.9516	2.754245523	2.9419	2.739346067	2.9333	2.714821298	2.9188	2.672444723	2.893
490	2.473098431	2.4979	2.831190365	2.9978	2.810426909	2.9862	2.792838296	2.9761	2.764478389	2.9594	2.716990201	2.9305
500	2.509403829	2.5333	2.89400786	3.0456	2.868709781	3.0314	2.847743292	3.0194	2.814742141	3	2.761399322	2.9675
510	2.545308709	2.5685	2.961018901	3.0953	2.929688302	3.0779	2.904408844	3.0634	2.865734909	3.0407	2.805666309	3.004
520	2.580801793	2.6032	3.033770393	3.148	2.99417802	3.1261	2.963284806	3.1084	2.917599753	3.0815	2.849781521	3.0401
530	2.615872448	2.6375	3.114660866	3.2051	3.063332765	3.1766	3.024963438	3.1547	2.97050379	3.1226	2.893730226	3.0758
540	2.650510582	2.6714	3.207655	3.2686	3.138846818	3.2306	3.090240718	3.2028	3.024641684	3.1641	2.937491106	3.1109
550	2.684706561	2.7048	3.319901826	3.3427	3.223326905	3.2894	3.160212527	3.2533	3.080238801	3.206	2.981034452	3.1455
560	2.718451139	2.7377	3.466017514	3.4354	3.321032463	3.3556	3.236431147	3.3071	3.137553022	3.2486	3.024320024	3.1795
570	2.751735402	2.77	2.946058579	3.1731	3.439507996	3.4336	3.321170861	3.3656	3.196873153	3.292	3.06729458	3.213
580	2.78455072	2.8019	2.947922169	3.1204	3.5937296	3.5321	3.417901052	3.4309	3.258509952	3.3363	3.10988911	3.2458
590	2.816888709	2.8332	2.957682065	3.0961	3.819105194	3.6717	3.532176479	3.5061	3.322772093	3.3817	3.152015878	3.2779
600	2.848741199	2.864	2.972261918	3.0871	4.229865782	3.92	3.673413377	3.5969	3.3899129	3.4283	3.193565473	3.3093
610	2.880100203	2.8943	2.989942898	3.0873	5.657794282	4.7962	3.858602973	3.7146	3.460022597	3.4764	3.234404183	3.34
620	2.910957898	2.9241	3.009681136	3.0935	8.170621086	4.9828	4.11974045	3.8854	3.532824713	3.5261	3.274372188	3.3698
630	2.941306598	2.9533	3.030801778	3.1036	3.969831678	3.9602	4.508359457	4.1881	3.607320056	3.5779	3.313283218	3.3987
640	2.971138745	2.982	3.052846664	3.1166	3.604787987	3.6678	4.958025142	4.9361	3.681236593	3.6323	3.35092647	3.4268
650	3.00044689	3.0102	3.075492198	3.1316	3.463673171	3.5331	4.787107798	5.7859	3.750371299	3.6908	3.387071629	3.454
660	3.029223678	3.0379	3.098502203	3.1481	3.39502408	3.4605	4.226002948	4.7086	3.808280333	3.7553	3.421477704	3.4804
670	3.057461844	3.0651	3.121699424	3.1657	3.359516626	3.4189	3.883514936	4.1643	3.847304429	3.8284	3.453905955	3.506
680	3.085154196	3.0918	3.144947586	3.184	3.341995178	3.3953	3.700535877	3.903	3.861689997	3.9106	3.484136477	3.5309
690	3.112293612	3.1181	3.168139674	3.2028	3.335285154	3.3829	3.597683915	3.7576	3.851349815	3.9955	3.511986999	3.5551
700	3.138873029	3.1438	3.191190046	3.2221	3.335519974	3.378	3.537324926	3.6695	3.822611919	4.0613	3.537331459	3.5788
710	3.16488544	3.1691	3.214028986	3.2416	3.340419015	3.3784	3.501467702	3.6136	3.784776462	4.0785	3.5601152	3.6021
720	3.190323888	3.1939	3.236598852	3.2613	3.348544051	3.3825	3.480756893	3.5775	3.745885044	4.0416	3.580363744	3.6249
730	3.215181457	3.2183	3.258851303	3.2811	3.35893986	3.3895	3.469921973	3.5546	3.710848192	3.9764	3.598182974	3.6474
740	3.239451272	3.2423	3.280745258	3.3008	3.370945139	3.3985	3.465788425	3.5406	3.68177526	3.9093	3.613750332	3.6694
750	3.263126496	3.2658	3.302245372	3.3206	3.384086172	3.4091	3.466336619	3.5331	3.659029796	3.852	3.62729849	3.6909
760	3.286200321	3.2889	3.323320892	3.3403	3.39801374	3.421	3.470222427	3.5303	3.642122166	3.8067	3.639094499	3.7117
770	3.308665971	3.3116	3.343944766	3.3599	3.412464004	3.4338	3.47651702	3.5311	3.630248892	3.7724	3.649417973	3.7316
780	3.330516695	3.3339	3.364092961	3.3793	3.427233321	3.4473	3.484557836	3.5346	3.622562686	3.7469	3.658541517	3.7504
790	3.351745769	3.3558	3.383743928	3.3986	3.442161524	3.4614	3.4938592	3.5402	3.61828692	3.7286	3.66671552	3.7679
800	3.372346488	3.3773	3.402878173	3.4177	3.457120494	3.4759	3.504056593	3.5476	3.616752303	3.7159	3.674158214	3.7839
810	3.392312169	3.3985	3.421477915	3.4367	3.472006185	3.4907	3.514870691	3.5562	3.617398804	3.7077	3.68105076	3.7983
820	3.411636147	3.4192	3.439526818	3.4554	3.486732912	3.5058	3.526083478	3.5659	3.619764128	3.703	3.687536464	3.8109
830	3.430311776	3.4397	3.457009759	3.474	3.501229213	3.521	3.53752195	3.5764	3.623468534	3.7013	3.693722937	3.8218
840	3.448332421	3.4597	3.473912654	3.4923	3.515434775	3.5364	3.54904676	3.5876	3.628200083	3.7018	3.699686045	3.8311
850	3.465691467	3.4795	3.490222302	3.5104	3.529298134	3.5518	3.560544122	3.5993	3.633701773	3.7043	3.705474673	3.8391
860	3.482382307	3.4989	3.50592626	3.5283	3.542774923	3.5673	3.571919951	3.6115	3.639760872	3.7083	3.711115647	3.8459
870	3.49839835	3.518	3.521012743	3.546	3.555826517	3.5827	3.58309554	3.624	3.646200275	3.7136	3.716618343	3.8519
880	3.513733014	3.5367	3.535470532	3.5635	3.568418984	3.5981	3.594004329	3.6367	3.652871613	3.72	3.72197877	3.8572
890	3.528379727	3.5552	3.549288903	3.5807	3.580522258	3.6134	3.604589451	3.6497	3.659649757	3.7272	3.727183021	3.8622
900	3.542331928	3.5733	3.562457566	3.5977	3.592109478	3.6287	3.61480186	3.6628	3.66642847	3.7352	3.7322101	3.867
910	3.555583064	3.5912	3.574966607	3.6145	3.60315646	3.6439	3.624598866	3.676	3.673116937	3.7438	3.737034164	3.8719
920	3.568126591	3.6087	3.586806446	3.631	3.613641274	3.659	3.633942993	3.6892	3.679637002	3.7529	3.74162628	3.8768
930	3.579955971	3.626	3.597967799	3.6474	3.623543895	3.6739	3.642801074	3.7025	3.685920956	3.7624	3.745955742	3.8819
940	3.591064673	3.643	3.608441641	3.6635	3.632845916	3.6888	3.65114353	3.7159	3.691909755	3.7723	3.749991071	3.8873
950	3.601446175	3.6597	3.618219178	3.6794	3.641530317	3.7035	3.658943782	3.7292	3.697551582	3.7825	3.753700729	3.893
960	3.611093958	3.6762	3.627291825	3.695	3.649581266	3.718	3.666177787	3.7425	3.702800675	3.7929	3.757053629	3.899
970	3.620001511	3.6924	3.635651179	3.7105	3.656983961	3.7325	3.672823644	3.7557	3.707616374	3.8035	3.760019487	3.9052
980	3.628162327	3.7083	3.643289002	3.7257	3.663724488	3.7468	3.678861284	3.7689	3.711962336	3.8142	3.762569045	3.9118
990	3.635569903	3.724	3.650197206	3.7408	3.669789709	3.7609	3.684272202	3.782	3.71580589	3.8251	3.764674211	3.9187
1000	3.642217743	3.7395	3.656367835	3.7556	3.675167163	3.7749	3.689039241	3.795	3.719117497	3.836	3.766308129	3.9258
