 TITLE = "PR density_T" 

  VARIABLES = Temperature	PR_cp_01	NIST_cp_01	PR_cp_1	NIST_cp_1	PR_cp_3	NIST_cp_3	PR_cp_5	NIST_cp_5	PR_cp_7	NIST_cp_7	PR_cp_10	NIST_cp_10
220	233.4298945	233.45	765.178506	953.55	793.2539568	976.23	806.8352863	987.18	813.5236285	992.56	826.7099422	1003.1
230	238.2970776	238.38	698.4982983	879.82	728.506433	906.23	742.8799752	918.81	749.9287987	924.97	763.7735405	937.02
240	243.0367683	243.15	229.1977758	228.46	666.4552602	835.35	681.8891145	849.99	689.4133819	857.09	704.1157297	870.91
250	247.6596248	247.79	235.4014314	235.08	606.2772968	762.21	623.1716609	779.62	631.3364646	787.97	647.1730409	804.05
260	252.1748745	252.31	241.2640575	241.19	546.928753	684.39	565.9362645	706.11	574.9962633	716.27	592.3746683	735.5
270	256.5905678	256.72	246.8406117	246.91	486.8030263	597.75	509.1365165	627.14	519.5250285	640.22	539.0937533	664.15
280	260.9137775	261.03	252.1729718	252.33	422.5960531	495.52	451.081758	539.49	463.6554881	557.45	486.564242	588.67
290	265.1507571	265.25	257.2938813	257.48	216.3274006	207.56	388.0597436	435.61	405.0451648	462.96	433.7145064	506.63
300	269.3070671	269.39	262.2294889	262.43	228.1987862	223.25	302.8386937	281.1	337.1936872	343.66	378.7871551	414.28
310	273.3876781	273.46	267.0010491	267.2	237.9850638	234.66	226.1033633	212.29	230.953111	194.28	318.6298929	307.04
320	277.3970547	277.45	271.6260987	271.8	246.5286828	244.08	236.6383797	228.16	234.8146236	219.8	260.7804023	219.14
330	281.3392247	281.37	276.1192956	276.28	254.2129369	252.3	245.9099642	239.8	243.7036099	233.83	249.3276966	225.91
340	285.2178368	285.24	280.4930296	280.62	261.2549336	259.68	254.2117441	249.45	252.1370549	244.79	253.5130243	238.14
350	289.0362089	289.04	284.7578775	284.86	267.7930082	266.45	261.7762972	257.89	259.9303873	254.1	259.9774106	248.62
360	292.7973687	292.79	288.9229477	289	273.9221606	272.74	268.7612694	265.47	267.1549007	262.32	266.7455054	257.77
370	296.504088	296.49	292.9961462	293.05	279.7111322	278.64	275.2768986	272.42	273.897736	269.78	273.3705282	265.97
380	300.1589127	300.13	296.9843833	297.02	285.2116276	284.23	281.4033685	278.88	280.2330911	276.65	279.7376417	273.47
390	303.7641871	303.73	300.8937383	300.91	290.4637181	289.55	287.2010179	284.94	286.2207198	283.05	285.8268565	280.4
400	307.3220767	307.28	304.7295905	304.72	295.4992087	294.63	292.7165397	290.66	291.9084946	289.07	291.6485088	286.88
410	310.8345861	310.79	308.496725	308.47	300.3438395	299.52	297.9869104	296.11	297.3350716	294.76	297.2222926	292.99
420	314.3035762	314.25	312.1994196	312.16	305.0187838	304.24	303.0419789	301.31	302.5320188	300.19	302.5697731	298.77
430	317.7307778	317.68	315.8415159	315.79	309.5416989	308.79	307.9062338	306.3	307.5254197	305.37	307.7116498	304.28
440	321.1178045	321.06	319.426478	319.37	313.9274854	313.21	312.6000454	311.11	312.3370669	310.36	312.6668317	309.55
450	324.4661639	324.41	322.9574423	322.89	318.1888466	317.5	317.1405616	315.75	316.9853553	315.15	317.4522321	314.6
460	327.777267	327.72	326.4372585	326.37	322.3367109	321.68	321.5423678	320.24	321.4859569	319.79	322.0828461	319.48
470	331.052437	330.99	329.8685249	329.79	326.380555	325.75	325.8179841	324.61	325.8523364	324.28	326.5719297	324.18
480	334.292917	334.24	333.2536182	333.18	330.3286551	329.73	329.9782449	328.85	330.0961503	328.64	330.9312025	328.74
490	337.499877	337.44	336.5947188	336.52	334.1882856	333.62	334.0325942	332.98	334.2275596	332.88	335.1710444	333.16
500	340.6744197	340.62	339.8938332	339.81	337.9658774	337.43	337.989317	337.01	338.2554773	337	339.3006723	337.45
510	343.8175864	343.77	343.1528122	343.07	341.6671458	341.16	341.8557253	340.94	342.1877662	341.03	343.3282954	341.63
520	346.9303616	346.88	346.3733683	346.3	345.2971945	344.82	345.6383061	344.79	346.0313992	344.97	347.2612494	345.71
530	350.0136777	349.97	349.557089	349.48	348.8606012	348.42	349.3428434	348.56	349.7925899	348.81	351.1061103	349.69
540	353.0684187	353.03	352.7054501	352.64	352.3614891	351.95	352.974517	352.26	353.4768994	352.58	354.868793	353.58
550	356.0954245	356.06	355.8198261	355.76	355.8035855	355.43	356.5379852	355.89	357.089326	356.28	358.5546341	357.39
560	359.0954935	359.06	358.9015003	358.84	359.1902723	358.85	360.0374535	359.45	360.6343784	359.9	362.1684633	361.12
570	362.069386	362.04	361.9516732	361.9	362.5246279	362.22	363.4767319	362.95	364.1161389	363.46	365.7146649	364.78
580	365.0178269	364.99	364.9714699	364.93	365.809463	365.54	366.8592837	366.39	367.5383155	366.96	369.1972296	368.37
590	367.9415082	367.92	367.9619471	367.93	369.0473518	368.81	370.1882672	369.78	370.9042869	370.4	372.6198	371.9
600	370.8410913	370.83	370.9240991	370.9	372.2406582	372.04	373.4665706	373.12	374.217141	373.78	375.9857095	375.37
610	373.7172091	373.71	373.8588629	373.84	375.3915584	375.23	376.6968428	376.41	377.4797072	377.12	379.2980161	378.78
620	376.5704679	376.57	376.7671233	376.76	378.5020613	378.38	379.8815193	379.65	380.6945855	380.4	382.5595319	382.13
630	379.4014494	379.4	379.649717	379.65	381.5740254	381.48	383.0228454	382.85	383.8641705	383.64	385.7728488	385.44
640	382.2107119	382.22	382.5074369	382.51	384.6091742	384.56	386.1228954	386	386.9906732	386.83	388.9403609	388.7
650	384.9987924	385.01	385.3410349	385.36	387.6091092	387.59	389.1835905	389.12	390.0761395	389.98	392.0642844	391.91
660	387.7662074	387.79	388.1512261	388.18	390.575322	390.6	392.2067139	392.2	393.1224668	393.1	395.1466747	395.08
670	390.5134548	390.54	390.9386906	390.98	393.5092043	393.57	395.1939236	395.24	396.1314182	396.17	398.189442	398.21
680	393.2410146	393.27	393.704077	393.75	396.4120576	396.51	398.1467652	398.25	399.1046357	399.21	401.1943649	401.3
690	395.9493503	395.99	396.4480044	396.51	399.2851007	399.42	401.0666815	401.22	402.043651	402.21	404.1631028	404.35
700	398.63891	398.68	399.1710645	399.24	402.1294776	402.3	403.9550225	404.16	404.949896	405.18	407.0972058	407.36
710	401.3101271	401.36	401.873824	401.95	404.9462639	405.15	406.8130531	407.07	407.8247113	408.11	409.9981254	410.34
720	403.9634215	404.02	404.5568259	404.65	407.7364723	407.98	409.6419611	409.95	410.6693548	411.01	412.8672224	413.28
730	406.5992001	406.66	407.2205916	407.32	410.5010584	410.78	412.4428634	412.8	413.4850083	413.89	415.705775	416.2
740	409.2178582	409.28	409.8656224	409.97	413.240925	413.55	415.2168124	415.63	416.2727843	416.73	418.5149856	419.08
750	411.8197795	411.89	412.4924007	412.61	415.9569268	416.31	417.9648008	418.43	419.0337314	419.55	421.295987	421.93
760	414.4053372	414.48	415.1013915	415.23	418.649874	419.03	420.6877673	421.2	421.7688403	422.34	424.0498485	424.76
770	416.9748949	417.05	417.6930436	417.83	421.3205359	421.74	423.3866001	423.94	424.4790475	425.11	426.7775803	427.55
780	419.5288066	419.61	420.2677907	420.42	423.969644	424.42	426.0621416	426.67	427.1652405	427.85	429.480139	430.32
790	422.067418	422.16	422.8260523	422.99	426.5978952	427.08	428.7151917	429.37	429.8282612	430.56	432.158431	433.07
800	424.5910662	424.68	425.368235	425.54	429.2059541	429.72	431.346511	432.04	432.4689095	433.26	434.8133173	435.79
